1732901313811
1732901353662
1732901353666
1732901353666
1732901353669
1732901353737
1732901353753
1732901353761
1732901353795
1732901353935
1732901354182
1732901354203
1732901354289
1732901354390
1732901354409
1732901354506
1732901354591
1732901354863
1732901355010
1732901355094
1732901355382
1732901355545
1732901355636
1732901355719
1732901355820
1732901356087
1732901356216
1732901356303
1732901356533
1732901356724
1732901356958
1732901357373
1732901357569
1732901357667
1732901357747
1732901357953
1732901358019
1732901358068
1732901358134
1732901358496
1732901358653
1732901358674
1732901358761
1732901359022
1732901359078
1732901359169
1732901359221
1732901359386
1732901359515
1732901359574
1732901359742
1732901359918
1732901360032
1732901360051
1732901360153
1732901360360
1732901360524
1732901360612
1732901360812
1732901361056
1732901361156
1732901361228
1732901361499
1732901361652
1732901361713
1732901361789
1732901361951
1732901362019
1732901362076
1732901362142
1732901362283
1732901362342
1732901362397
1732901362510
1732901362608
1732901362648
1732901362688
1732901362726
1732901362861
1732901362938
1732901362988
1732901363152
1732901363316
1732901363393
1732901363510
1732901363526
1732901363670
1732901363789
1732901363797
1732901363884
1732901364003
1732901364074
1732901364426
1732901364504
1732901364590
1732901364705
1732901364755
1732901364826
1732901364892
1732901365013
1732901365120
1732901365164
1732901365287
1732901365465
1732901365522
1732901365572
1732901365631
1732901365803
1732901365980
1732901365986
1732901366106
1732901366300
1732901366361
1732901366434
1732901366503
1732901366639
1732901366739
1732901366799
1732901366961
1732901367092
1732901367159
1732901367248
1732901367529
1732901367601
1732901367695
1732901367774
1732901367880
1732901367936
1732901367986
1732901368039
1732901368243
1732901368299
1732901368368
1732901368532
1732901368633
1732901368690
1732901368757
1732901368774
1732901368964
1732901369087
1732901369159
1732901369263
1732901369461
1732901369541
1732901369569
1732901369651
1732901369816
1732901369962
1732901370010
1732901370176
1732901370346
1732901370393
1732901370768
1732901370939
1732901371003
1732901371128
1732901371306
1732901371360
1732901371429
1732901371483
1732901371697
1732901371816
1732901371906
1732901372081
1732901372206
1732901372270
1732901372341
1732901372392
1732901372579
1732901372699
1732901372776
1732901372896
1732901373095
1732901373202
1732901373281
1732901373362
1732901373593
1732901373656
1732901373725
1732901373849
1732901374039
1732901374098
1732901374600
1732901374677
1732901374821
1732901374997
1732901375054
1732901375136
1732901375207
1732901375393
1732901375527
1732901375595
1732901375750
1732901375917
1732901375992
1732901376060
1732901376144
1732901376308
1732901376439
1732901376495
1732901376617
1732901376809
1732901376895
1732901376961
1732901377061
1732901377298
1732901377446
1732901377506
1732901377657
1732901377817
1732901377884
1732901377949
