1732908265712
1732908278942
1732908279124
1732908279225
1732908279369
1732908279623
1732908279655
1732908279743
1732908279819
1732908280132
1732908280207
1732908280261
1732908280352
1732908280517
1732908280619
1732908280696
1732908280802
1732908281111
1732908281202
1732908281374
1732908281634
1732908282027
1732908282076
1732908282180
1732908282281
1732908282494
1732908282658
1732908282697
1732908282894
1732908283084
1732908283214
1732908283243
1732908283298
1732908283423
1732908283566
1732908283608
1732908283691
1732908283956
1732908283995
1732908284063
1732908284082
1732908284243
1732908284344
1732908284376
1732908284498
1732908284672
1732908284731
1732908284775
1732908284897
1732908285166
1732908285298
1732908285402
1732908285484
1732908285654
1732908285728
1732908285783
1732908285839
1732908286099
1732908286309
1732908286406
1732908286609
1732908286808
1732908286948
1732908286994
1732908287071
1732908287378
1732908287676
1732908287726
1732908287914
1732908288113
1732908288151
1732908288195
1732908288251
1732908288404
1732908288512
1732908288562
1732908288680
1732908288872
1732908288910
1732908288961
1732908289002
1732908289162
1732908289336
1732908289417
1732908289524
1732908289735
1732908289796
1732908289902
1732908289971
1732908290106
1732908290187
1732908290224
1732908290322
1732908290421
1732908290496
1732908290515
1732908290569
1732908290726
1732908290833
1732908290855
1732908290933
1732908291042
1732908291080
1732908291131
1732908291169
1732908291256
1732908291356
1732908291402
1732908291481
1732908291586
1732908291594
1732908291629
1732908291663
1732908291799
1732908291856
1732908291893
1732908291974
1732908292097
1732908292132
1732908292234
1732908292253
1732908292396
1732908292477
1732908292503
1732908292651
1732908292875
1732908292924
1732908293008
1732908293158
1732908293319
1732908293548
1732908293589
1732908293700
1732908293850
1732908293873
1732908293908
1732908293957
1732908294106
1732908294181
1732908294220
1732908294343
1732908294524
1732908294583
1732908294631
1732908294678
1732908294826
1732908294912
1732908294986
1732908295046
1732908295150
1732908295192
1732908295235
1732908295267
1732908295401
1732908295476
1732908295518
1732908295647
1732908295803
1732908295848
1732908295877
1732908295941
1732908296042
1732908296121
1732908296186
1732908296279
1732908296434
1732908296463
1732908296497
1732908296543
1732908296682
1732908296777
1732908296826
1732908296911
1732908297063
1732908297072
1732908297107
1732908297143
1732908297261
1732908297339
1732908297371
1732908297446
1732908297554
1732908297596
1732908297629
1732908297672
1732908297808
1732908297884
1732908297932
1732908298014
1732908298143
1732908298170
1732908298202
1732908298244
1732908298400
1732908298492
1732908298502
1732908298606
1732908298742
1732908298786
1732908298851
1732908298884
1732908298967
1732908299037
1732908299067
1732908299152
1732908299248
1732908299276
1732908299308
1732908299345
1732908299487
1732908299552
1732908299582
1732908299643
1732908299768
1732908299794
1732908299829
1732908299866
1732908299978
1732908300063
1732908300113
1732908300178
1732908300275
1732908300315
1732908300346
1732908300385
1732908300499
1732908300596
1732908300645
1732908300702
1732908300911
1732908300919
1732908300959
1732908301087
1732908301202
1732908301275
1732908301307
1732908301381
1732908301471
1732908301544
1732908301565
1732908301588
1732908301690
1732908301765
1732908301800
1732908301889
1732908301968
1732908302010
1732908302039
1732908302086
1732908302195
1732908302256
1732908302301
1732908302367
1732908302461
1732908302494
1732908302540
1732908302597
1732908302697
1732908302755
1732908302795
1732908302873
1732908302978
1732908303016
1732908303066
1732908303088
1732908303210
1732908303266
1732908303299
1732908303379
1732908303481
1732908303512
1732908303543
1732908303595
1732908303716
1732908303803
1732908303814
1732908303909
1732908304010
1732908304044
1732908304082
1732908304117
1732908304230
1732908304289
1732908304323
1732908304399
1732908304516
1732908304555
1732908304631
1732908304713
1732908304840
1732908304904
1732908305023
1732908305136
1732908305241
1732908305301
1732908305337
1732908305344
1732908305451
1732908305591
1732908305628
1732908305711
1732908305868
1732908305910
1732908305956
1732908305995
1732908306115
1732908306196
1732908306228
1732908306301
1732908306404
1732908306439
1732908306499
1732908306520
1732908306630
1732908306719
1732908306763
1732908306835
1732908306950
1732908306986
1732908307022
1732908307076
1732908307174
1732908307242
1732908307275
1732908307366
1732908307462
1732908307497
1732908307544
1732908307563
1732908307681
1732908307756
1732908307810
1732908307881
1732908307972
1732908308007
1732908308050
1732908308081
1732908308190
1732908308267
1732908308289
1732908308377
1732908308495
1732908308530
1732908308579
1732908308642
1732908308759
1732908308831
1732908308866
1732908308969
1732908309086
1732908309131
1732908309185
1732908309215
1732908309341
1732908309421
1732908309460
1732908309574
1732908309668
1732908309709
1732908309743
1732908309797
1732908309894
1732908309978
1732908310034
1732908310127
1732908310216
1732908310249
1732908310295
1732908310311
1732908310422
1732908310492
1732908310526
1732908310601
1732908310706
1732908310753
1732908310775
1732908310826
1732908310934
1732908311010
1732908311053
1732908311113
1732908311215
1732908311261
1732908311291
1732908311329
1732908311434
1732908311536
1732908311591
1732908311702
1732908311804
1732908311842
1732908311900
1732908311926
1732908312086
1732908312164
1732908312197
1732908312286
1732908312397
1732908312438
1732908312475
1732908312530
1732908312606
1732908312690
1732908312719
1732908312793
1732908312969
1732908313038
1732908313112
1732908313151
1732908313300
1732908313403
1732908313451
1732908313532
1732908313652
1732908313702
1732908313733
1732908313773
1732908313881
1732908313999
1732908314037
1732908314170
1732908314373
1732908314403
1732908314460
1732908314491
1732908314624
1732908314722
1732908314757
1732908314852
1732908314982
1732908315029
1732908315072
1732908315113
1732908315214
1732908315303
1732908315326
1732908315384
1732908315493
1732908315522
1732908315553
1732908315582
1732908315676
1732908315749
1732908315780
1732908315853
1732908315967
1732908316029
1732908316092
1732908316159
1732908316259
1732908316342
1732908316400
1732908316515
1732908316629
1732908316670
1732908316706
1732908316736
1732908316841
1732908316944
1732908317003
1732908317100
1732908317208
1732908317258
1732908317290
1732908317313
1732908317401
1732908317500
1732908317508
1732908317579
1732908317661
1732908317692
1732908317730
1732908317758
1732908317868
1732908317984
1732908318022
1732908318066
1732908318189
1732908318195
1732908318229
1732908318285
1732908318410
1732908318470
1732908318492
1732908318566
1732908318680
1732908318708
1732908318735
1732908318762
1732908318858
1732908318920
1732908318955
1732908319028
1732908319179
1732908319235
1732908319290
1732908319327
1732908319480
1732908319540
1732908319591
1732908319642
1732908319722
1732908319745
1732908319784
1732908319827
1732908319920
1732908320012
1732908320029
1732908320108
1732908320199
1732908320236
1732908320309
1732908320421
1732908320630
1732908320722
1732908320779
1732908320874
1732908321018
1732908321068
1732908321147
1732908321285
1732908321525
1732908321576
1732908321610
1732908321712
1732908321832
1732908321892
1732908321960
1732908321997
1732908322120
1732908322231
1732908322298
1732908322396
1732908322514
1732908322560
1732908322610
1732908322667
1732908322806
1732908322873
1732908322936
1732908323015
1732908323161
1732908323198
1732908323292
1732908323311
1732908323462
1732908323568
1732908323620
1732908323700
1732908323872
1732908323893
1732908323942
1732908323973
1732908324140
1732908324218
1732908324266
1732908324341
1732908324476
1732908324523
1732908324581
1732908324654
1732908324856
1732908324992
1732908325046
1732908325163
1732908325281
1732908325341
1732908325367
1732908325420
1732908325614
1732908325705
1732908325771
1732908325921
1732908326018
1732908326035
1732908326086
1732908326134
1732908326264
1732908326383
1732908326464
1732908326548
1732908326689
1732908326725
1732908326765
1732908326802
1732908326941
1732908327047
1732908327093
1732908327167
1732908327300
1732908327344
1732908327383
1732908327430
1732908327564
1732908327671
1732908327710
1732908327778
1732908327962
1732908328010
1732908328054
1732908328103
1732908328242
1732908328364
1732908328426
1732908328476
1732908328597
1732908328636
1732908328680
1732908328760
1732908328875
1732908328957
1732908329005
1732908329122
1732908329221
1732908329272
1732908329332
1732908329390
1732908329541
1732908329611
1732908329676
1732908329772
1732908329913
1732908329969
1732908330006
1732908330060
1732908330188
1732908330269
1732908330310
1732908330427
1732908330565
1732908330617
1732908330661
1732908330721
1732908330825
1732908330923
1732908330966
1732908331054
1732908331189
1732908331234
1732908331262
1732908331295
1732908331419
1732908331523
1732908331555
1732908331666
1732908331772
1732908331813
1732908331856
1732908331920
1732908332030
1732908332117
1732908332159
1732908332242
1732908332410
1732908332452
1732908332499
1732908332537
1732908332682
1732908332754
1732908332796
1732908332884
1732908333016
1732908333061
1732908333110
1732908333154
1732908333273
1732908333360
1732908333404
1732908333498
1732908333627
1732908333676
1732908333708
1732908333756
1732908333898
1732908334000
1732908334034
1732908334113
1732908334246
1732908334318
1732908334355
1732908334403
1732908334529
1732908334610
1732908334677
1732908334821
1732908334932
1732908335019
1732908335067
1732908335121
1732908335235
1732908335291
1732908335351
1732908335407
1732908335499
1732908335529
1732908335554
1732908335589
1732908335661
1732908335726
1732908335777
1732908335846
1732908335924
1732908335982
1732908335989
1732908336022
1732908336113
1732908336175
1732908336217
1732908336262
1732908336357
1732908336385
1732908336416
1732908336445
1732908336546
1732908336605
1732908336626
1732908336681
1732908336773
1732908336815
1732908336851
1732908336857
1732908336947
1732908337083
1732908337103
1732908337137
1732908337173
1732908337201
1732908337227
1732908337261
1732908337337
1732908337413
1732908337448
1732908337506
1732908337593
1732908337622
1732908337651
1732908337696
1732908337765
1732908337826
1732908337864
1732908337915
1732908337994
1732908338025
1732908338055
1732908338083
1732908338184
1732908338228
1732908338255
1732908338313
1732908338396
1732908338426
1732908338454
1732908338478
1732908338576
1732908338647
1732908338671
1732908338739
1732908338826
1732908338857
1732908338895
1732908338922
1732908339014
1732908339071
1732908339106
1732908339177
1732908339271
1732908339302
1732908339342
1732908339363
1732908339460
1732908339551
1732908339613
1732908339677
1732908339770
1732908339826
1732908339883
1732908339913
1732908339975
1732908340051
1732908340083
1732908340168
1732908340270
1732908340313
1732908340344
1732908340387
1732908340484
1732908340580
1732908340587
1732908340653
1732908340749
1732908340791
1732908340817
1732908340915
1732908341052
1732908341122
1732908341128
1732908341249
1732908341321
1732908341361
1732908341366
1732908341376
1732908341474
1732908341544
1732908341562
1732908341627
1732908341734
1732908341797
1732908341890
1732908341914
1732908342051
1732908342161
1732908342180
1732908342293
1732908342397
1732908342441
1732908342459
1732908342479
1732908342596
1732908342702
1732908342735
1732908342806
1732908342920
1732908342955
1732908343029
1732908343104
1732908343237
1732908343302
1732908343340
1732908343415
1732908343532
1732908343579
1732908343625
1732908343670
1732908343775
1732908343850
1732908343872
1732908343962
1732908344107
1732908344154
1732908344210
1732908344256
1732908344342
1732908344401
1732908344434
1732908344497
1732908344583
1732908344624
1732908344645
1732908344673
1732908344769
1732908344828
1732908344868
1732908344922
1732908345008
1732908345040
1732908345073
1732908345121
1732908345199
1732908345268
1732908345293
1732908345361
1732908345466
1732908345498
1732908345524
1732908345569
1732908345657
1732908345715
1732908345745
1732908345814
1732908345916
1732908345932
1732908345963
1732908346023
1732908346093
1732908346161
1732908346191
1732908346269
1732908346337
1732908346364
1732908346401
1732908346432
1732908346542
1732908346597
1732908346618
1732908346675
1732908346827
1732908346856
1732908346896
1732908346939
1732908347034
1732908347110
1732908347135
1732908347190
1732908347286
1732908347332
1732908347384
1732908347416
1732908347559
1732908347649
1732908347678
1732908347724
1732908347832
1732908347847
1732908347891
1732908347914
1732908348029
1732908348093
1732908348141
1732908348348
1732908348454
1732908348471
1732908348516
1732908348584
1732908348685
1732908348800
1732908348849
1732908348901
1732908349024
1732908349058
1732908349110
1732908349153
1732908349277
1732908349371
1732908349469
1732908349563
1732908349693
1732908349733
1732908349782
1732908349813
1732908350088
1732908350189
1732908350207
1732908350287
1732908350406
1732908350434
1732908350495
1732908350539
1732908350714
1732908350816
1732908350849
1732908350926
1732908351158
1732908351191
1732908351259
1732908351311
1732908351428
1732908351497
1732908351536
1732908351659
1732908351779
1732908351846
1732908351902
1732908351983
1732908352307
1732908352685
1732908352814
1732908352934
1732908353071
1732908353123
1732908353166
1732908353212
1732908353341
1732908353431
1732908353496
1732908353571
1732908353690
1732908353726
1732908353783
1732908353813
1732908353970
1732908354072
1732908354117
1732908354189
1732908354359
1732908354377
1732908354420
1732908354461
1732908354698
1732908354834
1732908354890
1732908355015
1732908355152
1732908355195
1732908355238
1732908355305
1732908355483
1732908355604
1732908355657
1732908355824
1732908356000
1732908356074
1732908356140
1732908356220
1732908356415
1732908356520
1732908356570
1732908356677
1732908356845
1732908356910
1732908356960
1732908357015
1732908357145
1732908357214
1732908357256
1732908357371
1732908357874
1732908357919
1732908358140
1732908358459
1732908359244
1732908359606
1732908359791
1732908359892
1732908360206
1732908360211
1732908360211
1732908360323
1732908360397
1732908360414
1732908360441
1732908360472
1732908360526
1732908360533
1732908360534
1732908360551
1732908360598
1732908360636
1732908360653
1732908360675
1732908360701
1732908360701
1732908360701
1732908360759
1732908360767
1732908360806
1732908360809
1732908360835
1732908360872
1732908360899
1732908360900
1732908360900
1732908360941
1732908360958
1732908360973
1732908360996
1732908361077
1732908361090
1732908361095
1732908361110
1732908361153
1732908361172
1732908361192
1732908361234
1732908361337
1732908361341
1732908361360
1732908361385
1732908361502
1732908361569
1732908361601
1732908361646
1732908361747
1732908361806
1732908361859
1732908361880
1732908362039
1732908362158
1732908362206
1732908362269
1732908362375
1732908362409
1732908362454
1732908362485
1732908362610
1732908362717
1732908362768
1732908362847
1732908362948
1732908362982
1732908363019
1732908363053
1732908363155
1732908363242
1732908363271
1732908363353
1732908363444
1732908363466
1732908363518
1732908363540
1732908363658
1732908363722
1732908363761
1732908363814
1732908363916
1732908363957
1732908363991
1732908364062
1732908364201
1732908364261
1732908364317
1732908364426
1732908364567
1732908364585
1732908364643
1732908364679
1732908364841
1732908364906
1732908364943
1732908365034
1732908365131
1732908365171
1732908365198
1732908365253
1732908365336
1732908365405
1732908365445
1732908365529
1732908365648
1732908365680
1732908365727
1732908365762
1732908365896
1732908365952
1732908365991
1732908366061
1732908366166
1732908366205
1732908366240
1732908366281
1732908366393
1732908366473
1732908366482
1732908366559
1732908366674
1732908366707
1732908366730
1732908366805
1732908366936
1732908367029
1732908367096
1732908367191
1732908367321
1732908367364
1732908367402
1732908367470
1732908367593
1732908367687
1732908367723
1732908367799
1732908367904
1732908367960
1732908368035
1732908368144
1732908368243
1732908368325
1732908368362
1732908368446
1732908368548
1732908368577
1732908368620
1732908368659
1732908368777
1732908368857
1732908368875
1732908368953
1732908369038
1732908369090
1732908369114
1732908369142
1732908369241
1732908369329
1732908369371
1732908369444
1732908369567
1732908369613
1732908369632
1732908369674
1732908369829
1732908369890
1732908369918
1732908369994
1732908370089
1732908370130
1732908370172
1732908370222
1732908370326
1732908370387
1732908370413
1732908370481
1732908370577
1732908370632
1732908370662
1732908370693
1732908370817
1732908370875
1732908370912
1732908370981
1732908371068
1732908371105
1732908371148
1732908371182
1732908371281
1732908371362
1732908371420
1732908371459
1732908371563
1732908371600
1732908371632
1732908371662
1732908371757
1732908371824
1732908371854
1732908371922
1732908372020
1732908372051
1732908372091
1732908372126
1732908372239
1732908372275
1732908372310
1732908372371
1732908372482
1732908372516
1732908372527
1732908372575
1732908372683
1732908372763
1732908372766
1732908372859
1732908372933
1732908372961
1732908373000
1732908373028
1732908373104
1732908373173
1732908373206
1732908373284
1732908373392
1732908373423
1732908373443
1732908373477
1732908373574
1732908373651
1732908373673
1732908373758
1732908373851
1732908373859
1732908373899
1732908373944
1732908374019
1732908374098
1732908374125
1732908374191
1732908374310
1732908374339
1732908374368
1732908374401
1732908374484
1732908374554
1732908374586
1732908374643
1732908374745
1732908374775
1732908374802
1732908374832
1732908374942
1732908374998
1732908375029
1732908375089
1732908375184
1732908375205
1732908375242
1732908375270
1732908375358
1732908375426
1732908375468
1732908375521
1732908375609
1732908375649
1732908375680
1732908375709
1732908375797
1732908375864
1732908375894
1732908375964
1732908376044
1732908376080
1732908376111
1732908376144
1732908376239
1732908376307
1732908376345
1732908376460
1732908376516
1732908376563
1732908376571
1732908376619
1732908376709
1732908376864
1732908376874
1732908376948
1732908377036
1732908377087
1732908377104
1732908377133
1732908377236
1732908377286
1732908377315
1732908377373
1732908377464
1732908377497
1732908377534
1732908377566
1732908377671
1732908377731
1732908377759
1732908377839
1732908377910
1732908377952
1732908377981
1732908378001
1732908378101
1732908378159
1732908378185
1732908378280
1732908378344
1732908378396
1732908378414
1732908378444
1732908378536
1732908378634
1732908378705
1732908378764
1732908378880
1732908378967
1732908378975
1732908379012
1732908379128
1732908379207
1732908379275
1732908379420
1732908379532
1732908379569
1732908379591
1732908379619
1732908379732
1732908379780
1732908379821
1732908379917
1732908379987
1732908380014
1732908380023
1732908380065
1732908380160
1732908380229
1732908380259
1732908380307
1732908380431
1732908380458
1732908380479
1732908380499
1732908380598
1732908380659
1732908380680
1732908380737
1732908380855
1732908380862
1732908380901
1732908380931
1732908381021
1732908381093
1732908381131
1732908381189
1732908381289
1732908381320
1732908381345
1732908381379
1732908381465
1732908381534
1732908381594
1732908381640
1732908381807
1732908381815
1732908381865
1732908381900
1732908382007
1732908382080
1732908382126
1732908382210
1732908382328
1732908382346
1732908382392
1732908382411
1732908382532
1732908382606
1732908382652
1732908382700
1732908382795
1732908382832
1732908382863
1732908382890
1732908382984
1732908383041
1732908383078
1732908383138
1732908383233
1732908383260
1732908383292
1732908383328
1732908383414
1732908383473
1732908383504
1732908383590
1732908383696
1732908383703
1732908383749
1732908383789
1732908383855
1732908383925
1732908383953
1732908384011
1732908384100
1732908384150
1732908384179
1732908384209
1732908384292
1732908384376
1732908384382
1732908384445
1732908384561
1732908384617
1732908384658
1732908384691
1732908384786
1732908384869
1732908384925
1732908385029
1732908385150
1732908385194
1732908385213
1732908385229
1732908385389
1732908385429
1732908385471
1732908385531
1732908385627
1732908385658
1732908385692
1732908385721
1732908385812
1732908385884
1732908385913
1732908385980
1732908386070
1732908386101
1732908386150
1732908386185
1732908386257
1732908386337
1732908386377
1732908386452
1732908386562
1732908386590
1732908386629
1732908386677
1732908386778
1732908386851
1732908386899
1732908386963
1732908387086
1732908387126
1732908387169
1732908387207
1732908387313
1732908387375
1732908387422
1732908387473
1732908387568
1732908387599
1732908387635
1732908387664
1732908387768
1732908387830
1732908387861
1732908387925
1732908388032
1732908388051
1732908388084
1732908388127
1732908388213
1732908388273
1732908388307
1732908388370
1732908388467
1732908388496
1732908388536
1732908388574
1732908388708
1732908388783
1732908388790
1732908388854
1732908388959
1732908388982
1732908389013
1732908389050
1732908389133
1732908389200
1732908389242
1732908389301
1732908389403
1732908389434
1732908389463
1732908389495
1732908389608
1732908389659
1732908389690
1732908389745
1732908389842
1732908389911
1732908389927
1732908389961
1732908390058
1732908390102
1732908390120
1732908390186
1732908390293
1732908390320
1732908390337
1732908390376
1732908390460
1732908390516
1732908390547
1732908390620
1732908390783
1732908390867
1732908390922
1732908390951
1732908391050
1732908391115
1732908391152
1732908391223
1732908391366
1732908391402
1732908391457
1732908391492
1732908391636
1732908391715
1732908391749
1732908391822
1732908391983
1732908392031
1732908392079
1732908392111
1732908392217
1732908392294
1732908392328
1732908392411
1732908392492
1732908392534
1732908392563
1732908392587
1732908392682
1732908392777
1732908392784
1732908392846
1732908392922
1732908392959
1732908392987
1732908393021
1732908393124
1732908393187
1732908393217
1732908393263
1732908393365
1732908393399
1732908393424
1732908393458
1732908393555
1732908393619
1732908393651
1732908393708
1732908393814
1732908393854
1732908393893
1732908393952
1732908394051
1732908394121
1732908394163
1732908394251
1732908394381
1732908394408
1732908394441
1732908394488
1732908394608
1732908394673
1732908394710
1732908394773
1732908394870
1732908394907
1732908394932
1732908394965
1732908395062
1732908395123
1732908395183
1732908395253
1732908395373
1732908395423
1732908395470
1732908395490
1732908395628
1732908395748
1732908395756
1732908395812
1732908395921
1732908395952
1732908395983
1732908396035
1732908396119
1732908396180
1732908396228
1732908396279
1732908396421
1732908396453
1732908396488
1732908396546
1732908396660
1732908396742
1732908396772
1732908396841
1732908396947
1732908396987
1732908397018
1732908397089
1732908397217
1732908397255
1732908397284
1732908397342
1732908397744
1732908397757
1732908397757
1732908397758
1732908398307
1732908398735
1732908398745
1732908398745
1732908398746
1732908398746
1732908398746
1732908398746
1732908398747
1732908398747
1732908398836
1732908398838
1732908398838
1732908398838
1732908398838
1732908398839
1732908398905
1732908398963
1732908398964
1732908398995
1732908399050
1732908399050
1732908399074
1732908399081
1732908399195
1732908399235
1732908399240
1732908399276
1732908399324
1732908399340
1732908399367
1732908399419
1732908399540
1732908399617
1732908399647
1732908399727
1732908399863
1732908399884
1732908399918
1732908399952
1732908400070
1732908400148
1732908400154
1732908400226
1732908400315
1732908400361
1732908400394
1732908400413
1732908400503
1732908400553
1732908400588
1732908400645
1732908400757
1732908400786
1732908400817
1732908400846
1732908400932
1732908400996
1732908401055
1732908401119
1732908401274
1732908401293
1732908401345
1732908401363
1732908401564
1732908401631
1732908401684
1732908401772
1732908401891
1732908401923
1732908401995
1732908402019
1732908402161
1732908402254
1732908402318
1732908402418
1732908402587
1732908402641
1732908402701
1732908402794
1732908402909
1732908402990
1732908403034
1732908403100
1732908403222
1732908403316
1732908403350
1732908403379
1732908403491
1732908403585
1732908403619
1732908403716
1732908403817
1732908403876
1732908403918
1732908403948
1732908404064
1732908404179
1732908404229
1732908404319
1732908404456
1732908404501
1732908404539
1732908404576
1732908404680
1732908404753
1732908404793
1732908404861
1732908404952
1732908405000
1732908405068
1732908405087
1732908405209
1732908405288
1732908405328
1732908405393
1732908405517
1732908405537
1732908405570
1732908405602
1732908405725
1732908405790
1732908405828
1732908405890
1732908405992
1732908406020
1732908406045
1732908406084
1732908406189
1732908406245
1732908406306
1732908406345
1732908406442
1732908406472
1732908406518
1732908406561
1732908406678
1732908406714
1732908406748
1732908406833
1732908406942
1732908406980
1732908407025
1732908407087
1732908407221
1732908407299
1732908407346
1732908407428
1732908407562
1732908407619
1732908407646
1732908407685
1732908407834
1732908407930
1732908408002
1732908408079
1732908408216
1732908408245
1732908408284
1732908408338
1732908408520
1732908408608
1732908408639
1732908408707
1732908408802
1732908408857
1732908408894
1732908408927
1732908409112
1732908409177
1732908409245
1732908409394
1732908409569
1732908409602
1732908409623
1732908409674
1732908409759
1732908409831
1732908409877
1732908409950
1732908410023
1732908410076
1732908410107
1732908410138
1732908410232
1732908410290
1732908410331
1732908410369
1732908410476
1732908410514
1732908410571
1732908410603
1732908410707
1732908410778
1732908410819
1732908410876
1732908411006
1732908411015
1732908411049
1732908411079
1732908411175
1732908411260
1732908411289
1732908411338
1732908411438
1732908411472
1732908411538
1732908411568
1732908411661
1732908411746
1732908411780
1732908411856
1732908412010
1732908412056
1732908412095
1732908412155
1732908412422
1732908412494
1732908412557
1732908412614
1732908412813
1732908412872
1732908412923
1732908412964
1732908413099
1732908413224
1732908413298
1732908413347
1732908413539
1732908413586
1732908413636
1732908413701
1732908413807
1732908413899
1732908413934
1732908414026
1732908414132
1732908414168
1732908414214
1732908414237
1732908414347
1732908414385
1732908414443
1732908414533
1732908414681
1732908414690
1732908414761
1732908414781
1732908414888
1732908414959
1732908415007
1732908415093
1732908415189
1732908415233
1732908415268
1732908415317
1732908415461
1732908415551
1732908415583
1732908415656
1732908415747
1732908415776
1732908415808
1732908415835
1732908415923
1732908416000
1732908416032
1732908416126
1732908416236
1732908416256
1732908416299
1732908416336
1732908416449
1732908416518
1732908416535
1732908416617
1732908416703
1732908416733
1732908416757
1732908416785
1732908416873
1732908416937
1732908416973
1732908417037
1732908417157
1732908417179
1732908417211
1732908417245
1732908417356
1732908417393
1732908417431
1732908417496
1732908417583
1732908417624
1732908417646
1732908417675
1732908417788
1732908417838
1732908417878
1732908417940
1732908418047
1732908418075
1732908418111
1732908418120
1732908418212
1732908418279
1732908418302
1732908418365
1732908418457
1732908418492
1732908418518
1732908418559
1732908418642
1732908418705
1732908418735
1732908418799
1732908418917
1732908418946
1732908418955
1732908418984
1732908419092
1732908419140
1732908419163
1732908419223
1732908419313
1732908419344
1732908419382
1732908419412
1732908419494
1732908419555
1732908419585
1732908419654
1732908419770
1732908419789
1732908419821
1732908419851
1732908419962
1732908420027
1732908420063
1732908420122
1732908420215
1732908420252
1732908420282
1732908420311
1732908420414
1732908420480
1732908420518
1732908420577
1732908420657
1732908420680
1732908420713
1732908420745
1732908420827
1732908420886
1732908420919
1732908420998
1732908421079
1732908421110
1732908421158
1732908421183
1732908421305
1732908421351
1732908421423
1732908421448
1732908421525
1732908421557
1732908421587
1732908421618
1732908421706
1732908421757
1732908421792
1732908421860
1732908421956
1732908421989
1732908422031
1732908422064
1732908422150
1732908422193
1732908422226
1732908422286
1732908422380
1732908422411
1732908422447
1732908422476
1732908422562
1732908422623
1732908422650
1732908422707
1732908422807
1732908422841
1732908422871
1732908422901
1732908422991
1732908423051
1732908423080
1732908423141
1732908423232
1732908423264
1732908423322
1732908423329
1732908423439
1732908423516
1732908423554
1732908423638
1732908423752
1732908423801
1732908423851
1732908423892
1732908424001
1732908424081
1732908424114
1732908424170
1732908424276
1732908424322
1732908424361
1732908424394
1732908424499
1732908424561
1732908424602
1732908424638
1732908424729
1732908424755
1732908424791
1732908424830
1732908424916
1732908424969
1732908425002
1732908425063
1732908425183
1732908425235
1732908425295
1732908425328
1732908425425
1732908425509
1732908425556
1732908425617
1732908425712
1732908425743
1732908425771
1732908425800
1732908425919
1732908425952
1732908425982
1732908426039
1732908426138
1732908426198
1732908426244
1732908426250
1732908426333
1732908426398
1732908426420
1732908426485
1732908426580
1732908426616
1732908426639
1732908426675
1732908426783
1732908426839
1732908426874
1732908426941
1732908427062
1732908427068
1732908427101
1732908427132
1732908427299
1732908427384
1732908427422
1732908427475
1732908427598
1732908427636
1732908427683
1732908427736
1732908427898
1732908427994
1732908428033
1732908428184
1732908428282
1732908428346
1732908428387
1732908428433
1732908428611
1732908428727
1732908428758
1732908428821
1732908428910
1732908428954
1732908428993
1732908429037
1732908429204
1732908429310
1732908429360
1732908429429
1732908429524
1732908429593
1732908429608
1732908429640
1732908429728
1732908429785
1732908429839
1732908429874
1732908429981
1732908430009
1732908430040
1732908430067
1732908430182
1732908430229
1732908430255
1732908430326
1732908430423
1732908430489
1732908430518
1732908430548
1732908430647
1732908430714
1732908430765
1732908430869
1732908430946
1732908430953
1732908430982
1732908431010
1732908431105
1732908431188
1732908431202
1732908431262
1732908431361
1732908431407
1732908431455
1732908431464
1732908431564
1732908431706
1732908431714
1732908431791
1732908431892
1732908431955
1732908431964
1732908432007
1732908432091
1732908432146
1732908432180
1732908432257
1732908432331
1732908432363
1732908432413
1732908432465
1732908432614
1732908432660
1732908432718
1732908432787
1732908433032
1732908433071
1732908433089
1732908433138
1732908433298
1732908433391
1732908433401
1732908433511
1732908433637
1732908433658
1732908433722
1732908433773
1732908433877
1732908433951
1732908433991
1732908434085
1732908434184
1732908434247
1732908434295
1732908434343
1732908434437
1732908434612
1732908434618
1732908434670
1732908434831
1732908434850
1732908434908
1732908434956
1732908435070
1732908435158
1732908435215
1732908435278
1732908435385
1732908435416
1732908435444
1732908435503
1732908435590
1732908435656
1732908435695
1732908435798
1732908435907
1732908435961
1732908435990
1732908436021
1732908436129
1732908436223
1732908436286
1732908436390
1732908436481
1732908436540
1732908436565
1732908436610
1732908436733
1732908436839
1732908436860
1732908436942
1732908437063
1732908437106
1732908437164
1732908437215
1732908437357
1732908437435
1732908437468
1732908437536
1732908437686
1732908437742
1732908437762
1732908437813
1732908437935
1732908438047
1732908438087
1732908438192
1732908438296
1732908438341
1732908438412
1732908438460
1732908438607
1732908438698
1732908438740
1732908438859
1732908438984
1732908439041
1732908439162
1732908439241
1732908439396
1732908439483
1732908439539
1732908439614
1732908439725
1732908439762
1732908439796
1732908439834
1732908439953
1732908440040
1732908440069
1732908440148
1732908440238
1732908440280
1732908440298
1732908440367
1732908440445
1732908440506
1732908440550
1732908440605
1732908440723
1732908440768
1732908440800
1732908440823
1732908440936
1732908440998
1732908441059
1732908442439
1732908442499
1732908442499
1732908442500
1732908442500
1732908442553
1732908442563
1732908442585
1732908442592
1732908442626
1732908442633
1732908442634
1732908442650
1732908442675
1732908442677
1732908442677
1732908442677
1732908442702
1732908442716
1732908442721
1732908442727
1732908442744
1732908442754
1732908442756
1732908442773
1732908442817
1732908442835
1732908442860
1732908442883
1732908442979
1732908443037
1732908443076
1732908443141
1732908443245
1732908443282
1732908443310
1732908443349
1732908443450
1732908443509
1732908443548
1732908443610
1732908443754
1732908443797
1732908443829
1732908443858
1732908443949
1732908444012
1732908444042
1732908444102
1732908444200
1732908444292
1732908444357
1732908444395
1732908444633
1732908444723
1732908444761
1732908444846
1732908444959
1732908444996
1732908445028
1732908445070
1732908445173
1732908445277
1732908445312
1732908445410
1732908445586
1732908445641
1732908445647
1732908445672
1732908445796
1732908445871
1732908445902
1732908445994
1732908446131
1732908446172
1732908446192
1732908446268
1732908446360
1732908446451
1732908446490
1732908446546
1732908446662
1732908446684
1732908446815
1732908446853
1732908447067
1732908447137
1732908447159
1732908447265
1732908447394
1732908447445
1732908447488
1732908447521
1732908447645
1732908447712
1732908447744
1732908447845
1732908447957
1732908447989
1732908448026
1732908448060
1732908448152
1732908448259
1732908448309
1732908448388
1732908448543
1732908448581
1732908448645
1732908448670
1732908448798
1732908448879
1732908448920
1732908448962
1732908449052
1732908449077
1732908449135
1732908449151
1732908449339
1732908449465
1732908449471
1732908449586
1732908449749
1732908449788
1732908449844
1732908449883
1732908450083
1732908450148
1732908450195
1732908450227
1732908450345
1732908450377
1732908450408
1732908450446
1732908450539
1732908450638
1732908450648
1732908450714
1732908450837
1732908450874
1732908450902
1732908450950
1732908451051
1732908451126
1732908451149
1732908451218
1732908451331
1732908451377
1732908451387
1732908451418
1732908451535
1732908451620
1732908451655
1732908451733
1732908451864
1732908451885
1732908451926
1732908451978
1732908452054
1732908452157
1732908452187
1732908452273
1732908452389
1732908452413
1732908452448
1732908452479
1732908452601
1732908452682
1732908452714
1732908452780
1732908452895
1732908452927
1732908452963
1732908452984
1732908453077
1732908453134
1732908453168
1732908453268
1732908453365
1732908453424
1732908453452
1732908453497
1732908453606
1732908453679
1732908453741
1732908453801
1732908453896
1732908453933
1732908453976
1732908453998
1732908454103
1732908454167
1732908454195
1732908454273
1732908454355
1732908454390
1732908454411
1732908454448
1732908454576
1732908454673
1732908454723
1732908454771
1732908454874
1732908454908
1732908454941
1732908454995
1732908455086
1732908455150
1732908455181
1732908455261
1732908455377
1732908455411
1732908455470
1732908455492
1732908455613
1732908455685
1732908455752
1732908455902
1732908456019
1732908456044
1732908456081
1732908456141
1732908456290
1732908456365
1732908456394
1732908456463
1732908456555
1732908456591
1732908456630
1732908456657
1732908456759
1732908456814
1732908456850
1732908456907
1732908456992
1732908457026
1732908457061
1732908457093
1732908457195
1732908457243
1732908457274
1732908457345
1732908457440
1732908457451
1732908457490
1732908457520
1732908457621
1732908457687
1732908457709
1732908457767
1732908457851
1732908457885
1732908457928
1732908457958
1732908458059
1732908458145
1732908458180
1732908458270
1732908458418
1732908458452
1732908458528
1732908458552
1732908458705
1732908458816
1732908458849
1732908458943
1732908459091
1732908459123
1732908459168
1732908459214
1732908459382
1732908459451
1732908459517
1732908459590
1732908459739
1732908459790
1732908459840
1732908459904
1732908460052
1732908460140
1732908460166
1732908460289
1732908460412
1732908460453
1732908460488
1732908460547
1732908460644
1732908460718
1732908460767
1732908460849
1732908460961
1732908460985
1732908461025
1732908461055
1732908461169
1732908461230
1732908461270
1732908461341
1732908461429
1732908461464
1732908461517
1732908461601
1732908461681
1732908461738
1732908461768
1732908461856
1732908462010
1732908462063
1732908462080
1732908462119
1732908462237
1732908462351
1732908462377
1732908462451
1732908462573
1732908462611
1732908462654
1732908462712
1732908462826
1732908462906
1732908462913
1732908463023
1732908463125
1732908463161
1732908463200
1732908463259
1732908463376
1732908463461
1732908463492
1732908463567
1732908463678
1732908463717
1732908463762
1732908463830
1732908463960
1732908464032
1732908464065
1732908464125
1732908464244
1732908464314
1732908464352
1732908464380
1732908464497
1732908464590
1732908464616
1732908464710
1732908464827
1732908464867
1732908464897
1732908464934
1732908465076
1732908465149
1732908465186
1732908465240
1732908465363
1732908465411
1732908465464
1732908465507
1732908465625
1732908465676
1732908465712
1732908465786
1732908465900
1732908465939
1732908465965
1732908466007
1732908466125
1732908466230
1732908466256
1732908466345
1732908466436
1732908466474
1732908466498
1732908466539
1732908466668
1732908466804
1732908466812
1732908466885
1732908466980
1732908467052
1732908467068
1732908467133
1732908467238
1732908467293
1732908467324
1732908467397
1732908467530
1732908467559
1732908467591
1732908467653
1732908467749
1732908467844
1732908467859
1732908467947
1732908468075
1732908468108
1732908468144
1732908468174
1732908468300
1732908468353
1732908468388
1732908468489
1732908468604
1732908468636
1732908468691
1732908468748
1732908468830
1732908468932
1732908468952
1732908469029
1732908469118
1732908469160
1732908469206
1732908469251
1732908469408
1732908469522
1732908469558
1732908469640
1732908469783
1732908469815
1732908469878
1732908469940
1732908470033
1732908470169
1732908470174
1732908470235
1732908470368
1732908470389
1732908470428
1732908470469
1732908470607
1732908470640
1732908470679
1732908470766
1732908470876
1732908470960
1732908470973
1732908471032
1732908471144
1732908471255
1732908471314
1732908471371
1732908471615
1732908471661
1732908471706
1732908471759
1732908471888
1732908472000
1732908472016
1732908472138
1732908472273
1732908472318
1732908472365
1732908472409
1732908472543
1732908472664
1732908472748
1732908472857
1732908473005
1732908473057
1732908473119
1732908473162
1732908473265
1732908473326
1732908473370
1732908473523
1732908473710
1732908473762
1732908473797
1732908473856
1732908473959
1732908474046
1732908474114
1732908474172
1732908474274
1732908474311
1732908474345
1732908474373
1732908474474
1732908474550
1732908474605
1732908474671
1732908474827
1732908474865
1732908474901
1732908474936
1732908475050
1732908475149
1732908475183
1732908475256
1732908475381
1732908475433
1732908475468
1732908475476
1732908475586
1732908475651
1732908475706
1732908475769
1732908475903
1732908475960
1732908475979
1732908476016
1732908476105
1732908476209
1732908476241
1732908476325
1732908476428
1732908476454
1732908476475
1732908476508
1732908476622
1732908476684
1732908476726
1732908476830
1732908476936
1732908476974
1732908477017
1732908477056
1732908477187
1732908477246
1732908477285
1732908477359
1732908477473
1732908477506
1732908477555
1732908477581
1732908477689
1732908477767
1732908477798
1732908477874
1732908477979
1732908478027
1732908478052
1732908478144
1732908478229
1732908478332
1732908478352
1732908478434
1732908478519
1732908478561
1732908478595
1732908478648
1732908478757
1732908478833
1732908478874
1732908478946
1732908479082
1732908479110
1732908479133
1732908479184
1732908479269
1732908479338
1732908479378
1732908479449
1732908479575
1732908479606
1732908479643
1732908479666
1732908479797
1732908479833
1732908479868
1732908479993
1732908480118
1732908480180
1732908480197
1732908480204
1732908480309
1732908480392
1732908480413
1732908480503
1732908480603
1732908480640
1732908480685
1732908480711
1732908480846
1732908480953
1732908480960
1732908481050
1732908481146
1732908481168
1732908481209
1732908481214
1732908481325
1732908481393
1732908481425
1732908481502
1732908481628
1732908481696
1732908481723
1732908481756
1732908481864
1732908481933
1732908481967
1732908482039
1732908482148
1732908482190
1732908482231
1732908482266
1732908482377
1732908482464
1732908482500
1732908482582
1732908482693
1732908482738
1732908482749
1732908482785
1732908482907
1732908482977
1732908483041
1732908483127
1732908483220
1732908483272
1732908483328
1732908483337
1732908483457
1732908483552
1732908483594
1732908483773
1732908483799
1732908483862
1732908483892
1732908483925
1732908484057
1732908484209
1732908484219
1732908484310
1732908484439
1732908484514
1732908484578
1732908484643
1732908484798
1732908484929
1732908484980
1732908485108
1732908485263
1732908485271
1732908485315
1732908485338
1732908485480
1732908485553
1732908485605
1732908485678
1732908485818
1732908485874
1732908485928
1732908485975
1732908486121
1732908486220
1732908486277
1732908486407
1732908486632
1732908486667
1732908486803
1732908486874
1732908487084
1732908487171
1732908487224
1732908487330
1732908487500
1732908487554
1732908487596
1732908487648
1732908487835
1732908487887
1732908487943
1732908488069
1732908488202
1732908488237
1732908488288
1732908488367
1732908488488
1732908488573
1732908488620
1732908488706
1732908488826
1732908488867
1732908488873
1732908488909
1732908489027
1732908489112
1732908489145
1732908489230
1732908489311
1732908489352
1732908489383
1732908489415
1732908489545
1732908489615
1732908489659
1732908489710
1732908489836
1732908489867
1732908489899
1732908489946
1732908490070
1732908490162
1732908490195
1732908490261
1732908490407
1732908490446
1732908490464
1732908490480
1732908490585
1732908490657
1732908490724
1732908490779
1732908490881
1732908490917
1732908490944
1732908490991
1732908491101
1732908491176
1732908491212
1732908491292
1732908491382
1732908491417
1732908491463
1732908491497
1732908491621
1732908491667
1732908491719
1732908491819
1732908491943
1732908491950
1732908491985
1732908492032
1732908492130
1732908492210
1732908492248
1732908492324
1732908492433
1732908492483
1732908492537
1732908492575
1732908492671
1732908492769
1732908492825
1732908492916
1732908493033
1732908493074
1732908493110
1732908493158
1732908493283
1732908493361
1732908493425
1732908493485
1732908493639
1732908493663
1732908493708
1732908493750
1732908493873
1732908493993
1732908494015
1732908494094
1732908494203
1732908494238
1732908494278
1732908494314
1732908494422
1732908494503
1732908494548
1732908494622
1732908494733
1732908494784
1732908494815
1732908494847
1732908494958
