1732824343206
1732824362616
1732824362689
1732824362726
1732824362756
1732824362959
1732824363077
1732824363119
1732824363127
1732824363241
1732824363344
1732824363399
1732824363497
1732824363643
1732824363682
1732824363726
1732824363765
1732824363877
1732824363953
1732824363971
1732824364039
1732824364143
1732824364174
1732824364233
1732824364294
1732824364425
1732824364557
1732824364628
1732824364775
1732824364914
1732824364955
1732824365017
1732824365046
1732824365129
1732824365213
1732824365278
1732824365416
1732824365598
1732824365653
1732824365713
1732824365771
1732824365899
1732824365970
1732824366013
1732824366103
1732824366239
1732824366280
1732824366357
1732824366446
1732824366601
1732824366686
1732824366736
1732824366814
1732824366921
1732824366964
1732824366996
1732824367036
1732824367151
1732824367239
1732824367262
1732824367342
1732824367474
1732824367519
1732824367550
1732824367580
1732824367708
1732824367769
1732824367799
1732824367888
1732824367987
1732824368015
1732824368052
1732824368132
1732824368197
1732824368285
1732824368334
1732824368405
1732824368534
1732824368577
1732824368624
1732824368658
1732824368754
1732824368837
1732824368879
1732824368926
1732824369023
1732824369056
1732824369095
1732824369169
1732824369351
1732824369475
1732824369536
1732824369707
1732824369796
1732824369876
1732824369904
1732824369936
1732824370053
1732824370138
1732824370308
1732824370384
1732824370515
1732824370569
1732824370610
1732824370658
1732824370822
1732824370885
1732824370925
1732824371057
1732824371240
1732824371281
1732824371335
1732824371396
1732824371496
1732824371564
1732824371600
1732824371684
1732824371784
1732824371834
1732824371888
1732824371997
1732824372200
1732824372209
1732824372221
1732824372311
1732824372461
1732824372492
1732824372552
1732824372573
1732824372668
1732824372744
1732824372799
1732824372919
1732824373072
1732824373123
1732824373167
1732824373214
1732824373318
1732824373399
1732824373444
1732824373517
1732824373650
1732824373737
1732824373749
1732824373787
1732824373896
1732824373969
1732824374009
1732824374084
1732824374199
1732824374246
1732824374278
1732824374313
1732824374422
1732824374475
1732824374519
1732824374595
1732824374738
1732824374787
1732824374858
1732824374905
1732824375118
1732824375238
1732824375254
1732824375408
1732824375655
1732824375677
1732824375764
1732824375817
1732824375945
1732824376025
1732824376079
1732824376206
1732824376380
1732824376408
1732824376469
1732824376505
1732824376631
1732824376698
1732824376744
1732824376809
1732824376900
1732824376938
1732824376977
1732824377008
1732824377105
1732824377207
1732824377214
1732824377278
1732824377399
1732824377426
1732824377473
1732824377518
1732824377603
1732824377677
1732824377726
1732824377806
1732824377942
1732824377977
1732824378016
1732824378054
1732824378155
1732824378226
1732824378278
1732824378360
1732824378493
1732824378595
1732824378607
1732824378642
1732824378787
1732824378873
1732824378909
1732824379004
1732824379097
1732824379132
1732824379166
1732824379223
1732824379323
1732824379411
1732824379443
1732824379524
1732824379626
1732824379664
1732824379696
1732824379776
1732824379867
1732824379939
1732824379971
1732824380061
1732824380184
1732824380196
1732824380237
1732824380268
1732824380402
1732824380466
1732824380495
1732824380570
1732824380676
1732824380716
1732824380748
1732824380790
1732824380906
1732824381004
1732824381050
1732824381136
1732824381294
1732824381344
1732824381377
1732824381413
1732824381525
1732824381650
1732824381657
1732824381731
1732824381835
1732824381870
1732824382032
1732824382072
1732824382194
1732824382245
1732824382284
1732824382348
1732824382460
1732824382512
1732824382561
1732824382604
1732824382707
1732824382777
1732824382816
1732824382885
1732824382998
1732824383052
1732824383091
1732824383129
1732824383295
1732824383398
1732824383477
1732824383550
1732824383701
1732824383757
1732824383793
1732824383820
1732824383934
1732824384006
1732824384065
1732824384119
1732824384260
1732824384266
1732824384302
1732824384329
1732824384434
1732824384505
1732824384574
1732824384646
1732824384760
1732824384850
1732824384855
1732824384880
1732824384994
1732824385065
1732824385094
1732824385171
1732824385265
1732824385319
1732824385339
1732824385406
1732824385473
1732824385549
1732824385585
1732824385686
1732824385789
1732824385826
1732824385871
1732824385920
1732824386068
1732824386159
1732824386211
1732824386331
1732824386550
1732824386626
1732824386643
1732824386696
1732824386808
1732824386903
1732824386935
1732824387034
1732824387149
1732824387197
1732824387241
1732824387260
1732824387376
1732824387475
1732824387517
1732824387698
1732824387808
1732824387863
1732824387914
1732824387953
1732824388077
1732824388154
1732824388215
1732824388290
1732824388470
1732824388518
1732824388533
1732824388570
1732824388715
1732824388793
1732824388816
1732824388898
1732824389009
1732824389044
1732824389093
1732824389114
1732824389222
1732824389295
1732824389362
1732824389425
1732824389522
1732824389600
1732824389621
1732824389687
1732824389803
1732824389872
1732824389923
1732824389995
1732824390110
1732824390140
1732824390180
1732824390215
1732824390327
1732824390398
1732824390442
1732824390517
1732824390629
1732824390668
1732824390716
1732824390751
1732824390864
1732824390959
1732824391006
1732824391078
1732824391235
1732824391280
1732824391319
1732824391373
1732824391465
1732824391555
1732824391599
1732824391673
1732824391812
1732824391837
1732824391889
1732824391950
1732824392051
1732824392144
1732824392179
1732824392264
1732824392361
1732824392407
1732824392443
1732824392474
1732824392592
1732824392676
1732824392702
1732824392771
1732824392882
1732824392920
1732824392953
1732824392988
1732824393096
1732824393197
1732824393207
1732824393289
1732824393467
1732824393511
1732824393531
1732824393622
1732824393672
1732824393767
1732824393835
1732824393940
1732824394165
1732824394197
1732824394294
1732824394316
1732824394395
1732824394475
1732824394535
1732824394624
1732824394742
1732824394782
1732824394834
1732824394873
1732824394958
1732824395058
1732824395083
1732824395133
1732824395238
1732824395262
1732824395296
1732824395350
1732824395443
1732824395520
1732824395553
1732824395629
1732824395765
1732824395845
1732824395872
1732824395879
1732824396035
1732824396091
1732824396154
1732824396261
1732824396353
1732824396393
1732824396425
1732824396464
1732824396579
1732824396649
1732824396694
1732824396797
1732824396917
1732824396967
1732824396992
1732824397025
1732824397138
1732824397192
1732824397218
1732824397287
1732824397388
1732824397418
1732824397467
1732824397492
1732824397612
1732824397663
1732824397698
1732824397773
1732824397882
1732824397903
1732824397951
1732824397986
1732824398078
1732824398146
1732824398192
1732824398267
1732824398407
1732824398449
1732824398466
1732824398503
1732824398655
1732824398735
1732824398783
1732824398878
1732824398970
1732824399006
1732824399040
1732824399082
1732824399183
1732824399271
1732824399301
1732824399373
1732824399479
1732824399529
1732824399568
1732824399619
1732824399753
1732824399824
1732824399859
1732824399935
1732824400049
1732824400107
1732824400151
1732824400222
1732824400332
1732824400405
1732824400433
1732824400510
1732824400619
1732824400683
1732824400701
1732824400743
1732824400893
1732824401028
1732824401034
1732824401116
1732824401219
1732824401259
1732824401306
1732824401334
1732824401447
1732824401528
1732824401560
1732824401636
1732824401771
1732824401808
1732824401856
1732824401896
1732824402006
1732824402073
1732824402104
1732824402185
1732824402280
1732824402317
1732824402353
1732824402382
1732824402507
1732824402592
1732824402632
1732824402699
1732824402826
1732824402855
1732824402902
1732824402954
1732824403052
1732824403114
1732824403168
1732824403220
1732824403340
1732824403380
1732824403472
1732824403505
1732824403627
1732824403714
1732824403751
1732824403802
1732824403897
1732824403928
1732824403959
1732824404019
1732824404103
1732824404156
1732824404193
1732824404260
1732824404358
1732824404402
1732824404425
1732824404460
1732824404571
1732824404643
1732824404693
1732824404781
1732824404873
1732824404891
1732824404927
1732824404965
1732824405083
1732824405159
1732824405168
1732824405244
1732824405337
1732824405372
1732824405404
1732824405454
1732824405560
1732824405637
1732824405672
1732824405760
1732824405832
1732824405877
1732824405910
1732824405960
1732824406089
1732824406189
1732824406209
1732824406292
1732824406387
1732824406419
1732824406452
1732824406490
1732824406602
1732824406670
1732824406714
1732824406777
1732824406893
1732824406903
1732824406936
1732824406963
1732824407062
1732824407123
1732824407157
1732824407223
1732824407330
1732824407363
1732824407386
1732824407417
1732824407523
1732824407591
1732824407626
1732824407695
1732824407790
1732824407848
1732824407919
1732824407971
1732824408036
1732824408123
1732824408147
1732824408209
1732824408323
1732824408362
1732824408397
1732824408435
1732824408568
1732824408650
1732824408689
1732824408766
1732824408892
1732824408943
1732824408977
1732824409014
1732824409119
1732824409166
1732824409205
1732824409289
1732824409376
1732824409406
1732824409440
1732824409482
1732824409656
1732824409726
1732824409749
1732824409844
1732824409952
1732824410003
1732824410014
1732824410073
1732824410162
1732824410246
1732824410270
1732824410346
1732824410465
1732824410527
1732824410556
1732824410616
1732824410696
1732824410858
1732824410860
1732824410935
1732824411068
1732824411137
1732824411163
1732824411189
1732824411302
1732824411357
1732824411473
1732824411555
1732824411658
1732824411699
1732824411709
1732824411740
1732824411853
1732824411927
1732824411968
1732824412085
1732824412185
1732824412194
1732824412248
1732824412291
1732824412387
1732824412466
1732824412488
1732824412557
1732824412684
1732824412741
1732824412752
1732824412807
1732824412897
1732824412973
1732824413003
1732824413077
1732824413215
1732824413266
1732824413340
1732824413400
1732824413574
1732824413681
1732824413711
1732824413795
1732824413908
1732824413927
1732824413963
1732824413995
1732824414102
1732824414168
1732824414196
1732824414267
1732824414370
1732824414400
1732824414451
1732824414474
1732824414581
1732824414657
1732824414704
1732824414771
1732824414908
1732824414915
1732824414944
1732824414980
1732824415079
1732824415144
1732824415177
1732824415236
1732824415340
1732824415364
1732824415394
1732824415443
1732824415523
1732824415588
1732824415642
1732824415696
1732824415835
1732824415842
1732824415898
1732824415922
1732824416045
1732824416120
1732824416206
1732824416247
1732824416335
1732824416367
1732824416405
1732824416458
1732824416553
1732824416606
1732824416647
1732824416711
1732824416802
1732824416834
1732824416866
1732824416898
1732824416999
1732824417060
1732824417097
1732824417161
1732824417254
1732824417297
1732824417328
1732824417368
1732824417465
1732824417525
1732824417557
1732824417616
1732824417732
1732824417763
1732824417794
1732824417839
1732824417955
1732824418022
1732824418055
1732824418131
1732824418245
1732824418268
1732824418319
1732824418351
1732824418473
1732824418555
1732824418599
1732824418676
1732824418785
1732824418820
1732824418880
1732824418912
1732824418998
1732824419084
1732824419138
1732824419212
1732824419302
1732824419357
1732824419389
1732824419414
1732824419554
1732824419620
1732824419688
1732824419748
1732824419868
1732824419900
1732824419937
1732824419980
1732824420103
1732824420187
1732824420220
1732824420288
1732824420402
1732824420436
1732824420490
1732824420518
1732824420621
1732824420704
1732824420741
1732824420809
1732824420967
1732824420998
1732824421069
1732824421121
1732824421255
1732824421306
1732824421345
1732824421435
1732824421527
1732824421566
1732824421604
1732824421638
1732824421757
1732824421866
1732824421923
1732824422003
1732824422120
1732824422159
1732824422191
1732824422228
1732824422319
1732824422393
1732824422434
1732824422534
1732824422623
1732824422663
1732824422686
1732824422727
1732824422837
1732824422898
1732824422957
1732824423010
1732824423147
1732824423198
1732824423232
1732824423275
1732824423423
1732824423535
1732824423576
1732824423699
1732824423870
1732824423913
1732824423943
1732824424026
1732824424129
1732824424191
1732824424211
1732824424289
1732824424406
1732824424458
1732824424493
1732824424531
1732824424626
1732824424713
1732824424755
1732824424821
1732824424952
1732824425011
1732824425027
1732824425068
1732824425211
1732824425283
1732824425303
1732824425390
1732824425482
1732824425526
1732824425561
1732824425586
1732824425690
1732824425763
1732824425798
1732824425873
1732824425992
1732824426037
1732824426078
1732824426123
1732824426212
1732824426313
1732824426355
1732824426432
1732824426551
1732824426586
1732824426636
1732824426652
1732824426762
1732824426844
1732824426886
1732824426962
1732824427065
1732824427099
1732824427136
1732824427166
1732824427266
1732824427334
1732824427368
1732824427421
1732824427524
1732824427544
1732824427572
1732824427616
1732824427719
1732824427796
1732824427838
1732824427910
1732824428018
1732824428054
1732824428098
1732824428143
1732824428265
1732824428345
1732824428436
1732824428523
1732824428629
1732824428711
1732824428724
1732824428780
1732824428903
1732824428951
1732824428982
1732824429075
1732824429168
1732824429216
1732824429252
1732824429289
1732824429418
1732824429496
1732824429540
1732824429670
1732824429770
1732824429821
1732824429884
1732824429966
1732824430074
1732824430159
1732824430203
1732824430282
1732824430418
1732824430460
1732824430504
1732824430565
1732824430716
1732824430849
1732824430919
1732824431067
1732824431234
1732824431283
1732824431354
1732824431446
1732824431628
1732824431720
1732824431777
1732824431898
1732824432081
1732824432118
1732824432169
1732824432227
1732824432367
1732824432482
1732824432505
1732824432600
1732824432727
1732824432786
1732824432815
1732824432855
1732824432990
1732824433069
1732824433120
1732824433211
1732824433385
1732824433423
1732824433471
1732824433541
1732824433720
1732824433845
1732824433903
1732824434000
1732824434987
1732824434997
1732824435536
1732824435610
1732824436001
1732824436469
1732824436473
1732824436592
1732824436631
1732824436632
1732824436683
1732824436687
1732824436790
1732824436808
1732824436817
1732824436831
1732824436849
1732824436850
1732824436850
1732824436878
1732824436943
1732824436961
1732824436977
1732824437011
1732824437111
1732824437200
1732824437202
1732824437258
1732824437535
1732824437673
1732824437708
1732824437831
1732824437993
1732824438017
1732824438060
1732824438108
1732824438260
1732824438392
1732824438451
1732824438574
1732824438836
1732824438854
1732824438883
1732824438976
1732824439099
1732824439170
1732824439261
1732824439341
1732824439598
1732824439648
1732824439691
1732824439776
1732824439982
1732824440046
1732824440099
1732824440209
1732824440371
1732824440424
1732824440468
1732824440545
1732824440680
1732824440781
1732824440818
1732824440981
1732824441140
1732824441238
1732824441274
1732824441325
1732824441470
1732824441596
1732824441676
1732824441740
1732824441903
1732824441942
1732824441996
1732824442042
1732824442172
1732824442255
1732824442304
1732824442401
1732824442539
1732824442602
1732824442633
1732824442666
1732824442803
1732824442898
1732824442941
1732824443033
1732824443215
1732824443273
1732824443380
1732824443450
1732824443641
1732824443799
1732824443863
1732824443978
1732824444143
1732824444216
1732824444249
1732824444345
1732824444422
1732824444521
1732824444556
1732824444693
1732824444818
1732824444861
1732824444905
1732824444964
1732824445091
1732824445170
1732824445221
1732824445319
1732824445446
1732824445486
1732824445519
1732824445551
1732824445724
1732824445798
1732824445825
1732824445916
1732824446111
1732824446166
1732824446196
1732824446231
1732824446386
1732824446469
1732824446506
1732824446581
1732824446713
1732824446746
1732824446798
1732824446832
1732824446980
1732824447066
1732824447103
1732824447186
1732824447300
1732824447348
1732824447379
1732824447406
1732824447551
1732824447619
1732824447662
1732824447754
1732824447874
1732824447908
1732824447974
1732824448004
1732824448128
1732824448212
1732824448254
1732824448345
1732824448483
1732824448531
1732824448577
1732824448617
1732824448758
1732824448895
1732824448928
1732824448976
1732824449085
1732824449138
1732824449180
1732824449213
1732824449351
1732824449443
1732824449496
1732824449654
1732824449837
1732824449889
1732824449922
1732824449972
1732824450106
1732824450237
1732824450260
1732824450365
1732824450514
1732824450558
1732824450594
1732824450675
1732824450808
1732824450952
1732824451010
1732824451158
1732824451264
1732824451320
1732824451364
1732824451394
1732824451556
1732824451654
1732824451684
1732824451736
1732824451846
1732824451900
1732824451943
1732824451965
1732824452101
1732824452200
1732824452218
1732824452294
1732824452386
1732824452442
1732824452516
1732824452540
1732824452653
1732824452727
1732824452782
1732824452851
1732824452972
1732824453011
1732824453051
1732824453082
1732824453191
1732824453284
1732824453310
1732824453393
1732824453540
1732824453628
1732824453675
1732824453722
1732824453861
1732824453941
1732824453959
1732824454031
1732824454130
1732824454175
1732824454197
1732824454249
1732824454413
1732824454482
1732824454538
1732824454813
1732824454920
1732824454968
1732824455025
1732824455062
1732824455157
1732824455234
1732824455252
1732824455302
1732824455457
1732824455463
1732824455469
1732824455497
1732824455603
1732824455703
1732824455710
1732824455795
1732824455883
1732824455922
1732824455944
1732824455972
1732824456094
1732824456179
1732824456213
1732824456305
1732824456430
1732824456468
1732824456504
1732824456543
1732824456638
1732824456719
1732824456754
1732824456839
1732824456946
1732824456967
1732824457004
1732824457047
1732824457184
1732824457294
1732824457329
1732824457401
1732824457524
1732824457560
1732824457593
1732824457622
1732824457728
1732824457794
1732824457829
1732824457923
1732824458074
1732824458108
1732824458161
1732824458218
1732824458319
1732824458422
1732824458454
1732824458531
1732824458684
1732824458714
1732824458790
1732824458865
1732824459002
1732824459087
1732824459118
1732824459168
1732824459278
1732824459310
1732824459363
1732824459394
1732824459488
1732824459559
1732824459609
1732824459679
1732824459782
1732824459841
1732824459856
1732824459891
1732824459986
1732824460110
1732824460117
1732824460170
1732824460294
1732824460328
1732824460360
1732824460390
1732824460491
1732824460569
1732824460627
1732824460682
1732824460777
1732824460826
1732824460893
1732824460930
1732824461100
1732824461179
1732824461246
1732824461315
1732824461422
1732824461449
1732824461507
1732824461515
1732824461663
1732824461772
1732824461810
1732824461906
1732824462003
1732824462039
1732824462070
1732824462109
1732824462224
1732824462284
1732824462313
1732824462372
1732824462454
1732824462487
1732824462518
1732824462550
1732824462651
1732824462722
1732824462744
1732824462821
1732824462889
1732824462942
1732824462970
1732824463002
1732824463083
1732824463186
1732824463193
1732824463271
1732824463383
1732824463422
1732824463453
1732824463491
1732824463599
1732824463671
1732824463690
1732824463764
1732824463849
1732824463883
1732824463919
1732824463957
1732824464078
1732824464154
1732824464182
1732824464302
1732824464406
1732824464467
1732824464493
1732824464531
1732824464627
1732824464693
1732824464723
1732824464810
1732824464900
1732824464941
1732824464969
1732824465003
1732824465099
1732824465182
1732824465200
1732824465275
1732824465356
1732824465389
1732824465431
1732824465465
1732824465602
1732824465696
1732824465748
1732824465875
1732824466030
1732824466049
1732824466106
1732824466149
1732824466272
1732824466347
1732824466379
1732824466452
1732824466555
1732824466569
1732824466615
1732824466650
1732824466804
1732824466905
1732824466948
1732824467021
1732824467144
1732824467175
1732824467216
1732824467250
1732824467375
1732824467483
1732824467496
1732824467580
1732824467704
1732824467767
1732824467792
1732824467827
1732824467981
1732824468051
1732824468093
1732824468215
1732824468338
1732824468388
1732824468452
1732824468473
1732824468586
1732824468674
1732824468814
1732824468888
1732824469002
1732824469052
1732824469082
1732824469143
1732824469324
1732824469543
1732824469576
1732824469727
1732824469856
1732824469922
1732824469952
1732824470044
1732824470143
1732824470236
1732824470266
1732824470342
1732824470492
1732824470555
1732824470563
1732824470617
1732824470759
1732824470847
1732824470891
1732824470955
1732824471098
1732824471153
1732824471203
1732824471263
1732824471424
1732824471538
1732824471578
1732824471667
1732824471790
1732824471820
1732824471876
1732824471910
1732824472047
1732824472169
1732824472186
1732824472271
1732824472370
1732824472428
1732824472458
1732824472497
1732824472625
1732824472692
1732824472746
1732824472853
1732824472940
1732824472990
1732824473026
1732824473095
1732824473299
1732824473394
1732824473494
1732824473633
1732824473746
1732824473786
1732824473878
1732824473913
1732824474030
1732824474123
1732824474150
1732824474231
1732824474354
1732824474403
1732824474464
1732824474480
1732824474626
1732824474715
1732824474769
1732824474824
1732824474939
1732824474976
1732824475012
1732824475056
1732824475153
1732824475242
1732824475265
1732824475334
1732824475441
1732824475476
1732824475530
1732824475574
1732824475725
1732824475762
1732824475790
1732824475885
1732824475975
1732824476039
1732824476068
1732824476116
1732824476250
1732824476346
1732824476378
1732824476454
1732824476564
1732824476597
1732824476635
1732824476670
1732824476798
1732824476847
1732824476905
1732824476959
1732824477053
1732824477106
1732824477138
1732824477168
1732824477264
1732824477347
1732824477378
1732824477432
1732824477540
1732824477583
1732824477613
1732824477676
1732824477764
1732824477835
1732824477874
1732824477939
1732824478042
1732824478084
1732824478141
1732824478148
1732824478276
1732824478397
1732824478417
1732824478501
1732824478658
1732824478691
1732824478736
1732824478807
1732824478903
1732824478975
1732824479005
1732824479078
1732824479179
1732824479216
1732824479250
1732824479285
1732824479395
1732824479472
1732824479510
1732824479602
1732824479747
1732824479792
1732824479843
1732824479872
1732824479991
1732824480596
1732824480785
1732824480966
1732824481038
1732824481061
1732824481063
1732824481063
1732824481088
1732824481088
1732824481089
1732824481089
1732824481089
1732824481117
1732824481159
1732824481169
1732824481272
1732824481346
1732824481368
1732824481464
1732824481558
1732824481595
1732824481642
1732824481669
1732824481810
1732824481854
1732824481901
1732824481987
1732824482111
1732824482158
1732824482193
1732824482233
1732824482350
1732824482424
1732824482471
1732824482549
1732824482686
1732824482706
1732824482727
1732824482779
1732824482884
1732824482971
1732824483007
1732824483108
1732824483212
1732824483250
1732824483295
1732824483342
1732824483505
1732824483593
1732824483637
1732824483764
1732824483926
1732824483971
1732824484021
1732824484066
1732824484175
1732824484250
1732824484306
1732824484414
1732824484493
1732824484538
1732824484640
1732824484659
1732824484753
1732824484871
1732824484891
1732824484966
1732824485084
1732824485119
1732824485172
1732824485188
1732824485311
1732824485370
1732824485428
1732824485496
1732824485608
1732824485628
1732824485691
1732824485715
1732824485815
1732824485965
1732824485974
1732824486042
1732824486190
1732824486251
1732824486283
1732824486326
1732824486413
1732824486506
1732824486538
1732824486599
1732824486729
1732824486742
1732824486796
1732824486828
1732824486921
1732824486991
1732824487014
1732824487085
1732824487195
1732824487229
1732824487275
1732824487311
1732824487412
1732824487509
1732824487533
1732824487643
1732824487718
1732824487758
1732824487798
1732824487827
1732824487938
1732824488000
1732824488044
1732824488103
1732824488212
1732824488264
1732824488331
1732824488373
1732824488510
1732824488588
1732824488644
1732824488750
1732824488872
1732824488921
1732824488973
1732824489033
1732824489108
1732824489186
1732824489247
1732824489308
1732824489428
1732824489449
1732824489479
1732824489519
1732824489682
1732824489753
1732824489782
1732824489871
1732824489988
1732824490028
1732824490070
1732824490101
1732824490236
1732824490304
1732824490365
1732824490437
1732824490537
1732824490580
1732824490661
1732824490795
1732824490894
1732824491037
1732824491078
1732824491183
1732824491316
1732824491365
1732824491386
1732824491420
1732824491556
1732824491633
1732824491679
1732824491782
1732824491896
1732824491929
1732824491962
1732824492016
1732824492137
1732824492212
1732824492239
1732824492338
1732824492429
1732824492478
1732824492511
1732824492541
1732824492658
1732824492723
1732824492753
1732824492829
1732824492946
1732824492987
1732824493029
1732824493083
1732824493178
1732824493281
1732824493334
1732824493411
1732824493550
1732824493598
1732824493633
1732824493688
1732824493868
1732824493954
1732824493995
1732824494098
1732824494192
1732824494224
1732824494263
1732824494311
1732824494439
1732824494524
1732824494587
1732824494656
1732824494799
1732824494834
1732824494876
1732824494924
1732824495033
1732824495110
1732824495148
1732824495237
1732824495364
1732824495436
1732824495474
1732824495512
1732824495585
1732824495678
1732824495694
1732824495766
1732824495895
1732824495916
1732824495943
1732824495978
1732824496134
1732824496240
1732824496288
1732824496373
1732824496486
1732824496530
1732824496593
1732824496623
1732824496705
1732824496770
1732824496821
1732824496892
1732824497008
1732824497037
1732824497099
1732824497146
1732824497242
1732824497324
1732824497361
1732824497434
1732824497551
1732824497573
1732824497627
1732824497659
1732824497755
1732824497837
1732824497869
1732824497982
1732824498191
1732824498244
1732824498319
1732824498345
1732824498517
1732824498641
1732824498701
1732824498837
1732824499022
1732824499068
1732824499115
1732824499166
1732824499320
1732824499411
1732824499446
1732824499527
1732824499635
1732824499696
1732824499726
1732824499771
1732824499897
1732824499963
1732824500013
1732824500122
1732824500241
1732824500284
1732824500318
1732824500374
1732824500492
1732824500552
1732824500610
1732824500746
1732824500878
1732824500922
1732824500947
1732824500975
1732824501169
1732824501263
1732824501296
1732824501416
1732824501581
1732824501641
1732824501670
1732824501768
1732824501891
1732824501954
1732824502002
1732824502093
1732824502233
1732824502280
1732824502310
1732824502354
1732824502471
1732824502558
1732824502613
1732824502689
1732824502791
1732824502854
1732824502862
1732824502898
1732824503028
1732824503136
1732824503165
1732824503297
1732824503465
1732824503502
1732824503574
1732824503642
1732824503771
1732824503865
1732824503929
1732824504004
1732824504100
1732824504139
1732824504224
1732824504244
1732824504349
1732824504437
1732824504486
1732824504564
1732824504711
1732824504732
1732824504771
1732824504817
1732824504955
1732824505046
1732824505076
1732824505153
1732824505270
1732824505293
1732824505332
1732824505375
1732824505497
1732824505571
1732824505580
1732824505688
1732824505766
1732824505807
1732824505828
1732824505866
1732824505973
1732824506069
1732824506104
1732824506196
1732824506319
1732824506370
1732824506406
1732824506454
1732824506571
1732824506646
1732824506676
1732824506734
1732824506851
1732824506922
1732824506951
1732824506983
1732824507116
1732824507174
1732824507212
1732824507283
1732824507398
1732824507444
1732824507474
1732824507505
1732824507610
1732824507676
1732824507713
1732824507778
1732824507914
1732824507964
1732824507982
1732824508026
1732824508106
1732824508187
1732824508219
1732824508318
1732824508417
1732824508465
1732824508517
1732824508560
1732824508676
1732824508775
1732824508827
1732824508927
1732824509035
1732824509079
1732824509139
1732824509196
1732824509273
1732824509350
1732824509389
1732824509461
1732824509569
1732824509601
1732824509640
1732824509689
1732824509807
1732824509896
1732824509939
1732824510033
1732824510139
1732824510156
1732824510207
1732824510266
1732824510370
1732824510455
1732824510508
1732824510581
1732824510695
1732824510735
1732824510780
1732824510815
1732824511004
1732824511039
1732824511123
1732824511173
1732824511354
1732824511411
1732824511431
1732824511479
1732824511593
1732824511677
1732824511706
1732824511792
1732824511941
1732824511962
1732824512021
1732824512056
1732824512197
1732824512272
1732824512310
1732824512399
1732824512523
1732824512554
1732824512589
1732824512635
1732824512755
1732824512819
1732824512871
1732824512947
1732824513119
1732824513145
1732824513159
1732824513226
1732824513328
1732824513416
1732824513451
1732824513538
1732824513673
1732824513731
1732824513811
1732824513827
1732824513961
1732824514073
1732824514138
1732824514186
1732824514295
1732824514332
1732824514370
1732824514408
1732824514539
1732824514620
1732824514680
1732824514748
1732824514927
1732824514956
1732824514985
1732824515024
1732824515139
1732824515223
1732824515269
1732824515353
1732824515453
1732824515477
1732824515513
1732824515543
1732824515662
1732824515724
1732824515792
1732824515829
1732824515937
1732824515987
1732824516026
1732824516066
1732824516185
1732824516278
1732824516323
1732824516398
1732824516521
1732824516580
1732824516633
1732824516681
1732824516893
1732824517014
1732824517065
1732824517165
1732824517339
1732824517461
1732824517484
1732824517563
1732824517744
1732824517865
1732824517913
1732824518098
1732824518297
1732824518365
1732824518450
1732824518494
1732824518722
1732824518787
1732824518854
1732824518960
1732824519082
1732824519151
1732824519172
1732824519194
1732824519292
1732824519395
1732824519416
1732824519479
1732824519615
1732824519654
1732824519676
1732824519717
1732824519822
1732824519932
1732824519962
1732824520047
1732824520136
1732824520178
1732824520213
1732824520256
1732824520383
1732824520442
1732824520485
1732824520576
1732824520701
1732824520747
1732824520777
1732824520819
1732824520965
1732824521101
1732824521162
1732824521319
1732824521409
1732824521485
1732824521512
1732824521552
1732824521658
1732824521748
1732824521778
1732824521866
1732824522014
1732824522036
1732824522105
1732824522151
1732824522250
1732824522353
1732824522396
1732824522447
1732824522561
1732824522597
1732824522647
1732824522676
1732824522805
1732824522893
1732824522923
1732824523002
1732824523147
1732824523197
1732824523252
1732824523280
1732824523394
1732824523497
1732824523509
1732824523624
1732824523761
1732824523809
1732824523900
1732824523939
1732824524095
1732824524187
1732824524236
1732824524328
1732824524489
1732824524536
1732824524587
1732824524643
1732824524768
1732824524879
1732824524932
1732824525012
1732824525130
1732824525166
1732824525187
1732824525264
1732824525381
1732824525442
1732824525487
1732824525636
1732824525745
1732824525776
1732824525851
1732824525860
1732824526093
1732824526129
1732824526180
1732824526278
1732824526394
1732824526426
1732824526490
1732824526510
1732824526619
1732824526688
1732824526742
1732824526813
1732824526963
1732824526994
1732824527024
1732824527054
1732824527187
1732824527230
1732824527302
1732824527340
1732824527446
1732824527476
1732824527526
1732824527570
1732824527673
1732824527761
1732824527790
1732824527852
1732824527963
1732824527986
1732824528013
1732824528067
1732824528154
1732824528247
1732824528267
1732824528351
1732824528474
1732824528509
1732824528597
1732824528613
1732824528732
1732824528799
1732824528861
1732824528917
1732824529009
1732824529062
1732824529092
1732824529123
1732824529217
1732824529307
1732824529319
1732824529404
1732824529505
1732824529542
1732824529591
1732824529633
1732824529753
1732824529810
1732824529841
1732824529917
1732824530057
1732824530096
1732824530145
1732824530153
1732824530246
1732824530317
1732824530358
1732824530424
1732824530523
1732824530572
1732824530593
1732824530667
1732824530761
1732824530855
1732824530894
1732824530998
1732824531139
1732824531180
1732824531221
1732824531257
1732824531405
1732824531467
1732824531503
1732824531594
1732824531718
1732824531752
1732824531808
1732824531869
1732824531982
1732824532053
1732824532074
1732824532144
1732824532261
1732824532314
1732824532358
1732824532382
1732824532516
1732824532570
1732824532612
1732824532701
1732824532801
1732824532846
1732824532904
1732824532933
1732824533061
1732824533120
1732824533209
1732824533282
1732824533432
1732824533527
1732824533586
1732824533629
1732824533791
1732824533868
1732824533898
1732824534006
1732824534101
1732824534145
1732824534194
1732824534229
1732824534344
1732824534438
1732824534474
1732824534561
1732824534672
1732824534727
1732824534760
1732824534795
1732824534947
1732824535024
1732824535098
1732824535161
1732824535275
1732824535316
1732824535360
1732824535387
1732824535519
1732824535594
1732824535697
1732824535733
1732824535841
1732824535878
1732824535896
1732824535931
1732824536065
1732824536153
1732824536184
1732824536299
1732824536459
1732824536462
1732824536501
1732824536509
1732824536629
1732824536676
1732824536706
1732824536785
1732824536896
1732824536952
1732824536972
1732824537003
1732824537107
1732824537203
1732824537213
1732824537277
1732824537396
1732824537427
1732824537461
1732824537519
1732824537611
1732824537671
1732824537707
1732824537778
1732824537895
1732824537920
1732824537985
1732824538005
1732824538109
1732824538173
1732824538217
1732824538290
1732824538422
1732824538462
1732824538490
1732824538544
1732824538685
1732824538772
1732824538804
1732824538893
1732824538996
1732824539032
1732824539056
1732824539087
1732824539218
1732824539269
1732824539305
1732824539379
1732824539508
1732824539578
1732824539599
1732824539656
1732824539791
1732824539906
1732824539965
1732824540057
1732824540229
1732824540290
1732824540321
1732824540371
1732824540576
1732824540738
1732824540752
1732824540853
1732824540981
1732824541058
1732824541138
1732824541196
1732824541377
1732824541577
1732824541606
1732824541680
1732824541837
1732824541874
1732824541940
1732824541999
1732824542160
1732824542252
1732824542303
1732824542416
1732824542564
1732824542616
1732824542666
1732824542716
1732824542859
1732824542980
1732824543012
1732824543110
1732824543306
1732824543336
1732824543388
1732824543426
1732824543583
1732824543662
1732824543701
1732824543809
1732824543938
1732824543975
1732824544016
1732824544062
1732824544214
1732824544303
1732824544309
1732824544374
1732824544506
1732824544564
1732824544604
1732824544643
1732824544767
1732824544843
1732824544901
1732824544977
1732824545107
1732824545144
1732824545186
1732824545232
1732824545340
1732824545424
1732824545462
1732824545545
1732824545712
1732824545788
1732824545831
1732824545855
1732824545979
1732824546091
1732824546144
1732824546203
1732824546347
1732824546379
1732824546444
1732824546452
1732824546551
1732824546635
1732824546652
1732824546722
1732824546841
1732824546874
1732824546936
1732824546955
1732824547056
1732824547156
1732824547165
1732824547239
1732824547365
1732824547398
1732824547429
1732824547459
1732824547592
1732824547654
1732824547708
1732824547807
1732824547875
1732824547918
1732824547949
1732824547986
1732824548116
1732824548177
1732824548217
1732824548324
1732824548474
1732824548535
1732824548586
1732824548633
1732824548796
1732824548911
1732824548956
1732824549070
1732824549184
1732824549240
1732824549308
1732824549342
1732824549482
1732824549575
1732824549630
1732824549744
1732824549876
1732824549988
1732824549993
1732824550053
1732824550147
1732824550214
1732824550258
1732824550352
1732824550483
1732824550516
1732824550565
1732824550610
1732824550752
1732824550877
1732824550907
1732824551016
1732824551204
1732824551297
1732824551347
1732824551387
1732824551504
1732824551599
1732824551649
1732824551707
1732824551889
1732824551960
1732824551986
1732824552036
1732824552245
1732824552324
1732824552370
1732824552427
1732824552559
1732824552591
1732824552637
1732824552667
1732824552813
1732824552892
1732824552934
1732824552992
1732824553100
1732824553141
1732824553179
1732824553233
1732824553454
1732824553658
1732824553667
1732824553770
1732824553946
1732824554041
1732824554088
1732824554104
1732824554250
1732824554333
1732824554389
1732824554487
1732824554605
1732824554680
1732824554728
1732824554780
1732824554930
1732824555049
1732824555085
1732824555166
1732824555313
1732824555360
1732824555381
1732824555421
1732824555574
1732824555725
1732824555766
1732824555858
1732824555991
1732824556045
1732824556080
1732824556109
1732824556243
1732824556342
1732824556385
1732824556471
1732824556574
1732824556614
1732824556650
1732824556687
1732824556811
1732824556860
1732824556948
1732824557003
1732824557085
1732824557152
1732824557157
1732824557211
1732824557300
1732824557368
1732824557404
1732824557496
1732824557599
1732824557609
1732824557651
1732824557682
1732824557806
1732824557882
1732824557918
1732824557992
1732824558082
1732824558119
1732824558154
1732824558191
1732824558319
1732824558388
1732824558443
1732824558536
1732824558671
1732824558696
1732824558740
1732824558793
1732824558933
1732824559004
1732824559040
1732824559112
1732824559226
1732824559262
1732824559303
1732824559349
1732824559442
1732824559515
1732824559554
1732824559646
1732824559768
1732824559811
1732824559850
1732824559896
1732824560017
1732824560107
1732824560128
1732824560184
1732824560299
1732824560351
1732824560377
1732824560413
1732824560542
1732824560626
1732824560636
1732824560717
1732824560818
1732824560856
1732824560902
1732824560990
1732824561124
1732824561230
1732824561257
1732824561340
1732824561456
1732824561515
1732824561554
1732824561606
1732824561773
1732824561857
1732824561920
1732824562048
1732824562232
1732824562264
1732824562316
1732824562359
1732824562513
1732824562611
1732824562682
1732824562749
1732824562885
1732824562933
1732824562995
1732824563111
1732824563195
1732824563321
1732824563398
1732824563544
1732824563763
1732824563838
1732824563902
1732824563962
1732824564108
1732824564246
1732824564288
1732824564370
1732824564523
1732824564583
1732824564628
1732824564717
1732824564895
1732824565012
1732824565065
1732824565191
1732824565292
1732824565338
1732824565381
1732824565422
1732824565547
1732824565631
1732824565700
1732824565794
1732824565901
1732824565933
1732824565977
1732824566031
1732824566128
1732824566234
1732824566300
1732824566386
1732824566521
1732824566567
1732824566599
1732824566654
1732824566765
1732824566826
1732824566877
1732824566947
1732824567082
1732824567110
1732824567153
1732824567181
1732824567292
1732824567379
1732824567412
1732824567478
1732824567589
1732824567644
1732824567655
1732824567680
1732824567801
1732824567863
1732824567907
1732824567961
1732824568118
1732824568123
1732824568147
1732824568187
1732824568312
1732824568369
1732824568421
1732824568513
1732824568631
1732824568674
1732824568728
1732824568762
1732824568887
1732824568967
1732824569016
1732824569104
1732824569183
1732824569240
1732824569269
1732824569302
1732824569405
1732824569481
1732824569511
1732824569584
1732824569706
1732824569754
1732824569787
1732824569829
1732824569959
1732824570044
1732824570066
1732824570156
1732824570259
1732824570283
1732824570327
1732824570352
1732824570466
1732824570548
1732824570579
1732824570660
1732824570773
1732824570818
1732824570851
1732824570891
1732824571030
1732824571156
1732824571185
1732824571287
1732824571588
1732824571657
1732824571695
1732824571750
1732824571924
1732824572041
1732824572106
1732824572166
1732824572326
1732824572356
1732824572408
1732824572462
1732824572618
1732824572714
1732824572774
1732824572868
1732824573059
1732824573144
1732824573158
1732824573190
1732824573325
1732824573405
1732824573463
1732824573554
1732824573694
1732824573756
1732824573802
1732824573848
1732824573971
1732824574055
1732824574093
1732824574178
1732824574282
1732824574331
1732824574370
1732824574412
1732824574527
1732824574606
1732824574646
1732824574741
1732824574921
1732824574961
1732824575002
1732824575047
1732824575194
1732824575261
1732824575298
1732824575379
1732824575542
1732824575569
1732824575616
1732824575657
1732824575784
1732824575867
1732824575903
1732824575991
1732824576130
1732824576168
1732824576209
1732824576265
1732824576363
1732824576454
1732824576491
1732824576555
1732824576680
1732824576718
1732824576749
1732824576791
1732824576906
1732824576976
1732824577010
1732824577090
1732824577197
1732824577242
1732824577274
1732824577323
1732824577424
1732824577496
1732824577539
1732824577610
1732824577712
1732824577758
1732824577817
1732824577834
1732824577929
1732824578001
1732824578042
1732824578116
1732824578260
1732824578270
1732824578319
1732824578350
1732824578494
1732824578565
1732824578628
1732824578697
1732824578832
1732824578885
1732824578935
1732824578964
1732824579065
1732824579136
1732824579176
1732824579251
1732824579365
1732824579414
1732824579458
1732824579505
1732824579634
1732824579699
1732824579751
1732824579841
1732824579952
1732824580003
1732824580027
1732824580060
1732824580181
1732824580257
1732824580295
1732824580382
1732824580468
1732824580515
1732824580539
1732824580585
1732824580714
1732824580791
1732824580836
1732824580925
1732824581058
1732824581111
1732824581150
1732824581220
1732824581337
1732824581397
1732824581440
1732824581520
1732824581655
1732824581701
1732824581743
1732824581783
1732824581920
1732824582002
1732824582039
1732824582114
1732824582223
1732824582261
1732824582303
1732824582341
1732824582461
1732824582590
1732824582630
1732824582929
1732824582938
1732824583638
1732824583724
1732824583774
1732824583782
1732824583783
1732824583804
1732824583827
1732824583842
1732824583843
1732824583843
1732824583860
1732824583878
1732824583931
1732824583977
1732824584090
1732824584233
1732824584269
1732824584302
1732824584342
1732824584459
1732824584542
1732824584581
1732824584663
1732824584830
1732824584889
1732824584963
1732824584998
1732824585159
1732824585207
1732824585236
1732824585308
1732824585422
1732824585468
1732824585508
1732824585570
1732824585714
1732824585793
1732824585819
1732824585923
1732824586063
1732824586126
1732824586178
1732824586213
1732824586348
1732824586424
1732824586465
1732824586544
1732824586675
1732824586720
1732824586759
1732824586796
1732824586930
1732824586986
1732824587013
1732824587102
1732824587197
1732824587239
1732824587276
1732824587312
1732824587411
1732824587487
1732824587529
1732824587599
1732824587722
1732824587747
1732824587789
1732824587821
1732824587948
1732824588009
1732824588094
1732824588153
1732824588261
1732824588293
1732824588325
1732824588367
1732824588515
1732824588602
1732824588636
1732824588747
1732824588871
1732824588918
1732824588965
1732824588982
1732824589086
1732824589176
1732824589205
1732824589267
1732824589387
1732824589435
1732824589464
1732824589506
1732824589663
1732824589717
1732824589770
1732824589844
1732824590004
1732824590037
1732824590074
1732824590127
1732824590261
1732824590335
1732824590370
1732824590447
1732824590577
1732824590606
1732824590664
1732824590719
1732824590807
1732824590875
1732824590940
1732824591047
1732824591161
1732824591204
1732824591238
1732824591273
1732824591385
1732824591474
1732824591483
1732824591562
1732824591693
1732824591756
1732824591802
1732824591838
1732824591961
1732824592053
1732824592095
1732824592165
1732824592309
1732824592328
1732824592369
1732824592412
1732824592562
1732824592622
1732824592663
1732824592739
1732824592841
1732824592882
1732824592929
1732824592963
1732824593077
1732824593169
1732824593200
1732824593314
1732824593483
1732824593560
1732824593593
1732824593656
1732824593829
1732824593945
1732824593973
1732824594077
1732824594184
1732824594227
1732824594266
1732824594303
1732824594431
1732824594516
1732824594556
1732824594669
1732824594783
1732824594842
1732824594913
1732824594956
1732824595107
1732824595199
1732824595235
1732824595319
1732824595430
1732824595487
1732824595519
1732824595569
1732824595709
1732824595792
1732824595835
1732824595907
1732824596042
1732824596135
1732824596215
1732824596245
1732824596405
1732824596493
1732824596552
1732824596626
1732824596730
1732824596767
1732824596809
1732824596847
1732824596987
1732824597051
1732824597090
1732824597174
1732824597288
1732824597315
1732824597357
1732824597395
1732824597501
1732824597598
1732824597610
1732824597690
1732824597786
1732824597826
1732824597867
1732824597904
1732824598038
1732824598100
1732824598132
1732824598212
1732824598358
1732824598403
1732824598438
1732824598487
1732824598634
1732824598723
1732824598803
1732824598853
1732824599009
1732824599024
1732824599055
1732824599107
1732824599217
1732824599310
1732824599323
1732824599397
1732824599527
1732824599556
1732824599599
1732824599635
1732824599759
1732824599857
1732824599908
1732824599995
1732824600115
1732824600182
1732824600197
1732824600247
1732824600357
1732824600423
1732824600462
1732824600543
1732824600656
1732824600693
1732824600745
1732824600786
1732824600896
1732824600976
1732824601044
1732824601167
1732824601285
1732824601401
1732824601427
1732824601432
1732824601535
1732824601615
1732824601644
1732824601724
1732824601854
1732824601919
1732824601947
1732824601989
1732824602114
1732824602215
1732824602240
1732824602436
1732824602490
1732824602508
1732824602541
1732824602584
1732824602709
1732824602780
1732824602847
1732824602906
1732824603060
1732824603087
1732824603124
1732824603162
1732824603287
1732824603367
1732824603423
1732824603527
1732824603681
1732824603741
1732824603792
1732824603835
1732824603989
1732824604119
1732824604185
1732824604277
1732824604412
1732824604458
1732824604492
1732824604543
1732824604666
1732824604755
1732824604816
1732824604897
1732824605028
1732824605074
1732824605120
1732824605173
1732824605322
1732824605398
1732824605435
1732824605527
1732824605683
1732824605755
1732824605775
1732824605811
1732824605956
1732824606041
1732824606132
1732824606211
1732824606344
1732824606379
1732824606423
1732824606465
1732824606586
1732824606677
1732824606722
1732824606830
1732824606946
1732824606984
1732824607019
1732824607056
1732824607180
1732824607247
1732824607273
1732824607352
1732824607454
1732824607505
1732824607525
1732824607564
1732824607679
1732824607734
1732824607774
1732824607852
1732824607953
1732824607991
1732824608043
1732824608072
1732824608187
1732824608238
1732824608285
1732824608353
1732824608489
1732824608518
1732824608560
1732824608610
1732824608763
1732824608858
1732824608915
1732824609011
1732824609127
1732824609167
1732824609209
1732824609258
1732824609397
1732824609470
1732824609557
1732824609612
1732824609710
1732824609760
1732824609804
1732824609857
1732824609996
1732824610069
1732824610094
1732824610190
1732824610287
1732824610317
1732824610369
1732824610405
1732824610529
1732824610589
1732824610634
1732824610712
1732824610829
1732824610856
1732824610885
1732824610923
1732824611059
1732824611202
1732824611221
1732824611279
1732824611412
1732824611475
1732824611501
1732824611519
1732824611616
1732824611696
1732824611748
1732824611828
1732824611954
1732824612005
1732824612042
1732824612083
1732824612212
1732824612277
1732824612326
1732824612392
1732824612529
1732824612547
1732824612592
1732824612637
1732824612766
1732824612837
1732824612871
1732824612954
1732824613082
1732824613103
1732824613156
1732824613193
1732824613322
1732824613414
1732824613458
1732824613547
1732824613692
1732824613753
1732824613803
1732824613844
1732824614001
1732824614081
1732824614122
1732824614199
1732824614326
1732824614353
1732824614435
1732824614443
1732824614551
1732824614633
1732824614689
1732824614751
1732824614912
1732824614935
1732824614999
1732824615057
1732824615156
1732824615240
1732824615295
1732824615383
1732824615490
1732824615571
1732824615603
1732824615647
1732824615740
1732824615817
1732824615859
1732824615941
1732824616096
1732824616143
1732824616200
1732824616290
1732824616382
1732824616469
1732824616517
1732824616600
1732824616715
1732824616744
1732824616802
1732824616857
1732824616964
1732824617036
1732824617074
1732824617156
1732824617263
1732824617313
1732824617347
1732824617381
1732824617490
1732824617573
1732824617610
1732824617702
1732824617800
1732824617834
1732824617865
1732824617907
1732824618036
1732824618147
1732824618191
1732824618273
1732824618432
1732824618481
1732824618517
1732824618551
1732824618713
1732824618792
1732824618844
1732824618943
1732824619066
1732824619117
1732824619147
1732824619191
1732824619326
1732824619418
1732824619454
1732824619539
1732824619661
1732824619708
1732824619760
1732824619819
1732824619914
1732824620006
1732824620044
1732824620110
1732824620234
1732824620259
1732824620304
1732824620345
1732824620450
1732824620536
1732824620567
1732824620638
1732824620749
1732824620785
1732824620811
1732824620863
1732824620973
1732824621063
1732824621144
1732824621238
1732824621350
1732824621408
1732824621426
1732824621468
1732824621592
1732824621655
1732824621687
1732824621804
1732824621902
1732824621959
1732824622040
1732824622053
1732824622156
1732824622219
1732824622255
1732824622341
1732824622456
1732824622501
1732824622550
1732824622578
1732824622687
1732824622788
1732824622809
1732824622876
1732824623004
1732824623037
1732824623082
1732824623142
1732824623309
1732824623416
1732824623476
1732824623612
1732824623771
1732824623825
1732824623877
1732824623917
1732824624034
1732824624116
1732824624160
1732824624234
1732824624370
1732824624404
1732824624447
1732824624497
1732824624607
1732824624679
1732824624723
1732824624808
1732824624939
1732824625004
1732824625066
1732824625092
1732824625206
1732824625293
1732824625327
1732824625409
1732824625531
1732824625563
1732824625611
1732824625649
1732824625809
1732824625882
1732824625906
1732824625989
1732824626149
1732824626224
1732824626245
1732824626289
1732824626463
1732824626517
1732824626562
1732824626647
1732824626758
1732824626799
1732824626840
1732824626870
1732824626990
1732824627068
1732824627102
1732824627181
1732824627301
1732824627326
1732824627366
1732824627401
1732824627509
1732824627580
1732824627608
1732824627682
1732824627798
1732824627829
1732824627886
1732824627921
1732824628031
1732824628142
1732824628196
1732824628276
1732824628402
1732824628434
1732824628494
1732824628521
1732824628655
1732824628767
1732824628789
1732824628884
1732824629012
1732824629046
1732824629078
1732824629133
1732824629216
1732824629300
1732824629327
1732824629426
1732824629529
1732824629563
1732824629587
1732824629618
1732824629756
1732824629839
1732824629887
1732824629966
1732824630092
1732824630116
1732824630152
1732824630197
1732824630311
1732824630392
1732824630408
1732824630481
1732824630627
1732824630650
1732824630687
1732824630732
1732824630824
1732824630896
1732824630952
1732824631052
1732824631193
1732824631214
1732824631265
1732824631303
1732824631405
1732824631473
1732824631524
1732824631589
1732824631712
1732824631743
1732824631785
1732824631826
1732824631940
1732824632011
1732824632041
1732824632138
1732824632264
1732824632321
1732824632338
1732824632386
1732824632514
1732824632574
1732824632612
1732824632702
1732824632826
1732824632848
1732824632890
1732824632935
1732824633028
1732824633117
1732824633145
1732824633250
1732824633435
1732824633467
1732824633502
1732824633520
1732824633701
1732824633822
1732824633898
1732824633981
1732824634121
1732824634167
1732824634251
1732824634311
1732824634466
1732824634599
1732824634624
1732824634707
1732824634869
1732824634912
1732824634985
1732824635102
1732824635350
1732824635469
1732824635543
1732824635794
1732824636301
1732824636384
1732824636389
1732824636395
1732824636425
1732824636432
1732824636447
1732824636574
1732824636750
1732824636762
1732824636812
1732824636887
1732824637019
1732824637095
1732824637152
1732824637221
1732824637352
1732824637392
1732824637437
1732824637485
1732824637657
1732824637743
1732824637788
1732824637867
1732824638003
1732824638063
1732824638111
1732824638161
1732824638283
1732824638378
1732824638408
1732824638529
1732824638646
1732824638690
1732824638751
1732824638808
1732824639041
1732824639118
1732824639163
1732824639241
1732824639362
1732824639413
1732824639464
1732824639503
1732824639634
1732824639722
1732824639780
1732824639888
1732824640045
1732824640077
1732824640132
1732824640167
1732824640313
1732824640391
1732824640448
1732824640535
1732824640662
1732824640697
1732824640735
1732824640772
1732824640892
1732824640988
1732824641022
1732824641096
1732824641305
1732824641344
1732824641389
1732824641452
1732824641570
1732824641635
1732824641683
1732824641736
1732824641904
1732824641939
1732824641982
1732824642048
1732824642162
1732824642226
1732824642271
1732824642352
1732824642456
1732824642493
1732824642544
1732824642578
1732824642698
1732824642802
1732824642841
1732824642906
1732824643062
1732824643071
1732824643106
1732824643182
1732824643276
1732824643368
1732824643399
1732824643481
1732824643614
1732824643656
1732824643718
1732824643742
1732824643890
1732824643988
1732824644031
1732824644123
1732824644313
1732824644360
1732824644418
1732824644464
1732824644615
1732824644704
1732824644756
1732824644842
1732824645014
1732824645069
1732824645161
1732824645197
1732824645354
1732824645422
1732824645481
1732824645556
1732824645681
1732824645746
1732824645785
1732824645821
1732824645923
1732824646004
1732824646039
1732824646113
1732824646336
1732824646380
1732824646410
1732824646439
1732824646629
1732824646720
1732824646808
1732824646880
1732824647040
1732824647090
1732824647124
1732824647177
1732824647342
1732824647435
1732824647457
1732824647553
1732824647670
1732824647718
1732824647808
1732824647841
1732824647957
1732824648052
1732824648103
1732824648232
1732824648363
1732824648411
1732824648482
1732824648543
1732824648708
1732824648812
1732824648877
1732824649014
1732824649160
1732824649217
1732824649259
1732824649312
1732824649477
1732824649586
1732824649649
1732824649763
1732824649926
1732824650002
1732824650054
1732824650108
1732824650263
1732824650377
1732824650438
1732824650530
1732824650681
1732824650732
1732824650780
1732824650813
1732824650927
1732824650999
1732824651056
1732824651180
1732824651305
1732824651342
1732824651375
1732824651407
1732824651523
1732824651628
1732824651679
1732824651872
1732824652054
1732824652141
1732824652155
1732824652211
1732824652340
1732824652448
1732824652481
1732824652578
1732824652695
1732824652743
1732824652793
1732824652810
1732824652947
1732824653042
1732824653078
1732824653216
1732824653424
1732824653497
1732824653553
1732824653691
1732824653829
1732824653932
1732824654000
1732824654213
1732824654377
1732824654398
1732824654451
1732824654503
1732824654642
1732824654760
1732824654792
1732824654909
1732824655090
1732824655147
1732824655232
1732824655258
1732824655404
1732824655517
1732824655597
1732824655707
1732824655933
1732824655982
1732824656027
1732824656078
1732824656261
1732824656376
1732824656467
1732824656599
1732824656749
1732824656815
1732824656872
1732824656930
1732824657109
1732824657203
1732824657262
1732824657356
1732824657463
1732824657508
1732824657544
1732824657582
1732824657690
1732824657780
1732824657810
1732824657894
1732824658011
1732824658040
1732824658081
1732824658137
1732824658283
1732824658410
1732824658514
1732824658602
1732824658789
1732824658848
1732824658903
1732824658962
1732824659115
1732824659270
1732824659320
1732824659394
1732824659597
1732824659650
1732824659654
1732824659719
1732824659844
1732824659956
1732824660037
1732824660147
1732824660277
1732824660313
1732824660360
1732824660403
1732824660538
1732824660644
1732824660681
1732824660763
1732824660894
1732824660931
1732824660965
1732824661018
1732824661128
1732824661227
1732824661285
1732824661385
1732824661520
1732824661573
1732824661608
1732824661646
1732824661799
1732824661860
1732824661899
1732824661983
1732824662132
1732824662163
1732824662249
1732824662324
1732824662480
1732824662575
1732824662612
1732824662707
1732824662867
1732824662888
1732824662937
1732824662987
1732824663139
1732824663253
1732824663278
1732824663359
1732824663493
1732824663546
1732824663595
1732824663662
1732824663830
1732824663949
1732824663994
1732824664096
1732824664210
1732824664263
1732824664309
1732824664370
1732824664463
1732824664560
1732824664609
1732824664694
1732824664837
1732824664900
1732824664965
1732824664976
1732824665114
1732824665218
1732824665257
1732824665337
1732824665493
1732824665521
1732824665546
1732824665584
1732824665715
1732824665810
1732824665848
1732824665922
1732824666088
1732824666153
1732824666258
1732824666278
1732824666410
1732824666497
1732824666546
1732824666624
1732824666746
1732824666792
1732824666839
1732824666885
1732824667001
1732824667077
1732824667113
1732824667209
1732824667344
1732824667376
1732824667423
1732824667487
1732824667592
1732824667667
1732824667702
1732824667778
1732824667873
1732824667912
1732824667944
1732824667997
1732824668107
1732824668190
1732824668230
1732824668331
1732824668508
1732824668545
1732824668572
1732824668590
1732824668750
1732824668796
1732824668856
1732824668927
1732824669057
1732824669078
1732824669129
1732824669164
1732824669267
1732824669356
1732824669395
1732824669451
1732824669580
1732824669600
1732824669656
1732824669698
1732824669817
1732824669909
1732824669963
1732824670054
1732824670150
1732824670188
1732824670227
1732824670262
1732824670385
1732824670513
1732824670549
1732824670628
1732824670728
1732824670760
1732824670803
1732824670890
1732824671043
1732824671161
1732824671201
1732824671292
1732824671429
1732824671494
1732824671517
1732824671577
1732824671714
1732824671793
1732824671832
1732824671928
1732824672052
1732824672091
1732824672128
1732824672180
1732824672286
1732824672359
1732824672393
1732824672462
1732824672571
1732824672621
1732824672676
1732824672699
1732824672810
1732824672887
1732824672926
1732824673008
1732824673133
1732824673172
1732824673213
1732824673260
1732824673399
1732824673480
1732824673507
1732824673616
1732824673740
1732824673791
1732824673838
1732824673895
1732824674037
1732824674144
1732824674169
1732824674252
1732824674378
1732824674416
1732824674452
1732824674501
1732824674617
1732824674719
1732824674745
1732824674830
1732824674999
1732824675029
1732824675050
1732824675093
1732824675209
1732824675289
1732824675334
1732824675438
1732824675583
1732824675597
1732824675665
1732824675729
1732824675864
1732824675931
1732824675985
1732824676079
1732824676237
1732824676285
1732824676323
1732824676361
1732824676495
1732824676566
1732824676608
1732824676686
1732824676809
1732824676849
1732824676893
1732824676933
1732824677068
1732824677144
1732824677161
1732824677240
1732824677358
1732824677394
1732824677442
1732824677491
1732824677612
1732824677673
1732824677717
1732824677800
1732824677910
1732824677943
1732824677972
1732824678013
1732824678118
1732824678192
1732824678236
1732824678313
1732824678443
1732824678478
1732824678533
1732824678554
1732824678687
1732824678773
1732824678833
1732824678913
1732824679047
1732824679084
1732824679137
1732824679180
1732824679281
1732824679355
1732824679405
1732824679482
1732824679601
1732824679647
1732824679683
1732824679734
1732824679851
1732824679926
1732824679969
1732824680070
1732824680185
1732824680227
1732824680299
1732824680346
1732824680459
1732824680530
1732824680564
1732824680655
1732824680764
1732824680801
1732824680833
1732824680865
1732824680982
1732824681084
1732824681121
1732824681239
1732824681356
1732824681398
1732824681444
1732824681484
1732824681601
1732824681664
1732824681727
1732824681803
1732824681937
1732824681992
1732824682026
1732824682083
1732824682183
1732824682263
1732824682303
1732824682377
1732824682501
1732824682544
1732824682560
1732824682599
1732824682723
1732824682793
1732824682832
1732824682904
1732824683033
1732824683072
1732824683109
1732824683151
1732824683305
1732824683414
1732824683481
1732824683608
1732824683764
1732824683838
1732824683884
1732824683925
1732824684080
1732824684204
1732824684220
1732824684306
1732824684427
1732824684461
1732824684515
1732824684559
1732824684662
1732824684749
1732824684779
1732824684863
1732824684986
1732824685047
1732824685080
1732824685134
1732824685260
1732824685313
1732824685356
1732824685439
1732824685568
1732824685603
1732824685646
1732824685712
1732824685821
1732824685901
1732824685945
1732824686036
1732824686198
1732824686237
1732824686313
1732824686343
1732824686463
1732824686559
1732824686598
1732824686675
1732824686781
1732824686846
1732824686876
1732824686929
1732824687049
1732824687136
1732824687163
1732824687264
1732824687364
1732824687409
1732824687449
1732824687502
1732824687742
1732824687859
1732824687874
1732824688029
1732824688325
1732824688329
1732824688415
1732824688498
1732824688505
1732824688505
1732824688539
1732824688560
1732824688663
1732824688669
1732824688700
1732824688719
1732824688852
1732824688933
1732824688986
1732824689072
1732824689192
1732824689233
1732824689271
1732824689311
1732824689445
1732824689546
1732824689589
1732824689665
1732824689784
1732824689824
1732824689871
1732824689916
1732824690047
1732824690125
1732824690166
1732824690244
1732824690360
1732824690398
1732824690432
1732824690479
1732824690592
1732824690700
1732824690711
1732824690789
1732824690895
1732824690942
1732824690974
1732824691048
1732824691225
1732824691339
1732824691389
1732824691460
1732824691581
1732824691629
1732824691685
1732824691707
1732824691839
1732824691941
1732824691982
1732824692058
1732824692174
1732824692231
1732824692262
1732824692305
1732824692427
1732824692506
1732824692538
1732824692637
1732824692724
1732824692762
1732824692792
1732824692829
1732824692935
1732824693020
1732824693049
1732824693159
1732824693263
1732824693291
1732824693332
1732824693384
1732824693515
1732824693608
1732824693669
1732824693748
1732824693913
1732824693962
1732824694032
1732824694070
1732824694185
1732824694265
1732824694315
1732824694411
1732824694521
1732824694561
1732824694605
1732824694643
1732824694771
1732824694873
1732824694912
1732824695025
1732824695152
1732824695180
1732824695212
1732824695261
1732824695391
1732824695464
1732824695508
1732824695584
1732824695715
1732824695767
1732824695811
1732824695856
1732824695953
1732824696055
1732824696153
1732824696268
1732824696409
1732824696457
1732824696485
1732824696534
1732824696659
1732824696776
1732824696819
1732824696915
1732824697000
1732824697048
1732824697101
1732824697114
1732824697254
1732824697312
1732824697354
1732824697444
1732824697564
1732824697601
1732824697652
1732824697685
1732824697803
1732824697894
1732824697920
1732824697998
1732824698129
1732824698199
1732824698261
1732824698309
1732824698390
1732824698466
1732824698517
1732824698597
1732824698763
1732824698810
1732824698854
1732824698902
1732824699032
1732824699100
1732824699136
1732824699214
1732824699343
1732824699365
1732824699414
1732824699447
1732824699576
1732824699638
1732824699695
1732824699764
1732824699884
1732824699940
1732824699970
1732824700016
1732824700131
1732824700204
1732824700245
1732824700319
1732824700436
1732824700467
1732824700514
1732824700562
1732824700708
1732824700794
1732824700829
1732824700929
1732824701069
1732824701130
1732824701212
1732824701264
1732824701419
1732824701542
1732824701593
1732824701682
1732824701843
1732824701913
1732824701973
1732824702034
1732824702149
1732824702221
1732824702291
1732824702348
1732824702450
1732824702493
1732824702540
1732824702577
1732824702701
1732824702826
1732824702870
1732824702944
1732824703051
1732824703105
1732824703139
1732824703170
1732824703276
1732824703371
1732824703414
1732824703481
1732824703625
1732824703672
1732824703713
1732824703770
1732824703919
1732824704019
1732824704051
1732824704134
1732824704265
1732824704323
1732824704360
1732824704419
1732824704517
1732824704610
1732824704654
1732824704751
1732824704894
1732824704925
1732824704969
1732824705010
1732824705154
1732824705244
1732824705294
1732824705369
1732824705516
1732824705547
1732824705612
1732824705650
1732824705820
1732824705881
1732824705916
1732824706015
1732824706166
1732824706215
1732824706274
1732824706320
1732824706453
1732824706529
1732824706575
1732824706668
1732824706813
1732824706875
1732824706921
1732824706958
1732824707062
1732824707152
1732824707201
1732824707282
1732824707426
1732824707459
1732824707498
1732824707537
1732824707648
1732824707724
1732824707769
1732824707854
1732824707962
1732824708005
1732824708055
1732824708095
1732824708219
1732824708323
1732824708370
1732824708449
1732824708593
1732824708633
1732824708668
1732824708718
1732824708846
1732824708940
1732824708994
1732824709084
1732824709194
1732824709223
1732824709260
1732824709296
1732824709421
1732824709484
1732824709527
1732824709603
1732824709718
1732824709755
1732824709791
1732824709849
1732824709985
1732824710090
1732824710116
1732824710177
1732824710287
1732824710323
1732824710360
1732824710429
1732824710539
1732824710624
1732824710661
1732824710730
1732824710850
1732824710888
1732824710927
1732824710970
1732824711090
1732824711203
1732824711266
1732824711337
1732824711495
1732824711508
1732824711547
1732824711591
1732824711686
1732824711770
1732824711808
1732824711894
1732824712034
1732824712075
1732824712127
1732824712160
1732824712267
1732824712343
1732824712383
1732824712466
1732824712581
1732824712623
1732824712660
1732824712692
1732824712809
1732824712873
1732824712920
1732824712994
1732824713112
1732824713161
1732824713202
1732824713261
1732824713475
1732824713552
1732824713622
1732824713773
1732824713875
1732824713923
1732824713983
1732824714040
1732824714157
1732824714229
1732824714265
1732824714341
1732824714467
1732824714538
1732824714628
1732824714675
1732824714789
1732824714917
1732824714963
1732824715062
1732824715219
1732824715257
1732824715294
1732824715330
1732824715455
1732824715539
1732824715603
1732824715693
1732824715928
1732824715996
1732824716061
1732824716201
1732824716431
1732824716579
1732824716658
1732824716747
1732824716900
1732824716948
1732824716985
1732824717076
1732824717326
1732824717429
1732824717474
1732824717596
1732824717719
1732824717775
1732824717819
1732824717886
1732824718046
1732824718154
1732824718206
1732824718305
1732824718491
1732824718559
1732824718621
1732824718667
1732824718831
1732824718943
1732824719001
1732824719079
1732824719213
1732824719247
1732824719287
1732824719332
1732824719469
1732824719553
1732824719609
1732824719652
1732824719775
1732824719844
1732824719855
1732824719913
1732824720052
1732824720146
1732824720185
1732824720267
1732824720376
1732824720417
1732824720454
1732824720498
1732824720603
1732824720697
1732824720742
1732824720823
1732824720985
1732824720989
1732824721027
1732824721078
1732824721217
1732824721302
1732824721346
1732824721509
1732824721611
1732824721651
1732824721700
1732824721725
1732824721864
1732824721928
1732824721970
1732824722056
1732824722177
1732824722219
1732824722254
1732824722291
1732824722429
1732824722519
1732824722558
1732824722625
1732824722744
1732824722764
1732824722806
1732824722840
1732824722955
1732824723049
1732824723080
1732824723161
1732824723304
1732824723326
1732824723401
1732824723451
1732824723645
1732824723719
1732824723750
1732824723858
1732824724015
1732824724059
1732824724100
1732824724136
1732824724254
1732824724374
1732824724382
1732824724483
1732824724619
1732824724664
1732824724689
1732824724733
1732824724887
1732824724989
1732824725045
1732824725289
1732824725327
1732824725364
1732824725547
1732824725648
1732824725693
1732824725777
1732824725908
1732824725944
1732824725988
1732824726055
1732824726284
1732824726669
1732824726724
1732824726949
1732824727035
1732824727293
1732824727549
1732824727784
1732824727928
1732824727975
1732824728187
1732824728276
1732824728574
1732824728647
1732824728678
1732824729274
1732824729306
1732824729524
1732824729601
1732824729838
1732824729885
1732824730425
1732824730459
1732824730692
1732824730979
1732824731022
1732824731632
1732824731932
1732824731977
1732824732208
1732824732740
1732824732804
1732824733045
1732824733084
1732824733289
1732824733556
1732824734276
1732824734686
1732824734750
1732824735917
1732824736578
1732824739020
1732824748459
1732824759074
1732824760756
1732824761923
1732824764015
1732824767585
1732824767829
1732824767936
1732824770033
1732824770142
1732824770705
1732824770785
1732824771545
1732824772791
1732824772828
1732824774035
1732824774381
1732824776091
1732824781472
1732824782595
1732824783118
1732824785259
1732824785533
1732824785791
1732824786736
1732824788771
1732824789641
1732824794219
1732824794269
1732824794338
1732824794339
1732824794398
1732824794519
1732824794679
1732824794954
1732824795042
1732824795203
1732824795668
1732824795934
1732824795979
1732824796036
1732824796275
1732824797103
1732824798395
1732824798440
1732824798686
1732824798990
1732824800015
1732824800132
1732824800345
1732824800642
1732824801179
1732824802887
1732824802952
1732824804457
1732824806142
1732824806991
1732824809862
1732824816707
1732824820650
1732824821552
1732824822559
1732824823193
1732824823526
1732824824896
1732824829822
1732824830864
1732824831348
1732824831682
1732824832156
1732824861364
1732824888087
1732824961852
1732824961902
1732824962187
