1732909084722
1732909105132
1732909105395
1732909105537
1732909105731
1732909105767
1732909105797
1732909105817
1732909105822
1732909105872
1732909105916
1732909106068
1732909106080
1732909106185
1732909106237
1732909106281
1732909106347
1732909106502
1732909106622
1732909106655
1732909106730
1732909106851
1732909106916
1732909106962
1732909107006
1732909107154
1732909107247
1732909107303
1732909107365
1732909107494
1732909107532
1732909107566
1732909107629
1732909107718
1732909107797
1732909107858
1732909107923
1732909108069
1732909108107
1732909108154
1732909108209
1732909108320
1732909108398
1732909108450
1732909108540
1732909108648
1732909108658
1732909108708
1732909108771
1732909108854
1732909108947
1732909108974
1732909109078
1732909109179
1732909109186
1732909109225
1732909109259
1732909109358
1732909109434
1732909109469
1732909109554
1732909109662
1732909109696
1732909109729
1732909109765
1732909109869
1732909109964
1732909109974
1732909110054
1732909110153
1732909110189
1732909110241
1732909110288
1732909110397
1732909110479
1732909110514
1732909110576
1732909110700
1732909110739
1732909110763
1732909110786
1732909110889
1732909110943
1732909110985
1732909111045
1732909111152
1732909111176
1732909111203
1732909111230
1732909111338
1732909111379
1732909111428
1732909111479
1732909111576
1732909111620
1732909111672
1732909111708
1732909111874
1732909111916
1732909111958
1732909112032
1732909112131
1732909112174
1732909112214
1732909112239
1732909112378
1732909112452
1732909112486
1732909112602
1732909112673
1732909112736
1732909112771
1732909112822
1732909112951
1732909112988
1732909113020
1732909113095
1732909113269
1732909113281
1732909113352
1732909113394
1732909113622
1732909113792
1732909113864
1732909113939
1732909114051
1732909114095
1732909114125
1732909114161
1732909114273
1732909114358
1732909114400
1732909114476
1732909114589
1732909114620
1732909114659
1732909114691
1732909114801
1732909114873
1732909114913
1732909114999
1732909115147
1732909115154
1732909115187
1732909115238
1732909115316
1732909115397
1732909115428
1732909115467
1732909115553
1732909115586
1732909115617
1732909115655
1732909115776
1732909115838
1732909115879
1732909115929
1732909116023
1732909116050
1732909116080
1732909116117
1732909116229
1732909116309
1732909116339
1732909116453
1732909116589
1732909116621
1732909116644
1732909116683
1732909116789
1732909116853
1732909116898
1732909116934
1732909117022
1732909117043
1732909117086
1732909117105
1732909117206
1732909117275
1732909117313
1732909117401
1732909117562
1732909117616
1732909117684
1732909117715
1732909117838
1732909117929
1732909118011
1732909118094
1732909118222
1732909118246
1732909118275
1732909118315
1732909118466
1732909118588
1732909118617
1732909118751
1732909118897
1732909118943
1732909118980
1732909119020
1732909119133
1732909119196
1732909119254
1732909119333
1732909119436
1732909119459
1732909119521
1732909119532
1732909119669
1732909119730
1732909119757
1732909119838
1732909119925
1732909119959
1732909119979
1732909120018
1732909120129
1732909120178
1732909120209
1732909120272
1732909120355
1732909120388
1732909120438
1732909120446
1732909120594
1732909120760
1732909120797
1732909120909
1732909121052
1732909121091
1732909121130
1732909121174
1732909121264
1732909121343
1732909121388
1732909121456
1732909121599
1732909121650
1732909121691
1732909121732
1732909121824
1732909121959
1732909122124
1732909122210
1732909122305
1732909122339
1732909122394
1732909122444
1732909122540
1732909122631
1732909122652
1732909122718
1732909122878
1732909122928
1732909122968
1732909123008
1732909123101
1732909123188
1732909123235
1732909123339
1732909123443
1732909123490
1732909123532
1732909123579
1732909123773
1732909123865
1732909123890
1732909123942
1732909124100
1732909124128
1732909124178
1732909124229
1732909124380
1732909124465
1732909124516
1732909124607
1732909124744
1732909124802
1732909124866
1732909124922
1732909125152
1732909125207
1732909125257
1732909125382
1732909125542
1732909125630
1732909125673
1732909125757
1732909125904
1732909126072
1732909126172
1732909126310
1732909126558
1732909126614
1732909126694
1732909126723
1732909126819
1732909126897
1732909126943
1732909127033
1732909127129
1732909127160
1732909127194
1732909127258
1732909127412
1732909127445
1732909127483
1732909127560
1732909127700
1732909127737
1732909127772
1732909127827
1732909127930
1732909127998
1732909128037
1732909128106
1732909128249
1732909128313
1732909128330
1732909128362
1732909128448
1732909128528
1732909128560
1732909128614
1732909128716
1732909128749
1732909128789
1732909128842
1732909128921
1732909128989
1732909129019
1732909129087
1732909129191
1732909129230
1732909129275
1732909129305
1732909129417
1732909129515
1732909129560
1732909129663
1732909129786
1732909129825
1732909129853
1732909129914
1732909130026
1732909130093
1732909130116
1732909130195
1732909130305
1732909130354
1732909130373
1732909130419
1732909130512
1732909130575
1732909130655
1732909130728
1732909130815
1732909130844
1732909130852
1732909130894
1732909130996
1732909131057
1732909131088
1732909131148
1732909131271
1732909131301
1732909131344
1732909131366
1732909131479
1732909131576
1732909131587
1732909131651
1732909131753
1732909131784
1732909131814
1732909131848
1732909131957
1732909132022
1732909132054
1732909132130
1732909132237
1732909132275
1732909132316
1732909132327
1732909132431
1732909132492
1732909132540
1732909132590
1732909132686
1732909132718
1732909132757
1732909132816
1732909132898
1732909132960
1732909133007
1732909133087
1732909133188
1732909133226
1732909133258
1732909133294
1732909133409
1732909133486
1732909133524
1732909133618
1732909133792
1732909133837
1732909133865
1732909133901
1732909134065
1732909134149
1732909134170
1732909134236
1732909134359
1732909134398
1732909134431
1732909134493
1732909134642
1732909134764
1732909134803
1732909134857
1732909134986
1732909135017
1732909135059
1732909135091
1732909135204
1732909135321
1732909135359
1732909135408
1732909135473
1732909135527
1732909135543
1732909135584
1732909135692
1732909135774
1732909135825
1732909135884
1732909136006
1732909136042
1732909136081
1732909136164
1732909136362
1732909136502
1732909136554
1732909136623
1732909136808
1732909136816
1732909136836
1732909136877
1732909136998
1732909137075
1732909137148
1732909137210
1732909137344
1732909137370
1732909137407
1732909137450
1732909137667
1732909137738
1732909137747
1732909137824
1732909137960
1732909138008
1732909138050
1732909138138
1732909138386
1732909138483
1732909138504
1732909138647
1732909138799
1732909138862
1732909138894
1732909138935
1732909139087
1732909139157
1732909139196
1732909139271
1732909139411
1732909139440
1732909139501
1732909139533
1732909139636
1732909139721
1732909139763
1732909139846
1732909139954
1732909140018
1732909140067
1732909140135
1732909140298
1732909140412
1732909140504
1732909140635
1732909140888
1732909140986
1732909141037
1732909141088
1732909141297
1732909141447
1732909141539
1732909141601
1732909141849
1732909141920
1732909141986
1732909142030
1732909142203
1732909142329
1732909142420
1732909142570
1732909142725
1732909142801
1732909142850
1732909142920
1732909143086
1732909143253
1732909143333
1732909143429
1732909143685
1732909143754
1732909143822
1732909143870
1732909144026
1732909144135
1732909144203
1732909144290
1732909144429
1732909144468
1732909144505
1732909144544
1732909144652
1732909144743
1732909144796
1732909144849
1732909144985
1732909145015
1732909145089
1732909145128
1732909145264
1732909145355
1732909145387
1732909145480
1732909145590
1732909145631
1732909145680
1732909145734
1732909145835
1732909145903
1732909145937
1732909146015
1732909146121
1732909146165
1732909146205
1732909146234
1732909146369
1732909146464
1732909146521
1732909146634
1732909146859
1732909146869
1732909146906
1732909146914
1732909147023
1732909147108
1732909147129
1732909147206
1732909147394
1732909147418
1732909147512
1732909147534
1732909147630
1732909147712
1732909147765
1732909147889
1732909147992
1732909148047
1732909148109
1732909148124
1732909148247
1732909148329
1732909148367
1732909148486
1732909148582
1732909148618
1732909148654
1732909148706
1732909148811
1732909148892
1732909148927
1732909148992
1732909149135
1732909149169
1732909149226
1732909149243
1732909149337
1732909149408
1732909149474
1732909149524
1732909149637
1732909149672
1732909149733
1732909149766
1732909149869
1732909149939
1732909149975
1732909150067
1732909150150
1732909150211
1732909150221
1732909150259
1732909150377
1732909150446
1732909150480
1732909150554
1732909150671
1732909150742
1732909150782
1732909150815
1732909150923
1732909150989
1732909151022
1732909151114
1732909151206
1732909151293
1732909151323
1732909151341
1732909151448
1732909151533
1732909151595
1732909151710
1732909151791
1732909151817
1732909151851
1732909151892
1732909152012
1732909152080
1732909152115
1732909152181
1732909152306
1732909152337
1732909152366
1732909152400
1732909152537
1732909152598
1732909152627
1732909152757
1732909152847
1732909152893
1732909152925
1732909152981
1732909153113
1732909153175
1732909153210
1732909153312
1732909153436
1732909153485
1732909153508
1732909153548
1732909153688
1732909153821
1732909153894
1732909153970
1732909154116
1732909154192
1732909154203
1732909154246
1732909154394
1732909154478
1732909154513
1732909154581
1732909154719
1732909154746
1732909154806
1732909154854
1732909155025
1732909155073
1732909155096
1732909155164
1732909155284
1732909155324
1732909155360
1732909155390
1732909155513
1732909155613
1732909155661
1732909155721
1732909155846
1732909155947
1732909155993
1732909156032
1732909156253
1732909156333
1732909156420
1732909156480
1732909156579
1732909156626
1732909156658
1732909156697
1732909156826
1732909156916
1732909156956
1732909157046
1732909157197
1732909157229
1732909157251
1732909157296
1732909157465
1732909157555
1732909157617
1732909157701
1732909157808
1732909157853
1732909157898
1732909157933
1732909158101
1732909158164
1732909158215
1732909158280
1732909158381
1732909158406
1732909158450
1732909158495
1732909158629
1732909158707
1732909158745
1732909158814
1732909158918
1732909158961
1732909159001
1732909159051
1732909159156
1732909159216
1732909159278
1732909159337
1732909159467
1732909159534
1732909159569
1732909159646
1732909159824
1732909159869
1732909159900
1732909159985
1732909160095
1732909160135
1732909160159
1732909160196
1732909160316
1732909160389
1732909160443
1732909160506
1732909160622
1732909160664
1732909160703
1732909160765
1732909160837
1732909160921
1732909160974
1732909161035
1732909161156
1732909161192
1732909161244
1732909161303
1732909161393
1732909161469
1732909161499
1732909161570
1732909161716
1732909161774
1732909161788
1732909161827
1732909161946
1732909162026
1732909162067
1732909162127
1732909162265
1732909162285
1732909162325
1732909162362
1732909162472
1732909162582
1732909162616
1732909162703
1732909162839
1732909162885
1732909162938
1732909162970
1732909163108
1732909163190
1732909163240
1732909163343
1732909163498
1732909163592
1732909163597
1732909163671
1732909163876
1732909163995
1732909164052
1732909164178
1732909164358
1732909164418
1732909164468
1732909164508
1732909164664
1732909164762
1732909164817
1732909164905
1732909165083
1732909165128
1732909165177
1732909165228
1732909165361
1732909165473
1732909165522
1732909165617
1732909165804
1732909165828
1732909165894
1732909165928
1732909166084
1732909166192
1732909166253
1732909166369
1732909166612
1732909166631
1732909166662
1732909166735
1732909166936
1732909167065
1732909167130
1732909167229
1732909167388
1732909167425
1732909167475
1732909167522
1732909168826
1732909169294
1732909169576
1732909170320
1732909170758
1732909170832
1732909170970
1732909171008
1732909171378
1732909171472
1732909171561
1732909171792
1732909171922
1732909172005
1732909172053
1732909172097
1732909172256
1732909172336
1732909172377
1732909172487
1732909172635
1732909172698
1732909172759
1732909172790
1732909172916
1732909173015
1732909173069
1732909173155
1732909173293
1732909173351
1732909173389
1732909173451
1732909173649
1732909173782
1732909173856
1732909173978
1732909174214
1732909174276
1732909174361
1732909174458
1732909175487
1732909176590
1732909176910
1732909177695
1732909177729
1732909177789
1732909177791
1732909177794
1732909178103
1732909178218
1732909178279
1732909178362
1732909178373
1732909178406
1732909178428
1732909178523
1732909178558
1732909178559
1732909178575
1732909178584
1732909178607
1732909178622
1732909178664
1732909178684
1732909178686
1732909178732
1732909178737
1732909178737
1732909178765
1732909178766
1732909178767
1732909178767
1732909178783
1732909178799
1732909178802
1732909178802
1732909178859
1732909178860
1732909178924
1732909178995
1732909179042
1732909179123
1732909179137
1732909179239
1732909179296
1732909179359
1732909179384
1732909179402
1732909179439
1732909179540
1732909179601
1732909179760
1732909179897
1732909179944
1732909180010
1732909180016
1732909180218
1732909180459
1732909180485
1732909180910
1732909181478
1732909181719
1732909181889
1732909182051
1732909182521
1732909182888
1732909182979
1732909183318
1732909183532
1732909183622
1732909183724
1732909183804
1732909184111
1732909184251
1732909184380
1732909184437
1732909184666
1732909184728
1732909184805
1732909184877
1732909185004
1732909185162
1732909185215
1732909185331
1732909185491
1732909185540
1732909185615
1732909185662
1732909185819
1732909185942
1732909185997
1732909186153
1732909186280
1732909186328
1732909186389
1732909186440
1732909186617
1732909186720
1732909186780
1732909186876
1732909187044
1732909187113
1732909187162
1732909187213
1732909187359
1732909187467
1732909187520
1732909187603
1732909187756
1732909187788
1732909187883
1732909187951
1732909188039
1732909188169
1732909188194
1732909188282
1732909188439
1732909188510
1732909188553
1732909188622
1732909188804
1732909188880
1732909188950
1732909189047
1732909189214
1732909189306
1732909189360
1732909189397
1732909189622
1732909189844
1732909189852
1732909189951
1732909190104
1732909190159
1732909190218
1732909190319
1732909190445
1732909190539
1732909190600
1732909190679
1732909190858
1732909190932
1732909190939
1732909190995
1732909191093
1732909191203
1732909191292
1732909191429
1732909191564
1732909191636
1732909191657
1732909191715
1732909191878
1732909191949
1732909192020
1732909192093
1732909192243
1732909192286
1732909192342
1732909192394
1732909192560
1732909192666
1732909192720
1732909192815
1732909192979
1732909193035
1732909193103
1732909193156
1732909193368
1732909193572
1732909193577
1732909193651
1732909193818
1732909193857
1732909193897
1732909193970
1732909194126
1732909194253
1732909194271
1732909194349
1732909194543
1732909194588
1732909194655
1732909194779
1732909195078
1732909195309
1732909195366
1732909195584
1732909195827
1732909195971
1732909196089
1732909196137
1732909196359
1732909196531
1732909196555
1732909196655
1732909196834
1732909196909
1732909196972
1732909197011
1732909197145
1732909197258
1732909197317
1732909197418
1732909197573
1732909197609
1732909197654
1732909197736
1732909197864
1732909197947
1732909198010
1732909198108
1732909198234
1732909198313
1732909198346
1732909198384
1732909198497
1732909198596
1732909198682
1732909198761
1732909198904
1732909198945
1732909199003
1732909199039
1732909199200
1732909199346
1732909199365
1732909199484
1732909199643
1732909199672
1732909199707
1732909199743
1732909199895
1732909200054
1732909200099
1732909200176
1732909200316
1732909200350
1732909200414
1732909200449
1732909200624
1732909200723
1732909200783
1732909200903
1732909201057
1732909201140
1732909201186
1732909201221
1732909201406
1732909201487
1732909201538
1732909201629
1732909201787
1732909201830
1732909201865
1732909201926
1732909202074
1732909202161
1732909202204
1732909202336
1732909202430
1732909202459
1732909202514
1732909202555
1732909202692
1732909202844
1732909202951
1732909203031
1732909203137
1732909203164
1732909203225
1732909203260
1732909203424
1732909203521
1732909203575
1732909203662
1732909203820
1732909203866
1732909203934
1732909204004
1732909204115
1732909204207
1732909204275
1732909204333
1732909204477
1732909204506
1732909204548
1732909204589
1732909204718
1732909204846
1732909204878
1732909204945
1732909205075
1732909205122
1732909205159
1732909205214
1732909205353
1732909205424
1732909205469
1732909205547
1732909205695
1732909205738
1732909205783
1732909205821
1732909205956
1732909206064
1732909206094
1732909206169
1732909206340
1732909206421
1732909206479
1732909206521
1732909206719
1732909206817
1732909206846
1732909206885
1732909207004
1732909207048
1732909207106
1732909207131
1732909207329
1732909207401
1732909207444
1732909207589
1732909207754
1732909207806
1732909207866
1732909207914
1732909208070
1732909208175
1732909208230
1732909208389
1732909208447
1732909208507
1732909208537
1732909208599
1732909208727
1732909208834
1732909208865
1732909208928
1732909209061
1732909209109
1732909209129
1732909209193
1732909209320
1732909209408
1732909209453
1732909209522
1732909209709
1732909209727
1732909209767
1732909209826
1732909209944
1732909210041
1732909210086
1732909210189
1732909210314
1732909210389
1732909210426
1732909210478
1732909210577
1732909210673
1732909210701
1732909210802
1732909210929
1732909210998
1732909211029
1732909211061
1732909211191
1732909211256
1732909211308
1732909211424
1732909211532
1732909211578
1732909211635
1732909211666
1732909211822
1732909211912
1732909211965
1732909212051
1732909212177
1732909212236
1732909212293
1732909212326
1732909212490
1732909212628
1732909212638
1732909212731
1732909212849
1732909212888
1732909212941
1732909212997
1732909213116
1732909213214
1732909213268
1732909213343
1732909213467
1732909213502
1732909213549
1732909213580
1732909213707
1732909213832
1732909213874
1732909213933
1732909214065
1732909214096
1732909214126
1732909214159
1732909214281
1732909214371
1732909214398
1732909214490
1732909214593
1732909214655
1732909214674
1732909214723
1732909214863
1732909214918
1732909214980
1732909215045
1732909215165
1732909215209
1732909215275
1732909215313
1732909215423
1732909215496
1732909215549
1732909215648
1732909215771
1732909215801
1732909215830
1732909215869
1732909215991
1732909216064
1732909216109
1732909216185
1732909216349
1732909216359
1732909216473
1732909216492
1732909216654
1732909216717
1732909216761
1732909216880
1732909217022
1732909217071
1732909217119
1732909217166
1732909217298
1732909217383
1732909217441
1732909217597
1732909217751
1732909217832
1732909217861
1732909217898
1732909218025
1732909218106
1732909218139
1732909218226
1732909218364
1732909218394
1732909218447
1732909218477
1732909218578
1732909218672
1732909218715
1732909218779
1732909218896
1732909218927
1732909218980
1732909219035
1732909219141
1732909219204
1732909219243
1732909219348
1732909219509
1732909219591
1732909219658
1732909219734
1732909219917
1732909220026
1732909220078
1732909220178
1732909220338
1732909220385
1732909220445
1732909220492
1732909220679
1732909220774
1732909220803
1732909220913
1732909221057
1732909221124
1732909221149
1732909221195
1732909221347
1732909221454
1732909221526
1732909221610
1732909221776
1732909221841
1732909221886
1732909221935
1732909222064
1732909222180
1732909222202
1732909222301
1732909222444
1732909222490
1732909222543
1732909222589
1732909222747
1732909222834
1732909222886
1732909222983
1732909223132
1732909223189
1732909223251
1732909223293
1732909223426
1732909223504
1732909223551
1732909223633
1732909223755
1732909223787
1732909223826
1732909223864
1732909223981
1732909224070
1732909224132
1732909224193
1732909224307
1732909224344
1732909224393
1732909224434
1732909224584
1732909224706
1732909224743
1732909224820
1732909224934
1732909224981
1732909225021
1732909225074
1732909225178
1732909225281
1732909225311
1732909225384
1732909225513
1732909225547
1732909225589
1732909225656
1732909225757
1732909225834
1732909225868
1732909225967
1732909226067
1732909226115
1732909226148
1732909226194
1732909226353
1732909226501
1732909226527
1732909226635
1732909226754
1732909226771
1732909228223
1732909228243
1732909228353
1732909228395
1732909228401
1732909228421
1732909228466
1732909228466
1732909228466
1732909228475
1732909228476
1732909228505
1732909228505
1732909228533
1732909228534
1732909228534
1732909228534
1732909228535
1732909228585
1732909228673
1732909228707
1732909228761
1732909228818
1732909228855
1732909228866
1732909228871
1732909228955
1732909228976
1732909228993
1732909229018
1732909229119
1732909229147
1732909229175
1732909229233
1732909229360
1732909229420
1732909229485
1732909229539
1732909229669
1732909229720
1732909229762
1732909229817
1732909229975
1732909230073
1732909230129
1732909230201
1732909230310
1732909230364
1732909230387
1732909230433
1732909230791
1732909230928
1732909231115
1732909231278
1732909231567
1732909231703
1732909231784
1732909231877
1732909232025
1732909232148
1732909232193
1732909232305
1732909232487
1732909232558
1732909232626
1732909232724
1732909232856
1732909232979
1732909233021
1732909233105
1732909233298
1732909233345
1732909233399
1732909233464
1732909233638
1732909233733
1732909233785
1732909233900
1732909234076
1732909234111
1732909234142
1732909234261
1732909234480
1732909234583
1732909234647
1732909234726
1732909234902
1732909234937
1732909234997
1732909235075
1732909235221
1732909235344
1732909235395
1732909235498
1732909235672
1732909235729
1732909235793
1732909235848
1732909235981
1732909236092
1732909236139
1732909236276
1732909236464
1732909236488
1732909236576
1732909236611
1732909236742
1732909236902
1732909236949
1732909237076
1732909237334
1732909237415
1732909237436
1732909237484
1732909237646
1732909237717
1732909237809
1732909237897
1732909238019
1732909238105
1732909238197
1732909238252
1732909238365
1732909238467
1732909238515
1732909238598
1732909238789
1732909238830
1732909238887
1732909238932
1732909239166
1732909239304
1732909239337
1732909239486
1732909239754
1732909239844
1732909239898
1732909239907
1732909240054
1732909240120
1732909240152
1732909240247
1732909240384
1732909240415
1732909240454
1732909240519
1732909240641
1732909240720
1732909240764
1732909240830
1732909240922
1732909240967
1732909240998
1732909241035
1732909241144
1732909241219
1732909241275
1732909241335
1732909241482
1732909241532
1732909241609
1732909241654
1732909241792
1732909241907
1732909241935
1732909242077
1732909242201
1732909242265
1732909242285
1732909242344
1732909242449
1732909242522
1732909242578
1732909242650
1732909242773
1732909242807
1732909242869
1732909242935
1732909243052
1732909243117
1732909243168
1732909243241
1732909243348
1732909243401
1732909243424
1732909243494
1732909243597
1732909243704
1732909243753
1732909243797
1732909243959
1732909243979
1732909244014
1732909244039
1732909244155
1732909244225
1732909244277
1732909244353
1732909244456
1732909244510
1732909244546
1732909244573
1732909244696
1732909244784
1732909244844
1732909244900
1732909245026
1732909245064
1732909245109
1732909245152
1732909245277
1732909245362
1732909245407
1732909245493
1732909245616
1732909245664
1732909245701
1732909245749
1732909245874
1732909245964
1732909245999
1732909246082
1732909246197
1732909246280
1732909246318
1732909246346
1732909246447
1732909246543
1732909246556
1732909246632
1732909246757
1732909246806
1732909246854
1732909246885
1732909247006
1732909247098
1732909247125
1732909247201
1732909247340
1732909247380
1732909247420
1732909247462
1732909247599
1732909247687
1732909247727
1732909247824
1732909247954
1732909247975
1732909248028
1732909248077
1732909248196
1732909248295
1732909248334
1732909248398
1732909248520
1732909248587
1732909248610
1732909248656
1732909248801
1732909248869
1732909248926
1732909248982
1732909249117
1732909249154
1732909249186
1732909249234
1732909249374
1732909249447
1732909249540
1732909249619
1732909249810
1732909249866
1732909249915
1732909249948
1732909250080
1732909250130
1732909250294
1732909250317
1732909250422
1732909250443
1732909250514
1732909250554
1732909250664
1732909250727
1732909250763
1732909250832
1732909250974
1732909251007
1732909251038
1732909251070
1732909251189
1732909251270
1732909251325
1732909251401
1732909251502
1732909251545
1732909251580
1732909251602
1732909251729
1732909251834
1732909251888
1732909251959
1732909252126
1732909252172
1732909252218
1732909252250
1732909252358
1732909252428
1732909252481
1732909252571
1732909252690
1732909252728
1732909252752
1732909252808
1732909252935
1732909252996
1732909253029
1732909253147
1732909253264
1732909253285
1732909253357
1732909253387
1732909253471
1732909253560
1732909253600
1732909253695
1732909253806
1732909253878
1732909253916
1732909253936
1732909254049
1732909254137
1732909254178
1732909254249
1732909254368
1732909254400
1732909254435
1732909254496
1732909254588
1732909254695
1732909254804
1732909254864
1732909254953
1732909255000
1732909255051
1732909255095
1732909255189
1732909255285
1732909255320
1732909255405
1732909255502
1732909255553
1732909255590
1732909255646
1732909255762
1732909255837
1732909255871
1732909255956
1732909256102
1732909256117
1732909256142
1732909256193
1732909256305
1732909256399
1732909256445
1732909256517
1732909256635
1732909256668
1732909256731
1732909256740
1732909256879
1732909256992
1732909257026
1732909257097
1732909257203
1732909257245
1732909257273
1732909257331
1732909257439
1732909257546
1732909257607
1732909257669
1732909257804
1732909257837
1732909257868
1732909257898
1732909258011
1732909258099
1732909258138
1732909258210
1732909258335
1732909258369
1732909258425
1732909258460
1732909258604
1732909258671
1732909258719
1732909258803
1732909258916
1732909258956
1732909258991
1732909259047
1732909259175
1732909259244
1732909259278
1732909259377
1732909259492
1732909259518
1732909259558
1732909259598
1732909259719
1732909259797
1732909259850
1732909259923
1732909260083
1732909260119
1732909260152
1732909260201
1732909260306
1732909260384
1732909260426
1732909260490
1732909260606
1732909260659
1732909260689
1732909260743
1732909260864
1732909260936
1732909260970
1732909261067
1732909261170
1732909261199
1732909261244
1732909261304
1732909261484
1732909261558
1732909261579
1732909261697
1732909261836
1732909261869
1732909261913
1732909261950
1732909262064
1732909262197
1732909262224
1732909262350
1732909262467
1732909262553
1732909262572
1732909262621
1732909262771
1732909262833
1732909262866
1732909262940
1732909263065
1732909263105
1732909263164
1732909263192
1732909263344
1732909263382
1732909263435
1732909263499
1732909263621
1732909263673
1732909263708
1732909263750
1732909263874
1732909263947
1732909264018
1732909264094
1732909264212
1732909264351
1732909264377
1732909264432
1732909264569
1732909264641
1732909264676
1732909264766
1732909264860
1732909264903
1732909264970
1732909265039
1732909265105
1732909265177
1732909265219
1732909265309
1732909265425
1732909265464
1732909265498
1732909265533
1732909265651
1732909265743
1732909265784
1732909265853
1732909265962
1732909266003
1732909266048
1732909266097
1732909266228
1732909266306
1732909266344
1732909266434
1732909266545
1732909266595
1732909266642
1732909266695
1732909266825
1732909266887
1732909266936
1732909267018
1732909267129
1732909267169
1732909267210
1732909267249
1732909267351
1732909267436
1732909267474
1732909267553
1732909267667
1732909267713
1732909267752
1732909267802
1732909267902
1732909267988
1732909268039
1732909268114
1732909268224
1732909268294
1732909268317
1732909268346
1732909268478
1732909268568
1732909268633
1732909268807
1732909269132
1732909269164
1732909269257
1732909269326
1732909269533
1732909269625
1732909269691
1732909269763
1732909269903
1732909269931
1732909269976
1732909270022
1732909270177
1732909270230
1732909270268
1732909270350
1732909270488
1732909270556
1732909270645
1732909270742
1732909270982
1732909271066
1732909271133
1732909271291
1732909271484
1732909271492
1732909271539
1732909271603
1732909271773
1732909271841
1732909271891
1732909272028
1732909272138
1732909272192
1732909272252
1732909272305
1732909272473
1732909272604
1732909272638
1732909272791
1732909272943
1732909272964
1732909273068
1732909273134
1732909273291
1732909273387
1732909273410
1732909273537
1732909273646
1732909273697
1732909273828
1732909273833
1732909273927
1732909274031
1732909274082
1732909274175
1732909274346
1732909274395
1732909274455
1732909274488
1732909274659
1732909274724
1732909274796
1732909274956
1732909275115
1732909275171
1732909275211
1732909275291
1732909275400
1732909275523
1732909275561
1732909275661
1732909275822
1732909275869
1732909275965
1732909276009
1732909276112
1732909276221
1732909276274
1732909276384
1732909276534
1732909276572
1732909276635
1732909276667
1732909276809
1732909276924
1732909276956
1732909277040
1732909277203
1732909277249
1732909277297
1732909277345
1732909277501
1732909277651
1732909277752
1732909277821
1732909277984
1732909278059
1732909278135
1732909278202
1732909278295
1732909278383
1732909278446
1732909278574
1732909278687
1732909278781
1732909278791
1732909278830
1732909279032
1732909279164
1732909279223
1732909279253
1732909279421
1732909279521
1732909279540
1732909279622
1732909279849
1732909280011
1732909280089
1732909280215
1732909280350
1732909280395
1732909280448
1732909280495
1732909280703
1732909280815
1732909280876
1732909280952
1732909281114
1732909281180
1732909281228
1732909281258
1732909281381
1732909281526
1732909281562
1732909281673
1732909281799
1732909281844
1732909281879
1732909281952
1732909282076
1732909282245
1732909282268
1732909282349
1732909282509
1732909282581
1732909282643
1732909282714
1732909282794
1732909282898
1732909282967
1732909283147
1732909283291
1732909283332
1732909283403
1732909283435
1732909283581
1732909283690
1732909283756
1732909283865
1732909283997
1732909284040
1732909284082
1732909284150
1732909284271
1732909284369
1732909284414
1732909284508
1732909284644
1732909284669
1732909284709
1732909284756
1732909284893
1732909285005
1732909285040
1732909285140
1732909285259
1732909285305
1732909285353
1732909285400
1732909285521
1732909285624
1732909285654
1732909285751
1732909285873
1732909285923
1732909285966
1732909286017
1732909286168
1732909286241
1732909286271
1732909286363
1732909286515
1732909286569
1732909286623
1732909286655
1732909286830
1732909286919
1732909286961
1732909287048
1732909287177
1732909287220
1732909287275
1732909287318
1732909287459
1732909287552
1732909287596
1732909287689
1732909287820
1732909287868
1732909287918
1732909287962
1732909288091
1732909288186
1732909288233
1732909288334
1732909288451
1732909288491
1732909288543
1732909288592
1732909288689
1732909288766
1732909288802
1732909288861
1732909288959
1732909289005
1732909289026
1732909289056
1732909289153
1732909289217
1732909289258
1732909289372
1732909289491
1732909289574
1732909289622
1732909289631
1732909289785
1732909289853
1732909289861
1732909289959
1732909290046
1732909290076
1732909290106
1732909290138
1732909290254
1732909290317
1732909290349
1732909290432
1732909290532
1732909290541
1732909290576
1732909290602
1732909290701
1732909290768
1732909290813
1732909290864
1732909290966
1732909290999
1732909291037
1732909291068
1732909291172
1732909291251
1732909291278
1732909291365
1732909291462
1732909291496
1732909291545
1732909291591
1732909291806
1732909291919
1732909291954
1732909292023
1732909292155
1732909292201
1732909292278
1732909292322
1732909292451
1732909292515
1732909292548
1732909292609
1732909292727
1732909292760
1732909292791
1732909292843
1732909292934
1732909293016
1732909293048
1732909293153
1732909293241
1732909293261
1732909293315
1732909293356
1732909293453
1732909293505
1732909293535
1732909293619
1732909293789
1732909293824
1732909293862
1732909293908
1732909294031
1732909294122
1732909294181
1732909294237
1732909294335
1732909294366
1732909294397
1732909294433
1732909294515
1732909294583
1732909294607
1732909294675
1732909294762
1732909294802
1732909294854
1732909294864
1732909294965
1732909295027
1732909295067
1732909295133
1732909295225
1732909295256
1732909295296
1732909295324
1732909295421
1732909295469
1732909295502
1732909295563
1732909295650
1732909295689
1732909295724
1732909295763
1732909295885
1732909295947
1732909295984
1732909296064
1732909296155
1732909296186
1732909296216
1732909296252
1732909296347
1732909296407
1732909296437
1732909296497
1732909296590
1732909296620
1732909296663
1732909296713
1732909296831
1732909296919
1732909296958
1732909297064
1732909297151
1732909297225
1732909297240
1732909297247
1732909297362
1732909297430
1732909297482
1732909297558
1732909297649
1732909297679
1732909297715
1732909297752
1732909297854
1732909297914
1732909297951
1732909298049
1732909298152
1732909298188
1732909298215
1732909298261
1732909298356
1732909298442
1732909298471
1732909298565
1732909298690
1732909298713
1732909298774
1732909298810
1732909298970
1732909298986
1732909299020
1732909299117
1732909299219
1732909299253
1732909299301
1732909299342
1732909299462
1732909299530
1732909299558
1732909299695
1732909299769
1732909299818
1732909299842
1732909299898
1732909300018
1732909300076
1732909300118
1732909300199
1732909300300
1732909300353
1732909300382
1732909300415
1732909300516
1732909300622
1732909300665
1732909300736
1732909300842
1732909300879
1732909300916
1732909300958
1732909301275
1732909301396
1732909301509
1732909301712
1732909301792
1732909301864
1732909301899
1732909301990
1732909302281
1732909302346
1732909302420
1732909302540
1732909302586
1732909302624
1732909302652
1732909302714
1732909302823
1732909302902
1732909302940
1732909303068
1732909303191
1732909303240
1732909303273
1732909303315
1732909303447
1732909303512
1732909303558
1732909303661
1732909303773
1732909303819
1732909303917
1732909304004
1732909304120
1732909304202
1732909304239
1732909304310
1732909304648
1732909304684
1732909304761
1732909304855
1732909305122
1732909305203
1732909305253
1732909305463
1732909305631
1732909305714
1732909305755
1732909305784
1732909305970
1732909306088
1732909306124
1732909306213
1732909306363
1732909306404
1732909306479
1732909306568
1732909306662
1732909306773
1732909306866
1732909307022
1732909307189
1732909307241
1732909307295
1732909307365
1732909307556
1732909307664
1732909307703
1732909307905
1732909308041
1732909308087
1732909308148
1732909308200
1732909308361
1732909308433
1732909308480
1732909308603
1732909308776
1732909308822
1732909308904
1732909308923
1732909309076
1732909309130
1732909309187
1732909309251
1732909309388
1732909309416
1732909309479
1732909309520
1732909309686
1732909309803
1732909309852
1732909309976
1732909310155
1732909310196
1732909310243
1732909310279
1732909310401
1732909310468
1732909310540
1732909310747
1732909310935
1732909311013
1732909311034
1732909311095
1732909311338
1732909311583
1732909311669
1732909311875
1732909312170
1732909312228
1732909312298
1732909312373
1732909312610
1732909312726
1732909312800
1732909312953
1732909313103
1732909313142
1732909313208
1732909313249
1732909313415
1732909313541
1732909313587
1732909313750
1732909313915
1732909313949
1732909314016
1732909314060
1732909314239
1732909314371
1732909314407
1732909314524
1732909314730
1732909314797
1732909314844
1732909314911
1732909315085
1732909315173
1732909315225
1732909315337
1732909315519
1732909315559
1732909315610
1732909315678
1732909315863
1732909315952
1732909315997
1732909316105
1732909316217
1732909316272
1732909316308
1732909316399
1732909316519
1732909316618
1732909316666
1732909316764
1732909316923
1732909316972
1732909317009
1732909317058
1732909317222
1732909317303
1732909317367
1732909317487
1732909317616
1732909317654
1732909317709
1732909317769
1732909317909
1732909318006
1732909318042
1732909318185
1732909318307
1732909318354
1732909318424
1732909318457
1732909318619
1732909318722
1732909318756
1732909318839
1732909318988
1732909319046
1732909319107
1732909319194
1732909319306
1732909319428
1732909319471
1732909319558
1732909319721
1732909319757
1732909319842
1732909319921
1732909320008
1732909320114
1732909320171
1732909320276
1732909320424
1732909320498
1732909320525
1732909320571
1732909320724
1732909320833
1732909320886
1732909320988
1732909321138
1732909321168
1732909321248
1732909321361
1732909321436
1732909321544
1732909321581
1732909321732
1732909321856
1732909321910
1732909321972
1732909322011
1732909322162
1732909322336
1732909322430
1732909322524
1732909322642
1732909322693
1732909322735
1732909322781
1732909322924
1732909323027
1732909323131
1732909323235
1732909323378
1732909323385
1732909323429
1732909323482
1732909323630
1732909323735
1732909323799
1732909323889
1732909324058
1732909324070
1732909324137
1732909324201
1732909324319
1732909324435
1732909324506
1732909324608
1732909324781
1732909324817
1732909324886
1732909324945
1732909325101
1732909325196
1732909325269
1732909325353
1732909325584
1732909325635
1732909325733
1732909325770
1732909325969
1732909326082
1732909326131
1732909326370
1732909326506
1732909326532
1732909326623
1732909326682
1732909326837
1732909326932
1732909326965
1732909327066
1732909327211
1732909327253
1732909327320
1732909327360
1732909327524
1732909327598
1732909327648
1732909327736
1732909327867
1732909327925
1732909327993
1732909328046
1732909328207
1732909328294
1732909328327
1732909328438
1732909328582
1732909328686
1732909328713
1732909328764
1732909329042
1732909329136
1732909329187
1732909329268
1732909329475
1732909329505
1732909329535
1732909329581
1732909329715
1732909329795
1732909329838
1732909329920
1732909330231
1732909330338
1732909330403
1732909330457
1732909330651
1732909330746
1732909330806
1732909330887
1732909331062
1732909331134
1732909331203
1732909331281
1732909331457
1732909331551
1732909331595
1732909331836
1732909331912
1732909331979
1732909332016
1732909332058
1732909332221
1732909332338
1732909332355
1732909332476
1732909332660
1732909332742
1732909332798
1732909332864
1732909333067
1732909333230
1732909333338
