1732909084999
1732909103295
1732909103628
1732909103919
1732909104338
1732909104905
1732909105135
1732909105491
1732909105607
1732909105786
1732909105887
1732909105942
1732909106046
1732909106187
1732909106252
1732909106284
1732909106359
1732909106512
1732909106601
1732909106645
1732909106738
1732909106853
1732909106985
1732909106993
1732909107010
1732909107154
1732909107251
1732909107302
1732909107363
1732909107486
1732909107544
1732909107563
1732909107612
1732909107722
1732909107812
1732909107853
1732909107914
1732909108075
1732909108130
1732909108154
1732909108227
1732909108317
1732909108398
1732909108453
1732909108512
1732909108628
1732909108659
1732909108708
1732909108731
1732909108853
1732909108937
1732909108974
1732909109089
1732909109155
1732909109201
1732909109224
1732909109263
1732909109353
1732909109451
1732909109474
1732909109573
1732909109664
1732909109694
1732909109744
1732909109774
1732909109868
1732909109955
1732909109982
1732909110043
1732909110145
1732909110198
1732909110240
1732909110279
1732909110392
1732909110480
1732909110508
1732909110566
1732909110671
1732909110752
1732909110787
1732909110796
1732909110886
1732909110951
1732909110980
1732909111053
1732909111171
1732909111176
1732909111207
1732909111235
1732909111323
1732909111386
1732909111414
1732909111478
1732909111575
1732909111620
1732909111665
1732909111693
1732909111815
1732909111931
1732909111957
1732909112024
1732909112151
1732909112183
1732909112205
1732909112258
1732909112411
1732909112469
1732909112499
1732909112589
1732909112702
1732909112711
1732909112781
1732909112828
1732909112969
1732909113004
1732909113047
1732909113103
1732909113265
1732909113286
1732909113343
1732909113389
1732909113622
1732909113755
1732909113812
1732909113912
1732909114043
1732909114094
1732909114129
1732909114161
1732909114272
1732909114378
1732909114426
1732909114494
1732909114622
1732909114668
1732909114676
1732909114708
1732909114786
1732909114887
1732909114913
1732909115015
1732909115136
1732909115157
1732909115187
1732909115230
1732909115314
1732909115391
1732909115408
1732909115469
1732909115557
1732909115612
1732909115639
1732909115689
1732909115753
1732909115830
1732909115855
1732909115933
1732909116037
1732909116054
1732909116080
1732909116122
1732909116230
1732909116298
1732909116342
1732909116448
1732909116565
1732909116607
1732909116664
1732909116681
1732909116771
1732909116834
1732909116873
1732909116935
1732909117015
1732909117058
1732909117075
1732909117111
1732909117201
1732909117280
1732909117304
1732909117389
1732909117570
1732909117621
1732909117662
1732909117711
1732909117833
1732909117915
1732909117977
1732909118079
1732909118206
1732909118247
1732909118280
1732909118332
1732909118466
1732909118568
1732909118621
1732909118779
1732909118940
1732909118956
1732909119008
1732909119025
1732909119117
1732909119189
1732909119240
1732909119308
1732909119420
1732909119452
1732909119511
1732909119540
1732909119656
1732909119737
1732909119788
1732909119825
1732909119918
1732909119952
1732909119987
1732909120013
1732909120120
1732909120169
1732909120218
1732909120261
1732909120357
1732909120384
1732909120414
1732909120441
1732909120603
1732909120811
1732909120840
1732909120989
1732909121055
1732909121095
1732909121132
1732909121190
1732909121268
1732909121368
1732909121402
1732909121456
1732909121597
1732909121644
1732909121692
1732909121752
1732909121821
1732909121963
1732909122035
1732909122169
1732909122289
1732909122337
1732909122387
1732909122429
1732909122541
1732909122623
1732909122643
1732909122724
1732909122875
1732909122938
1732909122982
1732909123040
1732909123128
1732909123234
1732909123261
1732909123355
1732909123461
1732909123487
1732909123522
1732909123582
1732909123717
1732909123833
1732909123863
1732909123941
1732909124118
1732909124133
1732909124183
1732909124262
1732909124386
1732909124469
1732909124512
1732909124620
1732909124739
1732909124812
1732909124868
1732909124924
1732909125106
1732909125237
1732909125254
1732909125329
1732909125559
1732909125608
1732909125667
1732909125759
1732909125907
1732909126109
1732909126178
1732909126313
1732909126528
1732909126627
1732909126653
1732909126704
1732909126817
1732909126898
1732909126937
1732909127038
1732909127128
1732909127162
1732909127209
1732909127272
1732909127377
1732909127431
1732909127500
1732909127561
1732909127685
1732909127743
1732909127796
1732909127814
1732909127936
1732909127999
1732909128035
1732909128120
1732909128243
1732909128295
1732909128333
1732909128361
1732909128445
1732909128513
1732909128550
1732909128616
1732909128727
1732909128784
1732909128811
1732909128840
1732909128938
1732909128985
1732909129018
1732909129094
1732909129194
1732909129248
1732909129285
1732909129296
1732909129427
1732909129517
1732909129556
1732909129654
1732909129789
1732909129821
1732909129856
1732909129900
1732909130007
1732909130070
1732909130105
1732909130198
1732909130315
1732909130360
1732909130391
1732909130429
1732909130512
1732909130587
1732909130620
1732909130685
1732909130789
1732909130827
1732909130860
1732909130887
1732909130998
1732909131058
1732909131110
1732909131146
1732909131264
1732909131311
1732909131335
1732909131368
1732909131486
1732909131558
1732909131630
1732909131687
1732909131781
1732909131810
1732909131839
1732909131870
1732909131974
1732909132035
1732909132069
1732909132114
1732909132228
1732909132261
1732909132293
1732909132325
1732909132421
1732909132531
1732909132595
1732909132648
1732909132711
1732909132738
1732909132768
1732909132790
1732909132896
1732909132963
1732909132995
1732909133079
1732909133187
1732909133224
1732909133264
1732909133293
1732909133409
1732909133499
1732909133525
1732909133656
1732909133799
1732909133844
1732909133877
1732909133909
1732909134026
1732909134118
1732909134193
1732909134247
1732909134364
1732909134390
1732909134432
1732909134534
1732909134646
1732909134780
1732909134800
1732909134857
1732909134999
1732909135026
1732909135057
1732909135099
1732909135230
1732909135300
1732909135306
1732909135393
1732909135487
1732909135532
1732909135560
1732909135622
1732909135698
1732909135775
1732909135811
1732909135886
1732909135993
1732909136038
1732909136082
1732909136151
1732909136359
1732909136486
1732909136537
1732909136631
1732909136752
1732909136830
1732909136858
1732909136888
1732909136982
1732909137139
1732909137146
1732909137204
1732909137329
1732909137397
1732909137448
1732909137480
1732909137642
1732909137703
1732909137759
1732909137862
1732909137957
1732909138027
1732909138081
1732909138146
1732909138373
1732909138443
1732909138501
1732909138661
1732909138801
1732909138875
1732909138914
1732909138949
1732909139068
1732909139165
1732909139189
1732909139267
1732909139398
1732909139433
1732909139479
1732909139517
1732909139637
1732909139723
1732909139765
1732909139846
1732909139982
1732909140024
1732909140112
1732909140126
1732909140301
1732909140393
1732909140496
1732909140626
1732909140915
1732909140996
1732909141047
1732909141118
1732909141311
1732909141469
1732909141511
1732909141616
1732909141856
1732909141924
1732909142004
1732909142033
1732909142215
1732909142332
1732909142444
1732909142592
1732909142728
1732909142793
1732909142840
1732909142926
1732909143084
1732909143232
1732909143297
1732909143471
1732909143683
1732909143746
1732909143805
1732909143863
1732909144056
1732909144156
1732909144220
1732909144320
1732909144429
1732909144468
1732909144509
1732909144592
1732909144657
1732909144744
1732909144778
1732909144870
1732909144982
1732909145035
1732909145093
1732909145146
1732909145302
1732909145355
1732909145422
1732909145480
1732909145602
1732909145631
1732909145684
1732909145714
1732909145832
1732909145913
1732909145953
1732909146019
1732909146124
1732909146163
1732909146198
1732909146234
1732909146358
1732909146461
1732909146532
1732909146666
1732909146793
1732909146844
1732909146869
1732909146915
1732909147024
1732909147101
1732909147132
1732909147205
1732909147372
1732909147416
1732909147460
1732909147501
1732909147628
1732909147721
1732909147771
1732909147875
1732909147986
1732909148039
1732909148072
1732909148128
1732909148245
1732909148328
1732909148406
1732909148475
1732909148580
1732909148640
1732909148669
1732909148701
1732909148807
1732909148879
1732909148923
1732909148997
1732909149113
1732909149161
1732909149202
1732909149235
1732909149341
1732909149410
1732909149461
1732909149538
1732909149640
1732909149677
1732909149724
1732909149748
1732909149864
1732909149929
1732909149975
1732909150052
1732909150145
1732909150185
1732909150225
1732909150272
1732909150372
1732909150450
1732909150480
1732909150545
1732909150667
1732909150711
1732909150773
1732909150814
1732909150934
1732909150989
1732909151021
1732909151105
1732909151211
1732909151248
1732909151296
1732909151322
1732909151449
1732909151572
1732909151621
1732909151678
1732909151779
1732909151816
1732909151848
1732909151906
1732909152007
1732909152076
1732909152105
1732909152219
1732909152289
1732909152320
1732909152355
1732909152407
1732909152506
1732909152569
1732909152604
1732909152697
1732909152860
1732909152905
1732909152944
1732909152973
1732909153107
1732909153180
1732909153213
1732909153286
1732909153436
1732909153466
1732909153508
1732909153548
1732909153678
1732909153792
1732909153854
1732909153957
1732909154104
1732909154159
1732909154197
1732909154249
1732909154391
1732909154485
1732909154509
1732909154616
1732909154727
1732909154759
1732909154792
1732909154839
1732909154962
1732909155065
1732909155096
1732909155167
1732909155323
1732909155352
1732909155362
1732909155394
1732909155513
1732909155593
1732909155632
1732909155719
1732909155850
1732909155929
1732909155995
1732909156036
1732909156218
1732909156321
1732909156378
1732909156487
1732909156613
1732909156648
1732909156659
1732909156697
1732909156835
1732909156906
1732909156943
1732909157050
1732909157175
1732909157211
1732909157261
1732909157293
1732909157455
1732909157531
1732909157577
1732909157665
1732909157807
1732909157854
1732909157919
1732909157949
1732909158093
1732909158185
1732909158198
1732909158294
1732909158380
1732909158406
1732909158449
1732909158494
1732909158627
1732909158703
1732909158742
1732909158814
1732909158935
1732909158978
1732909159019
1732909159046
1732909159137
1732909159216
1732909159250
1732909159330
1732909159462
1732909159526
1732909159571
1732909159628
1732909159828
1732909159871
1732909159909
1732909159995
1732909160092
1732909160146
1732909160177
1732909160196
1732909160366
1732909160394
1732909160449
1732909160503
1732909160622
1732909160672
1732909160718
1732909160738
1732909160853
1732909160921
1732909160960
1732909161036
1732909161166
1732909161196
1732909161246
1732909161294
1732909161396
1732909161464
1732909161515
1732909161573
1732909161728
1732909161752
1732909161789
1732909161825
1732909161943
1732909162036
1732909162093
1732909162157
1732909162259
1732909162306
1732909162323
1732909162351
1732909162470
1732909162573
1732909162648
1732909162704
1732909162877
1732909162884
1732909162937
1732909162970
1732909163104
1732909163200
1732909163295
1732909163347
1732909163478
1732909163547
1732909163608
1732909163662
1732909163866
1732909163984
1732909164051
1732909164178
1732909164348
1732909164415
1732909164472
1732909164509
1732909164677
1732909164761
1732909164811
1732909164908
1732909165105
1732909165137
1732909165206
1732909165239
1732909165454
1732909165538
1732909165579
1732909165629
1732909165775
1732909165827
1732909165883
1732909165940
1732909166090
1732909166233
1732909166254
1732909166372
1732909166608
1732909166659
1732909166746
1732909166752
1732909166989
1732909167076
1732909167183
1732909167232
1732909167384
1732909167425
1732909167461
1732909167523
1732909168846
1732909169404
1732909169759
1732909170567
1732909170765
1732909170841
1732909171010
1732909171115
1732909171429
1732909171530
1732909171562
1732909171799
1732909171930
1732909171999
1732909172054
1732909172109
1732909172267
1732909172342
1732909172386
1732909172557
1732909172638
1732909172694
1732909172748
1732909172796
1732909172939
1732909173049
1732909173083
1732909173160
1732909173295
1732909173348
1732909173398
1732909173445
1732909173645
1732909173777
1732909173858
1732909174118
1732909174220
1732909174289
1732909174362
1732909174469
1732909174643
1732909174761
1732909174811
1732909174928
1732909175056
1732909175112
1732909175185
1732909175215
1732909175376
1732909175486
1732909175521
1732909175620
1732909175807
1732909175877
1732909175962
1732909176051
1732909176250
1732909176352
1732909176423
1732909176522
1732909176698
1732909176765
1732909176804
1732909176848
1732909176998
1732909177095
1732909177141
1732909177247
1732909177391
1732909177458
1732909177506
1732909177544
1732909177731
1732909177785
1732909177856
1732909177929
1732909178067
1732909178116
1732909178173
1732909178262
1732909178419
1732909178678
1732909178776
1732909178887
1732909179088
1732909179094
1732909179156
1732909179201
1732909179381
1732909179543
1732909179610
1732909179673
1732909179856
1732909179907
1732909179948
1732909180013
1732909180229
1732909180425
1732909180499
1732909180929
1732909181733
1732909181779
1732909182031
1732909182049
1732909182569
1732909182903
1732909183071
1732909183262
1732909183539
1732909183604
1732909183731
1732909183797
1732909184208
1732909184281
1732909184326
1732909184459
1732909184665
1732909184759
1732909184778
1732909184848
1732909185026
1732909185164
1732909185207
1732909185315
1732909185473
1732909185526
1732909185591
1732909185668
1732909185798
1732909185933
1732909185989
1732909186103
1732909186278
1732909186332
1732909186383
1732909186444
1732909186628
1732909186769
1732909186898
1732909186957
1732909187203
1732909187271
1732909187277
1732909187283
1732909187381
1732909187465
1732909187529
1732909187604
1732909187768
1732909187812
1732909187875
1732909187907
1732909188042
1732909188163
1732909188204
1732909188351
1732909188501
1732909188535
1732909188570
1732909188649
1732909188799
1732909188876
1732909188939
1732909189037
1732909189234
1732909189271
1732909189333
1732909189483
1732909189597
1732909189779
1732909189832
1732909189943
1732909190108
1732909190162
1732909190216
1732909190281
1732909190428
1732909190516
1732909190599
1732909190671
1732909190821
1732909190856
1732909190907
1732909190982
1732909191107
1732909191190
1732909191271
1732909191438
1732909191557
1732909191607
1732909191669
1732909191701
1732909191851
1732909191939
1732909192020
1732909192093
1732909192240
1732909192293
1732909192346
1732909192398
1732909192574
1732909192699
1732909192723
1732909192838
1732909192991
1732909193051
1732909193093
1732909193142
1732909193363
1732909193468
1732909193521
1732909193647
1732909193805
1732909193839
1732909193886
1732909193934
1732909194098
1732909194183
1732909194240
1732909194385
1732909194521
1732909194639
1732909194702
1732909194835
1732909195094
1732909195380
1732909195453
1732909195586
1732909195822
1732909195938
1732909196138
1732909196146
1732909196349
1732909196471
1732909196615
1732909196662
1732909196905
1732909196978
1732909197004
1732909197035
1732909197163
1732909197260
1732909197329
1732909197454
1732909197614
1732909197638
1732909197690
1732909197736
1732909197854
1732909197938
1732909198011
1732909198100
1732909198253
1732909198284
1732909198339
1732909198372
1732909198505
1732909198643
1732909198678
1732909198777
1732909198918
1732909198964
1732909198988
1732909199047
1732909199224
1732909199298
1732909199366
1732909199473
1732909199610
1732909199676
1732909199707
1732909199763
1732909199916
1732909200095
1732909200135
1732909200184
1732909200329
1732909200363
1732909200464
1732909200471
1732909200641
1732909200776
1732909200800
1732909200923
1732909201050
1732909201103
1732909201146
1732909201212
1732909201378
1732909201495
1732909201541
1732909201641
1732909201782
1732909201814
1732909201885
1732909201921
1732909202044
1732909202128
1732909202187
1732909202296
1732909202442
1732909202485
1732909202515
1732909202583
1732909202705
1732909202821
1732909202880
1732909202960
1732909203122
1732909203159
1732909203208
1732909203265
1732909203420
1732909203532
1732909203572
1732909203664
1732909203800
1732909203882
1732909203933
1732909203955
1732909204083
1732909204213
1732909204239
1732909204329
1732909204456
1732909204500
1732909204556
1732909204600
1732909204736
1732909204813
1732909204857
1732909204937
1732909205073
1732909205132
1732909205173
1732909205211
1732909205354
1732909205446
1732909205478
1732909205555
1732909205685
1732909205727
1732909205790
1732909205823
1732909205976
1732909206050
1732909206089
1732909206180
1732909206323
1732909206397
1732909206440
1732909206541
1732909206645
1732909206741
1732909206785
1732909206884
1732909206998
1732909207061
1732909207089
1732909207128
1732909207326
1732909207402
1732909207455
1732909207579
1732909207759
1732909207802
1732909207885
1732909207973
1732909208092
1732909208164
1732909208216
1732909208331
1732909208443
1732909208487
1732909208540
1732909208571
1732909208701
1732909208816
1732909208833
1732909208923
1732909209056
1732909209095
1732909209141
1732909209184
1732909209308
1732909209406
1732909209451
1732909209534
1732909209713
1732909209749
1732909209767
1732909209852
1732909210005
1732909210037
1732909210089
1732909210177
1732909210325
1732909210375
1732909210404
1732909210442
1732909210576
1732909210661
1732909210715
1732909210814
1732909210932
1732909210960
1732909211015
1732909211050
1732909211195
1732909211277
1732909211326
1732909211413
1732909211564
1732909211585
1732909211629
1732909211675
1732909211802
1732909211902
1732909211955
1732909212081
1732909212180
1732909212234
1732909212289
1732909212313
1732909212492
1732909212603
1732909212643
1732909212718
1732909212863
1732909212898
1732909212963
1732909212973
1732909213126
1732909213209
1732909213248
1732909213333
1732909213467
1732909213508
1732909213536
1732909213589
1732909213702
1732909213803
1732909213849
1732909213933
1732909214090
1732909214096
1732909214140
1732909214195
1732909214283
1732909214377
1732909214405
1732909214488
1732909214594
1732909214695
1732909214702
1732909214748
1732909214845
1732909214921
1732909214957
1732909215043
1732909215172
1732909215205
1732909215244
1732909215301
1732909215477
1732909215537
1732909215599
1732909215682
1732909215801
1732909215831
1732909215840
1732909215891
1732909215996
1732909216070
1732909216128
1732909216183
1732909216318
1732909216363
1732909216421
1732909216457
1732909216625
1732909216749
1732909216758
1732909216846
1732909217024
1732909217079
1732909217144
1732909217188
1732909217312
1732909217427
1732909217462
1732909217589
1732909217767
1732909217826
1732909217891
1732909217901
1732909218029
1732909218115
1732909218147
1732909218225
1732909218336
1732909218379
1732909218417
1732909218466
1732909218568
1732909218693
1732909218726
1732909218809
1732909218890
1732909218943
1732909218978
1732909219025
1732909219126
1732909219220
1732909219283
1732909219355
1732909219519
1732909219587
1732909219676
1732909219725
1732909219910
1732909219999
1732909220103
1732909220192
1732909220338
1732909220393
1732909220434
1732909220510
1732909220653
1732909220760
1732909220803
1732909220933
1732909221081
1732909221131
1732909221174
1732909221218
1732909221346
1732909221453
1732909221509
1732909221623
1732909221773
1732909221828
1732909221864
1732909221923
1732909222078
1732909222157
1732909222216
1732909222333
1732909222447
1732909222514
1732909222554
1732909222629
1732909222789
1732909222868
1732909222948
1732909223004
1732909223130
1732909223181
1732909223233
1732909223291
1732909223446
1732909223537
1732909223570
1732909223632
1732909223755
1732909223813
1732909223847
1732909223896
1732909223983
1732909224080
1732909224108
1732909224185
1732909224327
1732909224356
1732909224421
1732909224438
1732909224585
1732909224697
1732909224731
1732909224814
1732909224933
1732909224968
1732909225008
1732909225075
1732909225192
1732909225289
1732909225337
1732909225388
1732909225530
1732909225553
1732909225586
1732909225634
1732909225753
1732909225833
1732909225867
1732909225964
1732909226072
1732909226116
1732909226150
1732909226204
1732909226370
1732909226481
1732909226528
1732909226607
1732909226753
1732909226795
1732909226821
1732909226861
1732909226980
1732909227054
1732909227097
1732909227164
1732909227298
1732909227335
1732909227375
1732909227430
1732909227550
1732909227609
1732909227659
1732909227746
1732909227873
1732909227903
1732909227937
1732909228006
1732909228147
1732909228192
1732909228241
1732909228328
1732909228437
1732909228478
1732909228533
1732909228604
1732909228747
1732909228839
1732909228873
1732909228955
1732909229118
1732909229140
1732909229194
1732909229225
1732909229341
1732909229416
1732909229456
1732909229546
1732909229653
1732909229717
1732909229770
1732909229817
1732909229982
1732909230073
1732909230121
1732909230218
1732909230312
1732909230366
1732909230397
1732909230455
1732909230767
1732909230957
1732909231133
1732909231293
1732909231612
1732909231746
1732909231796
1732909231842
1732909232025
1732909232179
1732909232230
1732909232302
1732909232537
1732909232572
1732909232634
1732909232739
1732909232852
1732909232983
1732909233012
1732909233113
1732909233294
1732909233351
1732909233399
1732909233460
1732909233642
1732909233758
1732909233806
1732909233866
1732909234082
1732909234122
1732909234176
1732909234239
1732909234454
1732909234583
1732909234637
1732909234733
1732909234910
1732909234965
1732909235000
1732909235081
1732909235231
1732909235354
1732909235416
1732909235515
1732909235705
1732909235765
1732909235829
1732909235868
1732909236021
1732909236143
1732909236152
1732909236275
1732909236429
1732909236487
1732909236550
1732909236601
1732909236756
1732909236911
1732909236942
1732909237058
1732909237275
1732909237327
1732909237422
1732909237476
1732909237634
1732909237737
1732909237767
1732909237883
1732909238022
1732909238080
1732909238162
1732909238205
1732909238341
1732909238489
1732909238543
1732909238626
1732909238787
1732909238894
1732909238899
1732909238934
1732909239231
1732909239329
1732909239360
1732909239461
1732909239732
1732909239806
1732909239850
1732909239895
1732909240038
1732909240117
1732909240152
1732909240239
1732909240372
1732909240405
1732909240442
1732909240486
1732909240614
1732909240687
1732909240735
1732909240815
1732909240925
1732909240962
1732909241004
1732909241035
1732909241144
1732909241219
1732909241265
1732909241353
1732909241486
1732909241537
1732909241580
1732909241660
1732909241765
1732909241872
1732909241927
1732909242064
1732909242224
1732909242241
1732909242293
1732909242316
1732909242464
1732909242523
1732909242564
1732909242646
1732909242756
1732909242825
1732909242859
1732909242913
1732909243053
1732909243117
1732909243155
1732909243238
1732909243348
1732909243400
1732909243425
1732909244926
1732909244929
1732909244929
1732909244929
1732909244930
1732909244931
1732909244931
1732909244950
1732909244950
1732909244950
1732909244951
1732909244951
1732909244951
1732909244952
1732909244952
1732909244952
1732909244952
1732909245209
1732909245271
1732909245289
1732909245300
1732909245313
1732909245314
1732909245314
1732909245314
1732909245349
1732909245402
1732909245434
1732909245501
1732909245620
1732909245759
1732909245763
1732909245815
1732909245874
1732909245975
1732909245997
1732909246072
1732909246216
1732909246258
1732909246287
1732909246334
1732909246447
1732909246527
1732909246557
1732909246644
1732909246755
1732909246789
1732909246844
1732909246886
1732909247020
1732909247105
1732909247148
1732909247229
1732909247374
1732909247403
1732909247440
1732909247480
1732909247599
1732909247715
1732909247737
1732909247834
1732909247952
1732909247993
1732909248051
1732909248092
1732909248208
1732909248281
1732909248326
1732909248397
1732909248539
1732909248582
1732909248614
1732909248655
1732909248799
1732909248869
1732909248912
1732909249014
1732909249116
1732909249164
1732909249201
1732909249250
1732909249379
1732909249459
1732909249514
1732909249622
1732909249817
1732909249866
1732909249899
1732909249980
1732909250062
1732909250149
1732909250191
1732909250278
1732909250409
1732909250456
1732909250477
1732909250524
1732909250632
1732909250721
1732909250759
1732909250836
1732909250968
1732909251000
1732909251030
1732909251085
1732909251198
1732909251285
1732909251318
1732909251405
1732909251510
1732909251541
1732909251571
1732909251602
1732909251731
1732909251832
1732909251905
1732909251966
1732909252148
1732909252164
1732909252189
1732909252230
1732909252348
1732909252433
1732909252466
1732909252562
1732909252669
1732909252722
1732909252746
1732909252794
1732909252911
1732909252997
1732909253029
1732909253113
1732909253227
1732909253271
1732909253313
1732909253354
1732909253468
1732909253555
1732909253593
1732909253689
1732909253805
1732909253842
1732909253886
1732909253914
1732909254046
1732909254119
1732909254169
1732909254233
1732909254366
1732909254398
1732909254440
1732909254489
1732909254634
1732909254710
1732909254759
1732909254837
1732909254969
1732909254996
1732909255044
1732909255104
1732909255195
1732909255285
1732909255334
1732909255396
1732909255500
1732909255533
1732909255588
1732909255645
1732909255762
1732909255838
1732909255881
1732909255946
1732909256084
1732909256102
1732909256154
1732909256185
1732909256315
1732909256406
1732909256428
1732909256508
1732909256619
1732909256656
1732909256709
1732909256755
1732909256886
1732909256960
1732909256998
1732909257088
1732909257201
1732909257255
1732909257277
1732909257333
1732909257435
1732909257552
1732909257588
1732909257646
1732909257776
1732909257804
1732909257864
1732909257897
1732909258019
1732909258108
1732909258139
1732909258210
1732909258338
1732909258371
1732909258424
1732909258460
1732909258583
1732909258668
1732909258718
1732909258829
1732909258911
1732909258954
1732909258993
1732909259031
1732909259179
1732909259237
1732909259279
1732909259376
1732909259505
1732909259525
1732909259560
1732909259619
1732909259734
1732909259803
1732909259839
1732909259915
1732909260081
1732909260129
1732909260146
1732909260195
1732909260299
1732909260376
1732909260407
1732909260493
1732909260601
1732909260663
1732909260684
1732909260733
1732909260863
1732909260955
1732909260974
1732909261044
1732909261168
1732909261201
1732909261308
1732909261328
1732909261459
1732909261539
1732909261601
1732909261702
1732909261834
1732909261870
1732909261911
1732909261963
1732909262089
1732909262180
1732909262234
1732909262334
1732909262466
1732909262514
1732909262581
1732909262635
1732909262749
1732909262843
1732909262878
1732909262975
1732909263071
1732909263120
1732909263150
1732909263202
1732909263306
1732909263402
1732909263448
1732909263502
1732909263617
1732909263669
1732909263706
1732909263739
1732909263867
1732909263943
1732909263990
1732909264073
1732909264255
1732909264361
1732909264419
1732909264444
1732909264543
1732909264620
1732909264667
1732909264742
1732909264874
1732909264907
1732909264966
1732909264996
1732909265117
1732909265179
1732909265236
1732909265317
1732909265435
1732909265467
1732909265500
1732909265550
1732909265656
1732909265761
1732909265803
1732909265878
1732909265983
1732909266024
1732909266064
1732909266124
1732909266228
1732909266326
1732909266347
1732909266436
1732909266572
1732909266615
1732909266659
1732909266727
1732909266818
1732909266914
1732909266949
1732909267009
1732909267129
1732909267185
1732909267218
1732909267249
1732909267365
1732909267430
1732909267485
1732909267553
1732909267679
1732909267710
1732909267763
1732909267784
1732909267910
1732909268013
1732909268033
1732909268111
1732909268253
1732909268285
1732909268318
1732909268349
1732909268483
1732909268589
1732909268667
1732909268823
1732909269114
1732909269165
1732909269223
1732909269298
1732909269555
1732909269645
1732909269703
1732909269765
1732909269894
1732909269954
1732909269989
1732909270023
1732909270162
1732909270256
1732909270272
1732909270342
1732909270474
1732909270520
1732909270576
1732909270642
1732909270934
1732909271054
1732909271124
1732909271282
1732909271424
1732909271491
1732909271552
1732909271602
1732909271792
1732909271841
1732909271889
1732909272014
1732909272136
1732909272188
1732909272272
1732909272350
1732909272513
1732909272578
1732909272634
1732909272778
1732909272910
1732909273025
1732909273069
1732909273103
1732909273271
1732909273364
1732909273423
1732909273534
1732909273659
1732909273714
1732909273775
1732909273798
1732909273945
1732909274040
1732909274095
1732909274205
1732909274357
1732909274388
1732909274446
1732909274478
1732909274634
1732909274743
1732909274778
1732909274966
1732909275116
1732909275156
1732909275210
1732909275257
1732909275405
1732909275498
1732909275566
1732909275651
1732909275828
1732909275863
1732909275934
1732909276015
1732909276154
1732909276245
1732909276289
1732909276407
1732909276525
1732909276557
1732909276624
1732909276674
1732909276826
1732909276918
1732909276950
1732909277055
1732909277197
1732909277245
1732909277305
1732909277338
1732909277531
1732909277671
1732909277714
1732909277823
1732909277982
1732909278015
1732909278062
1732909278117
1732909278296
1732909278429
1732909278464
1732909278532
1732909278706
1732909278736
1732909278799
1732909278834
1732909279053
1732909279087
1732909279134
1732909279257
1732909279385
1732909279466
1732909279533
1732909279597
1732909279860
1732909280013
1732909280088
1732909280198
1732909280347
1732909280399
1732909280452
1732909280520
1732909280706
1732909280830
1732909280880
1732909280970
1732909281104
1732909281146
1732909281192
1732909281264
1732909281387
1732909281609
1732909281643
1732909281680
1732909281811
1732909281851
1732909281925
1732909281934
1732909282099
1732909282194
1732909282212
1732909282369
1732909282565
1732909282585
1732909282601
1732909282640
1732909282816
1732909282895
1732909282925
1732909283044
1732909283264
1732909283336
1732909283396
1732909283435
1732909283589
1732909283683
1732909283758
1732909283854
1732909283999
1732909284055
1732909284097
1732909284137
1732909284270
1732909284360
1732909284414
1732909284506
1732909284624
1732909284691
1732909284734
1732909284767
1732909284902
1732909284999
1732909285059
1732909285117
1732909285274
1732909285337
1732909285363
1732909285393
1732909285525
1732909285614
1732909285659
1732909285750
1732909285878
1732909285939
1732909285982
1732909286008
1732909286144
1732909286226
1732909286269
1732909286383
1732909286512
1732909286583
1732909286618
1732909286655
1732909286842
1732909286943
1732909286969
1732909287047
1732909287177
1732909287251
1732909287300
1732909287346
1732909287457
1732909287604
1732909287609
1732909287723
1732909287842
1732909287914
1732909287946
1732909287979
1732909288093
1732909288191
1732909288239
1732909288323
1732909288475
1732909288498
1732909288560
1732909288630
1732909288698
1732909288783
1732909288814
1732909288875
1732909288968
1732909288997
1732909289027
1732909289059
1732909289175
1732909289230
1732909289305
1732909289359
1732909289492
1732909289542
1732909289596
1732909289628
1732909289750
1732909289816
1732909289864
1732909289926
1732909290031
1732909290085
1732909290114
1732909290147
1732909290263
1732909290328
1732909290358
1732909290418
1732909290524
1732909290546
1732909290578
1732909290610
1732909290700
1732909290773
1732909290798
1732909290869
1732909290957
1732909291012
1732909291043
1732909291093
1732909291186
1732909291260
1732909291277
1732909291345
1732909291462
1732909291495
1732909291531
1732909291609
1732909291792
1732909291930
1732909291967
1732909292045
1732909292146
1732909292185
1732909292238
1732909292320
1732909292442
1732909292528
1732909292557
1732909292618
1732909292734
1732909292765
1732909292796
1732909292834
1732909292936
1732909293008
1732909293041
1732909293126
1732909293221
1732909293284
1732909293319
1732909293350
1732909293449
1732909293517
1732909293536
1732909293615
1732909293807
1732909293833
1732909293921
1732909293927
1732909294052
1732909294144
1732909294197
1732909294226
1732909294326
1732909294373
1732909294393
1732909294433
1732909294526
1732909294584
1732909294615
1732909294684
1732909294778
1732909294806
1732909294837
1732909294867
1732909294984
1732909295043
1732909295080
1732909295125
1732909295207
1732909295241
1732909295286
1732909295313
1732909295404
1732909295524
1732909295531
1732909295570
1732909295673
1732909295702
1732909295723
1732909295768
1732909295877
1732909295949
1732909295994
1732909296073
1732909296158
1732909296178
1732909296231
1732909296277
1732909296350
1732909296407
1732909296444
1732909296497
1732909296591
1732909296641
1732909296673
1732909296705
1732909296836
1732909296904
1732909296944
1732909297016
1732909297130
1732909297158
1732909297204
1732909297308
1732909297360
1732909297452
1732909297473
1732909297548
1732909297643
1732909297675
1732909297713
1732909297749
1732909297843
1732909297922
1732909297976
1732909298029
1732909298149
1732909298173
1732909298210
1732909298255
1732909298365
1732909298450
1732909298484
1732909298555
1732909298710
1732909298720
1732909298754
1732909298812
1732909298921
1732909298999
1732909299020
1732909299111
1732909299224
1732909299272
1732909299288
1732909299338
1732909299465
1732909299526
1732909299560
1732909299652
1732909299772
1732909299807
1732909299854
1732909299886
1732909300022
1732909300065
1732909300121
1732909300188
1732909300297
1732909300343
1732909300399
1732909300418
1732909300517
1732909300622
1732909300653
1732909300730
1732909300838
1732909300883
1732909300919
1732909300958
1732909301271
1732909301404
1732909301502
1732909301638
1732909301859
1732909301864
1732909301966
1732909301972
1732909302123
1732909302205
1732909302277
1732909302396
1732909302559
1732909302607
1732909302641
1732909302704
1732909302821
1732909302894
1732909302979
1732909303036
1732909303199
1732909303243
1732909303291
1732909303308
1732909303425
1732909303519
1732909303552
1732909303644
1732909303776
1732909303823
1732909303886
1732909303934
1732909304129
1732909304190
1732909304249
1732909304306
1732909304604
1732909304701
1732909304764
1732909304844
1732909305075
1732909305196
1732909305233
1732909305444
1732909305627
1732909305727
1732909305736
1732909305783
1732909305983
1732909306066
1732909306103
1732909306221
1732909306352
1732909306421
1732909306482
1732909306531
1732909306676
1732909306771
1732909306868
1732909307041
1732909307243
1732909307289
1732909307310
1732909307348
1732909307559
1732909307646
1732909307690
1732909307867
1732909308052
1732909308104
1732909308143
1732909308194
1732909308377
1732909308435
1732909308485
1732909308588
1732909308786
1732909308809
1732909308848
1732909308899
1732909309039
1732909309144
1732909309181
1732909309280
1732909309384
1732909309416
1732909309466
1732909309545
1732909309677
1732909309804
1732909309862
1732909309977
1732909310147
1732909310178
1732909310238
1732909310294
1732909310393
1732909310464
1732909310533
1732909310723
1732909310917
1732909310986
1732909311024
1732909311076
1732909311395
1732909311585
1732909311729
1732909311862
1732909312142
1732909312195
1732909312279
1732909312364
1732909312581
1732909312742
1732909312796
1732909312932
1732909313096
1732909313146
1732909313194
1732909313254
1732909313418
1732909313545
1732909313604
1732909313743
1732909313890
1732909313949
1732909314050
1732909314061
1732909314219
1732909314358
1732909314399
1732909314525
1732909314726
1732909314783
1732909314840
1732909314897
