1732909089210
1732909103322
1732909103634
1732909103848
1732909104364
1732909104905
1732909105134
1732909105494
1732909105589
1732909105797
1732909105900
1732909105946
1732909106039
1732909106204
1732909106236
1732909106283
1732909106372
1732909106502
1732909106617
1732909106658
1732909106734
1732909106854
1732909106928
1732909106964
1732909107014
1732909107150
1732909107243
1732909107294
1732909107379
1732909107488
1732909107523
1732909107582
1732909107634
1732909107741
1732909107827
1732909107856
1732909107927
1732909108085
1732909108127
1732909108182
1732909108217
1732909108322
1732909108408
1732909108442
1732909108525
1732909108617
1732909108659
1732909108697
1732909108760
1732909108868
1732909108935
1732909108970
1732909109078
1732909109168
1732909109188
1732909109227
1732909109259
1732909109378
1732909109444
1732909109481
1732909109556
1732909109679
1732909109704
1732909109746
1732909109775
1732909109885
1732909109942
1732909109978
1732909110040
1732909110149
1732909110254
1732909110296
1732909110318
1732909110445
1732909110492
1732909110521
1732909110597
1732909110685
1732909110729
1732909110772
1732909110796
1732909110883
1732909110963
1732909110989
1732909111055
1732909111137
1732909111179
1732909111209
1732909111233
1732909111325
1732909111385
1732909111425
1732909111495
1732909111572
1732909111639
1732909111688
1732909111719
1732909111825
1732909111917
1732909111957
1732909112026
1732909112133
1732909112167
1732909112227
1732909112238
1732909112368
1732909112468
1732909112500
1732909112565
1732909112672
1732909112713
1732909112760
1732909112778
1732909112924
1732909112999
1732909113024
1732909113114
1732909113234
1732909113288
1732909113375
1732909113415
1732909113632
1732909113791
1732909113818
1732909113914
1732909114039
1732909114100
1732909114120
1732909114162
1732909114277
1732909114356
1732909114407
1732909114478
1732909114587
1732909114642
1732909114691
1732909114707
1732909114787
1732909114884
1732909114919
1732909115023
1732909115127
1732909115159
1732909115196
1732909115230
1732909115315
1732909115377
1732909115408
1732909115473
1732909115555
1732909115594
1732909115623
1732909115654
1732909115753
1732909115838
1732909115860
1732909115928
1732909116034
1732909116064
1732909116100
1732909116134
1732909116232
1732909116312
1732909116341
1732909116436
1732909116568
1732909116633
1732909116662
1732909116691
1732909116788
1732909116894
1732909116905
1732909116942
1732909117045
1732909117077
1732909117086
1732909117106
1732909117217
1732909117310
1732909117340
1732909117463
1732909117564
1732909117637
1732909117714
1732909117743
1732909117870
1732909117938
1732909117998
1732909118106
1732909118224
1732909118251
1732909118308
1732909118330
1732909118477
1732909118588
1732909118615
1732909118780
1732909118915
1732909118948
1732909118981
1732909119036
1732909119123
1732909119205
1732909119249
1732909119307
1732909119415
1732909119486
1732909119505
1732909119544
1732909119670
1732909119725
1732909119759
1732909119823
1732909119938
1732909119968
1732909120002
1732909120013
1732909120132
1732909120195
1732909120204
1732909120271
1732909120371
1732909120399
1732909120430
1732909120456
1732909120715
1732909120755
1732909120799
1732909120907
1732909121076
1732909121103
1732909121126
1732909121160
1732909121266
1732909121344
1732909121392
1732909121479
1732909121618
1732909121673
1732909121694
1732909121729
1732909121848
1732909122000
1732909122054
1732909122171
1732909122294
1732909122345
1732909122386
1732909122432
1732909122545
1732909122625
1732909122641
1732909122722
1732909122917
1732909122926
1732909122977
1732909123004
1732909123115
1732909123206
1732909123238
1732909123332
1732909123531
1732909123543
1732909123557
1732909123603
1732909123775
1732909123880
1732909123888
1732909123943
1732909124129
1732909124141
1732909124215
1732909124256
1732909124380
1732909124482
1732909124515
1732909124596
1732909124731
1732909124800
1732909124873
1732909124926
1732909125126
1732909125249
1732909125257
1732909125343
1732909125585
1732909125620
1732909125704
1732909125723
1732909125923
1732909126122
1732909126194
1732909126317
1732909126550
1732909126609
1732909126692
1732909126760
1732909126841
1732909126916
1732909126978
1732909127029
1732909127158
1732909127166
1732909127220
1732909127256
1732909127358
1732909127431
1732909127476
1732909127577
1732909127691
1732909127740
1732909127778
1732909127821
1732909127923
1732909128016
1732909128035
1732909128119
1732909128266
1732909128284
1732909128320
1732909128347
1732909128448
1732909128536
1732909128579
1732909128633
1732909128726
1732909128749
1732909128786
1732909128851
1732909128957
1732909128999
1732909129040
1732909129118
1732909129227
1732909129285
1732909129302
1732909129325
1732909129424
1732909129513
1732909129569
1732909129677
1732909129787
1732909129817
1732909129868
1732909129904
1732909130039
1732909130081
1732909130126
1732909130213
1732909130314
1732909130334
1732909130397
1732909130421
1732909130520
1732909130579
1732909130614
1732909130685
1732909130803
1732909130831
1732909130863
1732909130894
1732909131008
1732909131071
1732909131091
1732909131156
1732909131266
1732909131320
1732909131362
1732909131400
1732909131511
1732909131599
1732909131624
1732909131683
1732909131775
1732909131803
1732909131832
1732909131864
1732909131990
1732909132054
1732909132095
1732909132131
1732909132222
1732909132256
1732909132324
1732909132354
1732909132433
1732909132496
1732909132555
1732909132604
1732909132694
1732909132726
1732909132757
1732909132799
1732909132899
1732909132962
1732909132998
1732909133070
1732909133187
1732909133215
1732909133262
1732909133310
1732909133420
1732909133492
1732909133528
1732909133621
1732909133809
1732909133841
1732909133894
1732909133920
1732909134047
1732909134117
1732909134181
1732909134238
1732909134346
1732909134389
1732909134434
1732909134502
1732909134643
1732909134753
1732909134805
1732909134872
1732909134984
1732909135019
1732909135086
1732909135093
1732909135207
1732909135281
1732909135316
1732909135394
1732909135483
1732909135520
1732909135559
1732909135600
1732909135696
1732909135787
1732909135830
1732909135888
1732909136010
1732909136047
1732909136082
1732909136208
1732909136379
1732909136489
1732909136545
1732909136636
1732909136750
1732909136801
1732909136850
1732909136906
1732909136986
1732909137107
1732909137125
1732909137224
1732909137349
1732909137384
1732909137424
1732909137565
1732909137650
1732909137730
1732909137761
1732909137831
1732909137991
1732909138069
1732909138090
1732909138141
1732909138362
1732909138444
1732909138509
1732909138655
1732909138807
1732909138852
1732909138897
1732909138936
1732909139059
1732909139161
1732909139187
1732909139270
1732909139401
1732909139437
1732909139483
1732909139522
1732909139643
1732909139746
1732909139799
1732909139862
1732909139958
1732909140010
1732909140113
1732909140124
1732909140325
1732909140418
1732909140518
1732909140635
1732909140963
1732909141028
1732909141147
1732909141198
1732909141299
1732909141442
1732909141498
1732909141608
1732909141878
1732909141937
1732909141985
1732909142048
1732909142205
1732909142328
1732909142428
1732909142563
1732909142721
1732909142796
1732909142839
1732909142931
1732909143190
1732909143266
1732909143275
1732909143451
1732909143710
1732909143750
1732909143826
1732909143862
1732909144027
1732909144140
1732909144201
1732909144375
1732909144422
1732909144472
1732909144520
1732909144558
1732909144659
1732909144739
1732909144798
1732909144853
1732909145022
1732909145038
1732909145088
1732909145132
1732909145295
1732909145372
1732909145459
1732909145541
1732909145658
1732909145698
1732909145708
1732909145741
1732909145831
1732909145908
1732909145941
1732909146017
1732909146146
1732909146178
1732909146200
1732909146242
1732909146412
1732909146476
1732909146511
1732909146646
1732909146797
1732909146828
1732909146872
1732909146946
1732909147049
1732909147124
1732909147142
1732909147209
1732909147365
1732909147414
1732909147462
1732909147515
1732909147662
1732909147747
1732909147779
1732909147873
1732909148012
1732909148045
1732909148089
1732909148121
1732909148270
1732909148334
1732909148372
1732909148478
1732909148581
1732909148612
1732909148683
1732909148710
1732909148869
1732909148882
1732909148941
1732909149005
1732909149135
1732909149173
1732909149236
1732909149277
1732909149341
1732909149413
1732909149452
1732909149530
1732909149661
1732909149685
1732909149716
1732909149784
1732909149861
1732909149968
1732909149990
1732909150043
1732909150158
1732909150187
1732909150238
1732909150275
1732909150364
1732909150451
1732909150486
1732909150571
1732909150675
1732909150723
1732909150788
1732909150822
1732909150940
1732909150991
1732909151043
1732909151119
1732909151222
1732909151265
1732909151297
1732909151320
1732909151446
1732909151545
1732909151593
1732909151679
1732909151805
1732909151847
1732909151887
1732909151921
1732909152021
1732909152095
1732909152139
1732909152218
1732909152287
1732909152320
1732909152357
1732909152399
1732909152507
1732909152579
1732909152612
1732909152691
1732909152852
1732909152888
1732909152928
1732909152980
1732909153093
1732909153172
1732909153224
1732909153317
1732909153458
1732909153482
1732909153554
1732909153563
1732909153709
1732909153797
1732909153874
1732909153954
1732909154099
1732909154168
1732909154211
1732909154259
1732909154388
1732909154478
1732909154531
1732909154590
1732909154708
1732909154750
1732909154836
1732909154853
1732909154985
1732909155078
1732909155112
1732909155167
1732909155293
1732909155340
1732909155372
1732909155411
1732909155516
1732909155611
1732909155647
1732909155747
1732909155844
1732909155948
1732909156004
1732909156045
1732909156207
1732909156322
1732909156413
1732909156466
1732909156582
1732909156643
1732909156699
1732909156728
1732909156833
1732909156903
1732909156957
1732909157032
1732909157172
1732909157217
1732909157253
1732909157295
1732909157436
1732909157564
1732909157595
1732909157678
1732909157811
1732909157865
1732909157899
1732909157947
1732909158104
1732909158168
1732909158227
1732909158290
1732909158386
1732909158425
1732909158464
1732909158534
1732909158650
1732909158725
1732909158744
1732909158821
1732909158953
1732909158962
1732909158994
1732909159035
1732909159145
1732909159266
1732909159296
1732909159368
1732909159509
1732909159544
1732909159636
1732909159666
1732909159785
1732909159869
1732909159919
1732909159997
1732909160102
1732909160134
1732909160162
1732909160197
1732909160343
1732909160416
1732909160441
1732909160506
1732909160628
1732909160661
1732909160699
1732909160737
1732909160837
1732909160952
1732909161037
1732909161052
1732909161165
1732909161217
1732909161250
1732909161294
1732909161394
1732909161469
1732909161514
1732909161571
1732909161728
1732909161760
1732909161790
1732909161828
1732909161979
1732909162024
1732909162068
1732909162137
1732909162241
1732909162279
1732909162323
1732909162369
1732909162471
1732909162589
1732909162641
1732909162726
1732909162854
1732909162909
1732909162940
1732909162975
1732909163107
1732909163220
1732909163234
1732909163352
1732909163490
1732909163534
1732909163639
1732909163693
1732909163943
1732909164102
1732909164167
1732909164192
1732909164359
1732909164424
1732909164480
1732909164523
1732909164691
1732909164762
1732909164820
1732909164913
1732909165073
1732909165138
1732909165192
1732909165241
1732909165386
1732909165487
1732909165535
1732909165649
1732909165786
1732909165847
1732909165892
1732909165946
1732909166099
1732909166224
1732909166273
1732909166412
1732909166583
1732909166631
1732909166677
1732909166738
1732909166941
1732909167069
1732909167149
1732909167237
1732909167389
1732909167426
1732909167461
1732909167558
1732909168842
1732909169306
1732909169626
1732909170346
1732909170762
1732909170848
1732909170957
1732909171027
1732909171359
1732909171478
1732909171559
1732909171802
1732909171931
1732909172015
1732909172051
1732909172102
1732909172251
1732909172341
1732909172381
1732909172492
1732909172649
1732909172700
1732909172747
1732909172794
1732909172928
1732909173015
1732909173058
1732909173152
1732909173293
1732909173350
1732909173394
1732909173452
1732909173691
1732909173779
1732909173856
1732909173976
1732909174255
1732909174276
1732909174414
1732909174482
1732909174643
1732909174763
1732909174847
1732909174912
1732909175037
1732909175108
1732909175159
1732909175213
1732909175377
1732909175488
1732909175524
1732909175635
1732909175802
1732909175850
1732909175961
1732909176058
1732909176254
1732909176359
1732909176448
1732909176529
1732909176702
1732909176756
1732909176805
1732909176852
1732909177023
1732909177098
1732909177153
1732909177277
1732909177408
1732909177457
1732909177511
1732909177548
1732909177706
1732909177784
1732909177834
1732909177930
1732909178068
1732909178141
1732909178192
1732909178258
1732909178521
1732909178676
1732909178777
1732909178878
1732909179040
1732909179096
1732909179147
1732909179220
1732909179410
1732909179538
1732909179598
1732909179675
1732909179877
1732909179909
1732909179951
1732909180021
1732909181478
1732909182256
1732909182739
1732909183667
1732909185081
1732909185274
1732909185315
1732909185382
1732909185427
1732909185448
1732909185448
1732909185466
1732909185557
1732909185633
1732909185651
1732909185684
1732909185736
1732909185737
1732909185768
1732909185776
1732909185805
1732909185806
1732909185807
1732909185807
1732909185889
1732909185954
1732909185960
1732909185977
1732909186125
1732909186143
1732909186147
1732909186149
1732909186204
1732909186220
1732909186257
1732909186320
1732909186394
1732909186402
1732909186456
1732909186489
1732909186784
1732909186847
1732909186865
1732909187123
1732909187236
1732909187289
1732909187294
1732909187345
1732909187391
1732909187454
1732909187511
1732909187608
1732909187754
1732909187814
1732909187851
1732909187916
1732909188060
1732909188150
1732909188220
1732909188282
1732909188452
1732909188517
1732909188568
1732909188628
1732909188792
1732909188882
1732909188953
1732909189041
1732909189213
1732909189267
1732909189353
1732909189410
1732909189601
1732909189769
1732909189831
1732909189966
1732909190114
1732909190182
1732909190212
1732909190273
1732909190403
1732909190521
1732909190552
1732909190666
1732909190833
1732909190877
1732909190929
1732909190988
1732909191129
1732909191268
1732909191275
1732909191418
1732909191596
1732909191604
1732909191660
1732909191707
1732909191852
1732909191983
1732909192008
1732909192097
1732909192281
1732909192288
1732909192378
1732909192433
1732909192559
1732909192669
1732909192717
1732909192825
1732909192992
1732909193038
1732909193122
1732909193169
1732909193330
1732909193480
1732909193564
1732909193676
1732909193796
1732909193867
1732909193899
1732909193945
1732909194110
1732909194192
1732909194244
1732909194371
1732909194546
1732909194605
1732909194662
1732909194821
1732909195105
1732909195282
1732909195402
1732909195507
1732909195895
1732909196006
1732909196139
1732909196164
1732909196339
1732909196504
1732909196571
1732909196665
1732909196852
1732909196883
1732909196959
1732909197032
1732909197180
1732909197278
1732909197317
1732909197431
1732909197566
1732909197621
1732909197688
1732909197735
1732909197880
1732909197943
1732909197994
1732909198088
1732909198251
1732909198310
1732909198345
1732909198395
1732909198526
1732909198620
1732909198702
1732909198758
1732909198897
1732909198951
1732909199010
1732909199059
1732909199233
1732909199339
1732909199380
1732909199473
1732909199663
1732909199710
1732909199719
1732909199769
1732909199904
1732909200010
1732909200052
1732909200168
1732909200306
1732909200362
1732909200403
1732909200463
1732909200630
1732909200719
1732909200785
1732909200874
1732909201044
1732909201110
1732909201157
1732909201218
1732909201386
1732909201523
1732909201567
1732909201631
1732909201775
1732909201823
1732909201861
1732909201908
1732909202056
1732909202163
1732909202179
1732909202291
1732909202433
1732909202469
1732909202541
1732909202571
1732909202693
1732909202825
1732909202883
1732909202967
1732909203122
1732909203166
1732909203233
1732909203266
1732909203423
1732909203512
1732909203569
1732909203682
1732909203805
1732909203860
1732909203901
1732909203966
1732909204085
1732909204195
1732909204231
1732909204321
1732909204459
1732909204517
1732909204549
1732909204595
1732909204730
1732909204835
1732909204865
1732909204946
1732909205073
1732909205135
1732909205169
1732909205233
1732909205345
1732909205444
1732909205481
1732909205565
1732909205681
1732909205736
1732909205785
1732909205846
1732909205958
1732909206047
1732909206101
1732909206194
1732909206323
1732909206376
1732909206446
1732909206513
1732909206667
1732909206738
1732909206819
1732909206908
1732909206999
1732909207055
1732909207091
1732909207151
1732909207387
1732909207436
1732909207478
1732909207598
1732909207757
1732909207804
1732909207873
1732909207925
1732909208067
1732909208169
1732909208236
1732909208306
1732909208456
1732909208487
1732909208546
1732909208584
1732909208700
1732909208805
1732909208864
1732909208942
1732909209061
1732909209106
1732909209142
1732909209214
1732909209326
1732909209419
1732909209450
1732909209535
1732909209666
1732909209770
1732909209796
1732909209821
1732909209947
1732909210039
1732909210087
1732909210179
1732909210308
1732909210349
1732909210390
1732909210485
1732909210579
1732909210661
1732909210710
1732909210791
1732909210913
1732909210965
1732909211023
1732909211059
1732909211202
1732909211260
1732909211330
1732909211423
1732909211559
1732909211644
1732909211684
1732909211718
1732909211841
1732909211937
1732909211969
1732909212047
1732909212196
1732909212234
1732909212281
1732909212317
1732909212489
1732909212592
1732909212638
1732909212715
1732909212857
1732909212899
1732909212945
1732909212975
1732909213156
1732909213236
1732909213263
1732909213348
1732909213477
1732909213510
1732909213538
1732909213586
1732909213707
1732909213820
1732909213871
1732909213941
1732909214065
1732909214096
1732909214129
1732909214178
1732909214299
1732909214375
1732909214407
1732909214498
1732909214612
1732909214653
1732909214684
1732909214719
1732909214853
1732909214915
1732909214957
1732909215051
1732909215175
1732909215211
1732909215250
1732909215302
1732909215456
1732909215518
1732909215551
1732909215634
1732909215776
1732909215818
1732909215837
1732909215872
1732909216009
1732909216085
1732909216117
1732909216204
1732909216334
1732909216366
1732909216469
1732909216512
1732909216627
1732909216727
1732909216765
1732909216849
1732909217025
1732909217080
1732909217128
1732909217170
1732909217312
1732909217390
1732909217454
1732909217598
1732909217756
1732909217843
1732909217887
1732909217905
1732909218029
1732909218111
1732909218166
1732909218241
1732909218335
1732909218387
1732909218418
1732909218474
1732909218571
1732909218653
1732909218705
1732909218782
1732909218898
1732909218930
1732909218984
1732909219019
1732909219161
1732909219238
1732909219269
1732909219367
1732909219554
1732909219626
1732909219677
1732909219717
1732909219893
1732909220010
1732909220084
1732909220186
1732909220353
1732909220415
1732909220446
1732909220515
1732909220652
1732909220778
1732909220809
1732909220913
1732909221052
1732909221133
1732909221194
1732909221243
1732909221360
1732909221489
1732909221528
1732909221618
1732909221792
1732909221818
1732909221883
1732909221936
1732909222061
1732909222152
1732909222207
1732909222318
1732909222445
1732909222498
1732909222553
1732909222604
1732909222747
1732909222842
1732909222885
1732909223005
1732909223129
1732909223197
1732909223238
1732909223304
1732909223436
1732909223508
1732909223556
1732909223651
1732909223750
1732909223791
1732909223830
1732909223868
1732909223990
1732909224057
1732909224114
1732909224203
1732909224299
1732909224358
1732909224391
1732909224443
1732909224593
1732909224688
1732909224733
1732909224820
1732909224937
1732909224971
1732909225012
1732909225065
1732909225186
1732909225264
1732909225315
1732909225422
1732909225557
1732909225562
1732909225623
1732909225669
1732909225770
1732909225834
1732909225883
1732909225964
1732909226071
1732909226108
1732909226152
1732909226204
1732909226374
1732909226489
1732909226533
1732909226617
1732909226730
1732909226773
1732909226808
1732909226862
1732909226977
1732909227061
1732909227124
1732909227174
1732909227334
1732909227345
1732909227374
1732909227413
1732909227536
1732909227613
1732909227653
1732909227742
1732909227860
1732909227903
1732909227938
1732909227983
1732909228122
1732909228197
1732909228244
1732909228326
1732909228442
1732909228489
1732909228535
1732909228583
1732909228754
1732909228826
1732909228875
1732909228968
1732909229096
1732909229136
1732909229182
1732909229208
1732909229343
1732909229433
1732909229466
1732909229554
1732909229681
1732909229711
1732909229766
1732909229826
1732909229983
1732909230084
1732909230119
1732909230206
1732909230320
1732909230351
1732909230406
1732909230434
1732909230775
1732909231026
1732909231111
1732909231324
1732909231577
1732909231694
1732909231835
1732909231915
1732909232058
1732909232149
1732909232207
1732909232322
1732909232491
1732909232555
1732909232666
1732909232757
1732909232856
1732909232973
1732909233027
1732909233125
1732909233294
1732909233344
1732909233408
1732909233491
1732909233624
1732909233751
1732909233796
1732909233905
1732909234044
1732909234096
1732909234139
1732909234193
1732909234451
1732909234585
1732909234637
1732909234730
1732909234905
1732909234947
1732909235012
1732909235088
1732909235246
1732909235364
1732909235404
1732909235520
1732909235704
1732909235736
1732909235869
1732909235895
1732909236001
1732909236117
1732909236160
1732909236247
1732909236466
1732909236499
1732909236567
1732909236607
1732909236739
1732909236927
1732909236968
1732909237111
1732909237266
1732909237327
1732909237415
1732909237450
1732909237614
1732909237748
1732909237775
1732909237900
1732909238039
1732909238106
1732909238180
1732909238218
1732909238355
1732909238461
1732909238538
1732909238604
1732909238807
1732909238828
1732909238859
1732909238939
1732909239161
1732909239277
1732909239336
1732909239468
1732909239743
1732909239803
1732909239856
1732909239913
1732909240049
1732909240121
1732909240152
1732909240240
1732909240375
1732909240409
1732909240447
1732909240497
1732909240614
1732909240688
1732909240736
1732909240825
1732909240939
1732909240970
1732909241023
1732909241059
1732909241148
1732909241221
1732909241261
1732909241349
1732909241489
1732909241532
1732909241595
1732909241664
1732909241771
1732909241864
1732909241930
1732909242062
1732909242235
1732909242279
1732909242287
1732909242317
1732909242446
1732909242524
1732909242585
1732909242641
1732909242759
1732909242802
1732909242857
1732909242904
1732909243041
1732909243126
1732909243149
1732909243240
1732909243352
1732909243390
1732909243425
1732909243472
1732909243594
1732909243678
1732909243722
1732909243808
1732909243927
1732909243967
1732909244024
1732909244046
1732909244158
1732909244227
1732909244272
1732909244355
1732909244468
1732909244491
1732909244526
1732909244572
1732909244724
1732909244783
1732909244827
1732909244924
1732909245026
1732909245083
1732909245113
1732909245148
1732909245309
1732909245381
1732909245411
1732909245497
1732909245628
1732909245672
1732909245704
1732909245742
1732909245884
1732909245955
1732909246004
1732909246094
1732909246200
1732909246255
1732909246285
1732909246334
1732909246450
1732909246524
1732909246564
1732909246640
1732909246756
1732909246790
1732909246845
1732909246890
1732909247016
1732909247089
1732909247133
1732909247223
1732909247384
1732909247413
1732909247444
1732909247478
1732909247614
1732909247685
1732909247739
1732909247836
1732909247958
1732909247977
1732909248066
1732909248095
1732909248193
1732909248286
1732909248325
1732909248400
1732909248527
1732909248567
1732909248616
1732909248662
1732909248784
1732909248892
1732909248924
1732909248998
1732909249130
1732909249153
1732909249190
1732909249225
1732909249386
1732909249477
1732909249515
1732909249653
1732909249801
1732909249879
1732909249910
1732909249933
1732909250062
1732909250150
1732909250184
1732909250284
1732909250414
1732909250446
1732909250481
1732909250512
1732909250650
1732909250725
1732909250757
1732909250847
1732909250964
1732909250999
1732909251031
1732909251084
1732909251206
1732909251273
1732909251325
1732909251412
1732909251502
1732909251554
1732909251597
1732909251616
1732909251765
1732909251822
1732909251866
1732909251959
1732909252164
1732909252203
1732909252249
1732909252276
1732909252351
1732909252431
1732909252475
1732909252562
1732909252668
1732909252708
1732909252753
1732909252795
1732909252933
1732909253019
1732909253054
1732909253121
1732909253238
1732909253272
1732909253344
1732909253379
1732909253493
1732909253558
1732909253605
1732909253698
1732909253824
1732909253851
1732909253877
1732909253940
1732909254035
1732909254124
1732909254158
1732909254234
1732909254366
1732909254415
1732909254453
1732909254484
1732909254587
1732909254671
1732909254737
1732909254846
1732909254964
1732909255006
1732909255041
1732909255094
1732909255204
1732909255292
1732909255316
1732909255391
1732909255504
1732909255538
1732909255592
1732909255647
1732909255753
1732909255822
1732909255874
1732909255967
1732909256073
1732909256109
1732909256147
1732909256204
1732909256309
1732909256393
1732909256434
1732909256524
1732909256624
1732909256659
1732909256704
1732909256734
1732909256873
1732909256958
1732909257010
1732909257114
1732909257214
1732909257248
1732909257280
1732909257321
1732909257454
1732909257521
1732909257573
1732909257652
1732909257765
1732909257806
1732909257873
1732909257892
1732909258007
1732909258115
1732909258150
1732909258233
1732909258347
1732909258379
1732909258458
1732909258487
1732909258592
1732909258668
1732909258729
1732909258794
1732909258928
1732909258965
1732909259003
1732909259032
1732909259181
1732909259238
1732909259288
1732909259360
1732909259484
1732909259540
1732909259560
1732909259617
1732909259722
1732909259813
1732909259839
1732909259910
1732909260063
1732909260113
1732909260146
1732909260174
1732909260311
1732909260379
1732909260412
1732909260480
1732909260627
1732909260654
1732909260688
1732909260733
1732909260855
1732909260937
1732909260971
1732909261048
1732909261168
1732909261239
1732909261269
1732909261309
1732909261456
1732909261541
1732909261577
1732909261687
1732909261840
1732909261871
1732909261911
1732909261950
1732909262066
1732909262191
1732909262229
1732909262344
1732909262480
1732909262761
1732909262851
1732909262912
1732909263680
1732909263903
1732909263905
1732909263906
1732909263939
1732909263950
1732909263952
1732909263955
1732909263982
1732909263982
1732909263982
1732909264033
1732909264036
1732909264064
1732909264096
1732909264145
1732909264221
1732909264257
1732909264272
1732909264334
1732909264408
1732909264415
1732909264436
1732909264460
1732909264551
1732909264630
1732909264676
1732909264750
1732909264877
1732909264908
1732909264946
1732909264995
1732909265114
1732909265180
1732909265220
1732909265315
1732909265427
1732909265491
1732909265501
1732909265537
1732909265666
1732909265757
1732909265796
1732909265862
1732909265971
1732909266018
1732909266074
1732909266091
1732909266223
1732909266304
1732909266364
1732909266439
1732909266567
1732909266600
1732909266642
1732909266687
1732909266826
1732909266903
1732909266937
1732909267019
1732909267136
1732909267186
1732909267256
1732909267262
1732909267386
1732909267452
1732909267467
1732909267563
1732909267687
1732909267724
1732909267777
1732909267812
1732909267906
1732909268000
1732909268035
1732909268116
1732909268235
1732909268268
1732909268309
1732909268341
1732909268460
1732909268546
1732909268615
1732909268809
1732909269117
1732909269256
1732909269272
1732909269424
1732909269545
1732909269634
1732909269687
1732909269798
1732909269891
1732909269933
1732909269990
1732909270053
1732909270155
1732909270224
1732909270274
1732909270357
1732909270472
1732909270519
1732909270589
1732909270660
1732909270917
1732909271054
1732909271123
1732909271263
1732909271418
1732909271493
1732909271546
1732909271588
1732909271767
1732909271842
1732909271925
1732909272007
1732909272140
1732909272179
1732909272246
1732909272329
1732909272474
1732909272590
1732909272626
1732909272760
1732909272917
1732909273003
1732909273066
1732909273106
1732909273306
1732909273364
1732909273406
1732909273514
1732909273687
1732909273719
1732909273747
1732909273816
1732909273947
1732909274043
1732909274094
1732909274174
1732909274341
1732909274418
1732909274475
1732909274505
1732909274640
1732909274751
1732909274830
1732909274964
1732909275131
1732909275178
1732909275243
1732909275275
1732909275423
1732909275521
1732909275577
1732909275654
1732909275795
1732909275868
1732909275937
1732909275966
1732909276129
1732909276223
1732909276259
1732909276374
1732909276544
1732909276585
1732909276627
1732909276687
1732909276843
1732909276924
1732909276950
1732909277066
1732909277204
1732909277274
1732909277326
1732909277345
1732909277516
1732909277700
1732909277726
1732909277827
1732909277997
1732909278021
1732909278067
1732909278151
1732909278296
1732909278434
1732909278449
1732909278558
1732909278734
1732909278780
1732909278818
1732909278833
1732909279014
1732909279098
1732909279134
1732909279246
1732909279464
1732909279505
1732909279545
1732909279628
1732909279866
1732909280050
1732909280096
1732909280245
1732909280369
1732909280418
1732909280451
1732909280511
1732909280716
1732909280832
1732909280858
1732909280952
1732909281111
1732909281153
1732909281191
1732909281296
1732909281396
1732909281543
1732909281575
1732909281664
1732909281792
1732909281833
1732909281887
1732909281919
1732909282045
1732909282148
1732909282220
1732909282367
1732909282516
1732909282573
1732909282610
1732909282664
1732909282786
1732909282880
1732909282930
1732909283058
1732909283293
1732909283394
1732909283400
1732909283433
1732909283569
1732909283682
1732909283774
1732909283888
1732909283998
1732909284062
1732909284100
1732909284133
1732909284275
1732909284374
1732909284407
1732909284494
1732909284654
1732909284672
1732909284734
1732909284774
1732909284898
1732909284997
1732909285038
1732909285119
1732909285276
1732909285303
1732909285354
1732909285399
1732909285534
1732909285623
1732909285666
1732909285751
1732909285874
1732909285949
1732909285978
1732909286042
1732909286152
1732909286235
1732909286269
1732909286385
1732909286530
1732909286585
1732909286624
1732909286678
1732909286836
1732909286931
1732909286972
1732909287051
1732909287187
1732909287234
1732909287276
1732909287316
1732909287472
1732909287545
1732909287597
1732909287692
1732909287834
1732909287892
1732909287923
1732909287974
1732909288116
1732909288194
1732909288227
1732909288335
1732909288468
1732909288509
1732909288556
1732909288592
1732909288697
1732909288766
1732909288801
1732909288864
1732909288960
1732909289013
1732909289033
1732909289068
1732909289151
1732909289235
1732909289305
1732909289357
1732909289502
1732909289558
1732909289589
1732909289631
1732909289735
1732909289816
1732909289850
1732909289928
1732909290033
1732909290069
1732909290112
1732909290144
1732909290236
1732909290313
1732909290349
1732909290414
1732909290517
1732909290558
1732909290578
1732909290615
1732909290704
1732909290783
1732909290815
1732909290870
1732909290977
1732909291025
1732909291045
1732909291089
1732909291164
1732909291245
1732909291299
1732909291345
1732909291465
1732909291503
1732909291532
1732909291576
1732909291838
1732909291937
1732909291964
1732909292032
1732909292148
1732909292198
1732909292246
1732909292319
1732909292449
1732909292512
1732909292560
1732909292616
1732909292726
1732909292757
1732909292793
1732909292844
1732909292937
1732909293015
1732909293056
1732909293117
1732909293219
1732909293263
1732909293315
1732909293355
1732909293455
1732909293509
1732909293544
1732909293649
1732909293772
1732909293812
1732909293851
1732909293890
1732909294051
1732909294117
1732909294153
1732909294239
1732909294327
1732909294361
1732909294398
1732909294424
1732909294515
1732909294580
1732909294607
1732909294673
1732909294760
1732909294799
1732909294832
1732909294860
1732909294973
1732909295031
1732909295058
1732909295127
1732909295222
1732909295246
1732909295272
1732909295318
1732909295424
1732909295485
1732909295502
1732909295574
1732909295663
1732909295687
1732909295727
1732909295764
1732909295879
1732909295951
1732909295993
1732909296057
1732909296146
1732909296186
1732909296217
1732909296270
1732909296362
1732909296402
1732909296433
1732909296506
1732909296596
1732909296621
1732909296663
1732909296694
1732909296850
1732909296911
1732909296941
1732909297026
1732909297142
1732909297176
1732909297212
1732909297284
1732909297378
1732909297441
1732909297476
1732909297565
1732909297653
1732909297684
1732909297718
1732909297750
1732909297856
1732909297921
1732909297963
1732909298032
1732909298174
1732909298183
1732909298221
1732909298252
1732909298349
1732909298430
1732909298482
1732909298569
1732909298696
1732909298746
1732909298813
1732909298847
1732909298932
1732909299036
1732909299056
1732909299113
1732909299237
1732909299272
1732909299294
1732909299347
1732909299483
1732909299556
1732909299561
1732909299659
1732909299782
1732909299802
1732909299844
1732909299885
1732909300012
1732909300066
1732909300103
1732909300203
1732909300297
1732909300330
1732909300393
1732909300424
1732909300537
1732909300609
1732909300641
1732909300737
1732909300867
1732909300890
1732909300943
1732909300986
1732909301262
1732909301430
1732909301507
1732909301623
1732909301776
1732909301862
1732909301902
1732909301993
1732909302109
1732909302218
1732909302259
1732909302393
1732909302574
1732909302634
1732909302641
1732909302752
1732909302815
1732909302894
1732909302979
1732909303044
1732909303208
1732909303242
1732909303284
1732909303307
1732909303430
1732909303516
1732909303573
1732909303646
1732909303806
1732909303892
1732909303898
1732909303988
1732909304132
1732909304215
1732909304236
1732909304338
1732909304588
1732909304686
1732909304767
1732909304906
1732909305074
1732909305179
1732909305241
1732909305462
1732909305652
1732909305699
1732909305744
1732909305804
1732909305965
1732909306075
1732909306107
1732909306244
1732909306397
1732909306413
1732909306481
1732909306520
1732909306678
1732909306769
1732909306909
1732909307023
1732909307182
1732909307282
1732909307298
1732909307368
1732909307603
1732909307700
1732909307743
1732909307900
1732909308077
1732909308108
1732909308150
1732909308197
1732909308359
1732909308437
1732909308504
1732909308587
1732909308803
1732909308811
1732909308873
1732909308905
1732909309041
1732909309128
1732909309170
1732909309285
1732909309387
1732909309421
1732909309447
1732909309503
1732909309713
1732909309828
1732909309851
1732909309974
1732909310163
1732909310202
1732909310229
1732909310279
1732909310389
1732909310482
1732909310537
1732909310751
1732909310920
1732909310984
1732909311037
1732909311079
1732909311361
1732909311545
1732909311678
1732909311879
1732909312136
1732909312216
1732909312294
1732909312365
1732909312590
1732909312752
1732909312822
1732909312913
1732909313099
1732909313164
1732909313196
1732909313267
1732909313455
1732909313568
1732909313646
1732909313730
1732909313898
1732909313956
1732909314004
1732909314085
1732909314223
1732909314368
1732909314417
1732909314575
1732909314738
1732909314814
1732909314848
1732909314900
1732909315083
1732909315217
1732909315263
1732909315361
1732909315496
1732909315535
1732909315617
1732909315661
1732909315847
1732909315984
1732909315991
1732909316110
1732909316204
1732909316261
1732909316341
1732909316382
1732909316519
1732909316633
1732909316672
1732909316797
1732909316956
1732909316987
1732909317043
1732909317063
1732909317250
1732909317344
1732909317386
1732909317487
1732909317598
1732909317651
1732909317708
1732909317754
1732909317902
1732909318023
1732909318063
1732909318153
1732909318304
1732909318351
1732909318406
1732909318453
1732909318619
1732909318722
1732909318754
1732909318848
1732909318989
1732909319043
1732909319093
1732909319139
1732909319306
1732909319415
1732909319539
1732909319626
1732909319717
1732909319757
1732909319828
1732909319851
1732909319998
1732909320105
1732909320155
1732909320261
1732909320411
1732909320558
1732909320564
1732909320596
1732909320746
1732909320841
1732909320878
1732909320992
1732909321142
1732909321181
1732909321242
1732909321302
1732909321427
1732909321531
1732909321591
1732909321686
1732909321877
1732909321917
1732909321959
1732909322021
1732909322167
1732909322358
1732909322414
1732909322498
1732909322644
1732909322700
1732909322733
1732909322810
1732909322935
1732909323027
1732909323077
1732909323203
1732909323331
1732909323394
1732909323452
1732909323491
1732909323634
1732909323737
1732909323799
1732909323901
1732909324027
1732909324082
1732909324134
1732909324181
1732909324308
1732909324491
1732909324532
1732909324635
1732909324801
1732909324838
1732909324884
1732909324943
1732909325122
1732909325197
1732909325266
1732909325370
1732909325660
1732909325692
1732909325748
1732909325792
1732909325959
1732909326084
1732909326131
1732909326333
1732909326492
1732909326559
1732909326634
1732909326679
1732909326853
1732909326936
1732909326973
1732909327063
1732909327208
1732909327259
1732909327304
1732909327365
1732909327514
1732909327614
1732909327687
1732909327744
1732909327922
1732909327929
1732909327984
1732909328014
1732909328167
1732909328279
1732909328319
1732909328415
1732909328604
1732909328643
1732909328738
1732909328772
1732909328978
1732909329092
1732909329131
1732909329280
1732909329437
1732909329487
1732909329535
1732909329572
1732909329707
1732909329796
1732909329843
1732909329956
1732909330209
1732909330318
1732909330391
1732909330459
1732909330653
1732909330738
1732909330798
1732909330925
1732909331074
1732909331118
1732909331188
1732909331274
1732909331470
1732909331541
1732909331607
1732909331724
1732909331915
1732909331963
1732909332031
1732909332087
1732909332220
1732909332308
1732909332372
1732909332477
1732909332687
1732909332814
1732909332826
1732909332865
1732909333069
1732909333185
1732909333318
1732909333453
1732909333812
1732909333893
1732909333974
1732909334035
1732909334222
1732909334368
1732909334510
1732909334673
1732909334944
