1732901314258
1732901350106
1732901351299
1732901351599
1732901352007
1732901352430
1732901352596
1732901352709
1732901352951
1732901353356
1732901353633
1732901353759
1732901353987
1732901354332
1732901354399
1732901354501
1732901354572
1732901354871
1732901355002
1732901355107
1732901355286
1732901355550
1732901355634
1732901355765
1732901355867
1732901356054
1732901356235
1732901356301
1732901356590
1732901356825
1732901356920
1732901357357
1732901357597
1732901357630
1732901357791
1732901358150
1732901358189
1732901358248
1732901358318
1732901358439
1732901358542
1732901358601
1732901358742
1732901359006
1732901359057
1732901359119
1732901359174
1732901359397
1732901359505
1732901359574
1732901359706
1732901359915
1732901359959
1732901360051
1732901360154
1732901360373
1732901360664
1732901360727
1732901360823
1732901361072
1732901361131
1732901361252
1732901361505
1732901361689
1732901361698
1732901361788
1732901361953
1732901362053
1732901362105
1732901362141
1732901362259
1732901362342
1732901362396
1732901362465
1732901362609
1732901362648
1732901362697
1732901362723
1732901362848
1732901362920
1732901362986
1732901363146
1732901363318
1732901363375
1732901363414
1732901363504
1732901363645
1732901363719
1732901363757
1732901363861
1732901364031
1732901364060
1732901364414
1732901364481
1732901364580
1732901364701
1732901364753
1732901364814
1732901364861
1732901365015
1732901365116
1732901365164
1732901365287
1732901365487
1732901365521
1732901365578
1732901365625
1732901365781
1732901365935
1732901365991
1732901366081
1732901366280
1732901366333
1732901366399
1732901366447
1732901366642
1732901366740
1732901366828
1732901366960
1732901367096
1732901367159
1732901367196
1732901367438
1732901367560
1732901367619
1732901367709
1732901367889
1732901367922
1732901367988
1732901368029
1732901368186
1732901368287
1732901368372
1732901368505
1732901368626
1732901368689
1732901368738
1732901368773
1732901368940
1732901369131
1732901369179
1732901369299
1732901369475
1732901369558
1732901369596
1732901369678
1732901369835
1732901369957
1732901370056
1732901370132
1732901370337
1732901370388
1732901370779
1732901370943
1732901371068
1732901371147
1732901371307
1732901371369
1732901371443
1732901371496
1732901371690
1732901371819
1732901371931
1732901372029
1732901372200
1732901372279
1732901372341
1732901372385
1732901372581
1732901372703
1732901372780
1732901372909
1732901373097
1732901373184
1732901373227
1732901373291
1732901373483
1732901373594
1732901373668
1732901373830
1732901374028
1732901374116
1732901374590
1732901374685
1732901374833
1732901375029
1732901375080
1732901375131
1732901375210
1732901375394
1732901375531
1732901375590
1732901375729
1732901375902
1732901375988
1732901376062
1732901376131
1732901376316
1732901376442
1732901376511
1732901376632
1732901376824
1732901376911
1732901376974
1732901377032
1732901377257
1732901377408
1732901377466
1732901377635
1732901377822
1732901377892
1732901377939
