1732908255224
1732908278929
1732908279125
1732908279231
1732908279422
1732908279605
1732908279644
1732908279715
1732908279814
1732908280089
1732908280346
1732908280351
1732908280496
1732908280534
1732908280600
1732908280692
1732908280814
1732908281126
1732908281200
1732908281319
1732908281552
1732908281976
1732908282074
1732908282146
1732908282306
1732908282552
1732908282631
1732908282727
1732908282880
1732908283119
1732908283164
1732908283217
1732908283280
1732908283476
1732908283674
1732908283842
1732908283930
1732908284061
1732908284066
1732908284122
1732908284153
1732908284333
1732908284417
1732908284510
1732908284562
1732908284704
1732908284717
1732908284821
1732908284865
1732908285186
1732908285380
1732908285396
1732908285491
1732908285709
1732908285771
1732908285857
1732908285940
1732908286141
1732908286274
1732908286412
1732908286592
1732908286795
1732908286898
1732908286955
1732908287081
1732908287382
1732908287606
1732908287748
1732908287915
1732908288090
1732908288144
1732908288194
1732908288283
1732908288405
1732908288542
1732908288598
1732908288660
1732908288847
1732908288917
1732908288970
1732908289000
1732908289159
1732908289325
1732908289394
1732908289566
1732908289724
1732908289828
1732908289892
1732908289976
1732908290122
1732908290175
1732908290238
1732908290308
1732908290422
1732908290478
1732908290529
1732908290558
1732908290744
1732908290839
1732908290887
1732908290961
1732908291042
1732908291098
1732908291121
1732908291147
1732908291280
1732908291366
1732908291395
1732908291472
1732908291563
1732908291594
1732908291633
1732908291668
1732908291791
1732908291866
1732908291893
1732908291973
1732908292112
1732908292133
1732908292184
1732908292240
1732908292395
1732908292464
1732908292516
1732908292641
1732908292864
1732908292919
1732908293008
1732908293113
1732908293315
1732908293473
1732908293530
1732908293671
1732908293825
1732908293865
1732908293929
1732908293974
1732908294111
1732908294207
1732908294252
1732908294346
1732908294517
1732908294606
1732908294632
1732908294669
1732908294867
1732908294925
1732908294953
1732908295063
1732908295172
1732908295194
1732908295238
1732908295289
1732908295402
1732908295475
1732908295525
1732908295695
1732908295811
1732908295868
1732908295895
1732908295941
1732908296039
1732908296149
1732908296176
1732908296302
1732908296408
1732908296464
1732908296506
1732908296536
1732908296647
1732908296841
1732908296850
1732908296926
1732908297057
1732908297088
1732908297119
1732908297149
1732908297265
1732908297349
1732908297385
1732908297465
1732908297572
1732908297602
1732908297636
1732908297713
1732908297833
1732908297896
1732908297926
1732908298004
1732908298163
1732908298187
1732908298200
1732908298282
1732908298392
1732908298465
1732908298514
1732908298699
1732908298772
1732908298817
1732908298853
1732908298866
1732908298984
1732908299043
1732908299072
1732908299152
1732908299242
1732908299280
1732908299320
1732908299348
1732908299475
1732908299543
1732908299575
1732908299653
1732908299786
1732908299823
1732908299851
1732908299885
1732908300011
1732908300095
1732908300103
1732908300188
1732908300274
1732908300313
1732908300341
1732908300383
1732908300516
1732908300576
1732908300620
1732908300701
1732908300841
1732908300916
1732908300952
1732908301049
1732908301190
1732908301313
1732908301347
1732908301399
1732908301520
1732908301536
1732908301576
1732908301606
1732908301685
1732908301763
1732908301809
1732908301892
1732908302015
1732908302044
1732908302060
1732908302089
1732908302187
1732908302273
1732908302305
1732908302363
1732908302470
1732908302513
1732908302577
1732908302606
1732908302696
1732908302754
1732908302797
1732908302875
1732908303003
1732908303033
1732908303063
1732908303097
1732908303196
1732908303299
1732908303317
1732908303375
1732908303484
1732908303516
1732908303570
1732908303594
1732908303704
1732908303781
1732908303813
1732908303901
1732908304018
1732908304056
1732908304084
1732908304125
1732908304254
1732908304303
1732908304334
1732908304398
1732908304523
1732908304563
1732908304620
1732908304689
1732908304836
1732908304919
1732908305053
1732908305150
1732908305234
1732908305285
1732908305315
1732908305347
1732908305472
1732908305569
1732908305635
1732908305769
1732908305875
1732908305916
1732908305977
1732908306002
1732908306119
1732908306234
1732908306257
1732908306323
1732908306413
1732908306458
1732908306500
1732908306529
1732908306645
1732908306711
1732908306751
1732908306854
1732908306969
1732908307007
1732908307025
1732908307087
1732908307184
1732908307256
1732908307310
1732908307371
1732908307469
1732908307519
1732908307528
1732908307561
1732908307709
1732908307762
1732908307795
1732908307872
1732908307994
1732908308036
1732908308084
1732908308109
1732908308211
1732908308282
1732908308304
1732908308374
1732908308491
1732908308528
1732908308602
1732908308635
1732908308742
1732908308833
1732908308870
1732908308954
1732908309086
1732908309141
1732908309171
1732908309209
1732908309327
1732908309422
1732908309458
1732908309568
1732908309674
1732908309701
1732908309735
1732908309776
1732908309921
1732908309981
1732908310028
1732908310130
1732908310210
1732908310239
1732908310294
1732908310323
1732908310434
1732908310486
1732908310529
1732908310604
1732908310723
1732908310792
1732908310799
1732908310836
1732908310934
1732908310995
1732908311034
1732908311122
1732908311241
1732908311281
1732908311307
1732908311360
1732908311480
1732908311615
1732908311648
1732908311729
1732908311808
1732908311850
1732908311890
1732908311923
1732908312063
1732908312159
1732908312202
1732908312304
1732908312428
1732908312437
1732908312481
1732908312507
1732908312607
1732908312696
1732908312745
1732908312840
1732908313057
1732908313123
1732908313148
1732908313169
1732908313311
1732908313388
1732908313452
1732908313527
1732908313639
1732908313714
1732908313746
1732908313775
1732908313917
1732908314045
1732908314063
1732908314159
1732908314383
1732908314428
1732908314461
1732908314517
1732908314659
1732908314719
1732908314778
1732908314838
1732908315029
1732908315082
1732908315112
1732908315143
1732908315236
1732908315299
1732908315373
1732908315446
1732908315506
1732908315536
1732908315571
1732908315598
1732908315715
1732908315774
1732908315804
1732908315875
1732908316006
1732908316027
1732908316097
1732908316172
1732908316319
1732908316432
1732908316456
1732908316527
1732908316650
1732908316694
1732908316740
1732908316771
1732908316842
1732908316982
1732908317007
1732908317086
1732908317226
1732908317239
1732908317279
1732908317303
1732908317423
1732908317469
1732908317496
1732908317557
1732908317681
1732908317710
1732908317746
1732908317769
1732908317874
1732908317950
1732908317994
1732908318064
1732908318161
1732908318185
1732908318219
1732908318304
1732908318397
1732908318465
1732908318489
1732908318585
1732908318651
1732908318713
1732908318776
1732908318808
1732908318877
1732908318935
1732908318954
1732908319024
1732908319195
1732908319253
1732908319320
1732908319360
1732908319471
1732908319538
1732908319572
1732908319629
1732908319727
1732908319766
1732908319807
1732908319832
1732908319947
1732908319989
1732908320051
1732908320092
1732908320205
1732908320239
1732908320272
1732908320455
1732908320662
1732908320719
1732908320796
1732908320916
1732908321057
1732908321151
1732908321382
1732908321422
1732908321499
1732908321566
1732908321604
1732908321702
1732908321839
1732908321903
1732908321949
1732908321980
1732908322117
1732908322270
1732908322322
1732908322405
1732908322514
1732908322577
1732908322629
1732908322688
1732908322778
1732908322874
1732908322945
1732908323024
1732908323164
1732908323227
1732908323259
1732908323319
1732908323487
1732908323603
1732908323638
1732908323705
1732908323833
1732908323897
1732908323947
1732908323994
1732908324118
1732908324223
1732908324297
1732908324361
1732908324488
1732908324542
1732908324593
1732908324647
1732908324905
1732908325018
1732908325052
1732908325156
1732908325303
1732908325330
1732908325372
1732908325406
1732908325586
1732908325712
1732908325762
1732908325903
1732908326045
1732908326066
1732908326099
1732908326161
1732908326290
1732908326426
1732908326465
1732908326584
1732908326677
1732908326758
1732908326793
1732908326804
1732908326975
1732908327052
1732908327100
1732908327211
1732908327314
1732908327358
1732908327403
1732908327434
1732908327568
1732908327643
1732908327696
1732908327782
1732908327959
1732908328010
1732908328065
1732908328103
1732908328239
1732908328332
1732908328387
1732908328482
1732908328617
1732908328628
1732908328690
1732908328736
1732908328883
1732908328975
1732908329052
1732908329107
1732908329251
1732908329286
1732908329348
1732908329391
1732908329537
1732908329680
1732908329691
1732908329765
1732908329934
1732908329999
1732908330032
1732908330065
1732908330178
1732908330268
1732908330323
1732908330411
1732908330591
1732908330628
1732908330662
1732908330706
1732908330818
1732908330913
1732908330969
1732908331074
1732908331212
1732908331246
1732908331290
1732908331322
1732908331421
1732908331532
1732908331566
1732908331647
1732908331775
1732908331819
1732908331886
1732908331904
1732908332051
1732908332126
1732908332163
1732908332271
1732908332407
1732908332451
1732908332509
1732908332568
1732908332699
1732908332795
1732908332818
1732908332899
1732908333042
1732908333067
1732908333110
1732908333158
1732908333294
1732908333430
1732908333483
1732908333538
1732908333667
1732908333701
1732908333721
1732908333777
1732908333886
1732908333990
1732908334032
1732908334128
1732908334290
1732908334326
1732908334353
1732908334411
1732908334527
1732908334656
1732908334691
1732908334807
1732908335006
1732908335055
1732908335084
1732908335129
1732908335237
1732908335331
1732908335351
1732908335411
1732908335487
1732908335520
1732908335539
1732908335571
1732908335674
1732908335759
1732908335803
1732908335828
1732908335921
1732908335966
1732908336005
1732908336025
1732908336119
1732908336182
1732908336225
1732908336267
1732908336377
1732908336387
1732908336439
1732908336471
1732908336556
1732908336613
1732908336643
1732908336695
1732908336788
1732908336797
1732908336827
1732908336861
1732908336946
1732908337008
1732908337068
1732908337095
1732908337194
1732908337203
1732908337235
1732908337256
1732908337362
1732908337427
1732908337459
1732908337520
1732908337612
1732908337624
1732908337655
1732908337696
1732908337777
1732908337850
1732908337870
1732908337915
1732908337994
1732908338074
1732908338095
1732908338114
1732908338188
1732908338232
1732908338255
1732908338310
1732908338415
1732908338467
1732908338473
1732908338507
1732908338604
1732908338664
1732908338698
1732908338754
1732908338835
1732908338877
1732908338895
1732908338936
1732908339022
1732908339095
1732908339127
1732908339181
1732908339284
1732908339306
1732908339333
1732908339368
1732908339457
1732908339586
1732908339604
1732908339667
1732908339794
1732908339831
1732908339860
1732908339882
1732908339998
1732908340038
1732908340078
1732908340159
1732908340262
1732908340318
1732908340357
1732908340404
1732908340482
1732908340550
1732908340581
1732908340651
1732908340750
1732908340794
1732908340848
1732908340900
1732908340994
1732908341061
1732908341102
1732908341141
1732908341318
1732908341322
1732908341398
1732908341414
1732908341464
1732908341535
1732908341563
1732908341626
1732908341754
1732908341808
1732908341880
1732908341954
1732908342084
1732908342128
1732908342226
1732908342317
1732908342378
1732908342425
1732908342459
1732908342491
1732908342601
1732908342723
1732908342750
1732908342815
1732908342945
1732908342957
1732908343059
1732908343153
1732908343278
1732908343324
1732908343346
1732908343419
1732908343567
1732908343601
1732908343616
1732908343718
1732908343795
1732908343840
1732908343868
1732908343997
1732908344119
1732908344163
1732908344219
1732908344236
1732908344362
1732908344404
1732908344444
1732908344504
1732908344611
1732908344616
1732908344645
1732908344676
1732908344766
1732908345072
1732908346469
1732908346531
1732908346549
1732908346555
1732908346853
1732908347011
1732908347402
1732908347996
1732908348382
1732908348566
1732908348709
1732908348728
1732908348760
1732908348814
1732908348897
1732908348975
1732908348978
1732908348979
1732908349085
1732908349088
1732908349088
1732908349140
1732908349206
1732908349307
1732908349317
1732908349318
1732908349320
1732908349413
1732908349419
1732908349420
1732908349428
1732908349432
1732908349432
1732908349433
1732908349631
1732908349637
1732908349638
1732908349643
1732908349644
1732908349644
1732908349709
1732908349710
1732908349858
1732908349889
1732908349890
1732908349891
1732908350043
1732908350072
1732908350074
1732908350075
1732908350075
1732908350075
1732908350076
1732908350076
1732908350076
1732908350077
1732908350248
1732908350382
1732908350384
1732908350415
1732908350417
1732908350432
1732908350503
1732908350591
1732908350593
1732908350624
1732908350647
1732908350648
1732908350686
1732908350688
1732908350744
1732908350765
1732908350810
1732908350831
1732908350843
1732908350843
1732908350843
1732908350858
1732908350891
1732908350920
1732908350921
1732908350955
1732908350970
1732908350976
1732908350987
1732908351010
1732908351132
1732908351154
1732908351208
1732908351287
1732908351312
1732908351321
1732908351328
1732908351336
1732908351442
1732908351495
1732908351549
1732908351651
1732908351781
1732908351833
1732908351896
1732908351958
1732908352300
1732908352647
1732908352774
1732908352938
1732908353083
1732908353121
1732908353162
1732908353218
1732908353335
1732908353427
1732908353486
1732908353566
1732908353682
1732908353729
1732908353776
1732908353810
1732908353993
1732908354072
1732908354119
1732908354198
1732908354332
1732908354387
1732908354432
1732908354462
1732908354680
1732908354815
1732908354893
1732908355004
1732908355164
1732908355229
1732908355261
1732908355305
1732908355488
1732908355590
1732908355678
1732908355819
1732908356002
1732908356073
1732908356135
1732908356184
1732908356384
1732908356545
1732908356580
1732908356676
1732908356857
1732908356917
1732908356966
1732908357008
1732908357159
1732908357231
1732908357266
1732908357383
1732908357502
1732908357555
1732908357599
1732908357660
1732908357795
1732908357907
1732908357953
1732908358040
1732908358170
1732908358238
1732908358279
1732908358317
1732908358450
1732908358506
1732908358544
1732908358639
1732908358745
1732908358797
1732908358842
1732908358882
1732908359009
1732908359089
1732908359120
1732908359214
1732908359325
1732908359348
1732908359414
1732908359469
1732908359620
1732908360398
1732908360434
1732908360456
1732908360466
1732908360466
1732908360487
1732908360487
1732908360523
1732908360570
1732908360576
1732908360654
1732908360731
1732908360731
1732908360751
1732908360755
1732908360829
1732908360900
1732908360922
1732908361049
1732908361173
1732908361205
1732908361249
1732908361290
1732908361415
1732908361494
1732908361534
1732908361610
1732908361734
1732908361793
1732908361836
1732908361905
1732908362018
1732908362098
1732908362158
1732908362237
1732908362362
1732908362403
1732908362444
1732908362481
1732908362623
1732908362749
1732908362759
1732908362837
1732908362957
1732908362987
1732908363017
1732908363048
1732908363158
1732908363241
1732908363299
1732908363324
1732908363430
1732908363477
1732908363515
1732908363552
1732908363649
1732908363713
1732908363755
1732908363811
1732908363937
1732908363971
1732908364021
1732908364055
1732908364174
1732908364275
1732908364298
1732908364408
1732908364549
1732908364591
1732908364633
1732908364671
1732908364827
1732908364916
1732908364956
1732908365023
1732908365151
1732908365179
1732908365210
1732908365241
1732908365350
1732908365411
1732908365449
1732908365538
1732908365644
1732908365686
1732908365742
1732908365760
1732908365912
1732908365970
1732908366002
1732908366064
1732908366174
1732908366213
1732908366257
1732908366273
1732908366380
1732908366465
1732908366498
1732908366551
1732908366656
1732908366710
1732908366742
1732908366774
1732908366923
1732908367013
1732908367079
1732908367198
1732908367337
1732908367359
1732908367404
1732908367453
1732908367609
1732908367679
1732908367730
1732908367788
1732908367903
1732908367968
1732908368064
1732908368111
1732908368231
1732908368314
1732908368366
1732908368431
1732908368546
1732908368588
1732908368624
1732908368662
1732908368766
1732908368852
1732908368889
1732908368939
1732908369055
1732908369082
1732908369118
1732908369143
1732908369241
1732908369357
1732908369403
1732908369468
1732908369557
1732908369595
1732908369637
1732908369710
1732908369833
1732908369941
1732908369959
1732908370017
1732908370088
1732908370158
1732908370199
1732908370227
1732908370315
1732908370398
1732908370428
1732908370490
1732908370591
1732908370612
1732908370654
1732908370686
1732908370827
1732908370878
1732908370912
1732908370974
1732908371077
1732908371108
1732908371133
1732908371183
1732908371287
1732908371367
1732908371392
1732908371468
1732908371576
1732908371597
1732908371627
1732908371664
1732908371756
1732908371828
1732908371863
1732908371933
1732908372024
1732908372076
1732908372105
1732908372114
1732908372222
1732908372278
1732908372314
1732908372371
1732908372469
1732908372493
1732908372526
1732908372562
1732908372665
1732908372724
1732908372752
1732908372825
1732908372928
1732908372958
1732908373009
1732908373015
1732908373108
1732908373174
1732908373215
1732908373275
1732908373393
1732908373423
1732908373499
1732908373506
1732908373618
1732908373657
1732908373665
1732908373750
1732908373849
1732908373876
1732908373909
1732908373942
1732908374016
1732908374109
1732908374151
1732908374202
1732908374293
1732908374351
1732908374389
1732908374395
1732908374484
1732908374551
1732908374590
1732908374637
1732908374730
1732908374773
1732908374812
1732908374844
1732908374928
1732908374992
1732908375028
1732908375091
1732908375182
1732908375213
1732908375242
1732908375288
1732908375357
1732908375418
1732908375454
1732908375514
1732908375635
1732908375640
1732908375681
1732908375702
1732908375806
1732908375866
1732908375913
1732908375963
1732908376060
1732908376090
1732908376125
1732908376179
1732908376247
1732908376310
1732908376347
1732908376396
1732908376497
1732908376530
1732908376572
1732908376608
1732908376709
1732908376806
1732908376894
1732908376941
1732908377044
1732908377065
1732908377117
1732908377149
1732908377240
1732908377319
1732908377326
1732908377397
1732908377473
1732908377528
1732908377536
1732908377565
1732908377663
1732908377726
1732908377757
1732908377820
1732908377913
1732908377939
1732908377986
1732908378002
1732908378095
1732908378153
1732908378186
1732908378247
1732908378348
1732908378376
1732908378416
1732908378444
1732908378539
1732908378633
1732908378719
1732908378765
1732908378870
1732908378933
1732908378970
1732908379025
1732908379122
1732908379248
1732908379270
1732908379379
1732908379522
1732908379555
1732908379593
1732908379632
1732908379714
1732908379769
1732908379815
1732908379865
1732908379967
1732908379992
1732908380027
1732908380053
1732908380153
1732908380221
1732908380250
1732908380308
1732908380402
1732908380431
1732908380489
1732908380504
1732908380606
1732908380667
1732908380698
1732908380759
1732908380839
1732908380872
1732908380901
1732908380933
1732908381019
1732908381084
1732908381130
1732908381184
1732908381287
1732908381328
1732908381347
1732908381379
1732908381471
1732908381529
1732908381560
1732908381636
1732908381763
1732908381802
1732908381843
1732908381894
1732908382023
1732908382078
1732908382120
1732908382215
1732908382310
1732908382350
1732908382396
1732908382414
1732908382536
1732908382630
1732908382660
1732908382721
1732908382801
1732908382825
1732908382869
1732908382909
1732908382994
1732908383038
1732908383096
1732908383141
1732908383238
1732908383263
1732908383288
1732908383321
1732908383414
1732908383471
1732908383503
1732908383569
1732908383689
1732908383709
1732908383751
1732908383781
1732908383847
1732908383923
1732908383951
1732908384027
1732908384107
1732908384137
1732908384171
1732908384224
1732908384294
1732908384354
1732908384412
1732908384470
1732908384563
1732908384617
1732908384649
1732908384681
1732908384805
1732908384889
1732908384950
1732908385024
1732908385138
1732908385167
1732908385213
1732908385232
1732908385372
1732908385452
1732908385480
1732908385540
1732908385631
1732908385662
1732908385691
1732908385716
1732908385843
1732908385877
1732908385928
1732908385977
1732908386070
1732908386100
1732908386155
1732908386163
1732908386259
1732908386367
1732908386408
1732908386468
1732908386560
1732908386599
1732908386650
1732908386680
1732908386781
1732908386855
1732908386895
1732908386963
1732908387096
1732908387141
1732908387169
1732908387201
1732908387312
1732908387382
1732908387422
1732908387480
1732908387580
1732908387609
1732908387640
1732908387694
1732908387756
1732908387828
1732908387864
1732908387929
1732908388033
1732908388052
1732908388083
1732908388121
1732908388212
1732908388272
1732908388305
1732908388377
1732908388470
1732908388497
1732908388537
1732908388573
1732908388679
1732908388757
1732908388774
1732908388842
1732908388967
1732908388997
1732908389024
1732908389058
1732908389131
1732908389210
1732908389231
1732908389304
1732908389421
1732908389449
1732908389480
1732908389510
1732908389593
1732908389667
1732908389699
1732908389748
1732908389844
1732908389890
1732908389924
1732908389988
1732908390046
1732908390094
1732908390118
1732908390182
1732908390275
1732908390305
1732908390358
1732908390394
1732908390467
1732908390513
1732908390543
1732908390638
1732908390784
1732908390851
1732908390902
1732908390943
1732908391038
1732908391107
1732908391147
1732908391219
1732908391347
1732908391389
1732908391427
1732908391478
1732908391639
1732908391726
1732908391749
1732908391822
1732908392038
1732908392052
1732908392089
1732908392117
1732908392212
1732908392303
1732908392348
1732908392398
1732908392503
1732908392523
1732908392555
1732908392597
1732908392698
1732908392742
1732908392771
1732908392841
1732908392923
1732908392954
1732908392983
1732908393020
1732908393113
1732908393174
1732908393203
1732908393271
1732908393360
1732908393409
1732908393450
1732908393480
1732908393567
1732908393636
1732908393645
1732908393728
1732908393802
1732908393844
1732908393882
1732908393931
1732908394051
1732908394139
1732908394181
1732908394246
1732908394368
1732908394412
1732908394442
1732908394480
1732908394618
1732908394670
1732908394716
1732908394782
1732908394888
1732908394918
1732908394947
1732908394965
1732908395067
1732908395139
1732908395168
1732908395261
1732908395377
1732908395410
1732908395464
1732908395498
1732908395650
1732908395719
1732908395741
1732908395815
1732908395898
1732908395935
1732908395979
1732908396026
1732908396137
1732908396189
1732908396221
1732908396280
1732908396427
1732908396458
1732908396485
1732908396528
1732908396672
1732908396773
1732908396812
1732908396899
1732908396947
1732908396973
1732908397012
1732908397078
1732908397177
1732908397247
1732908397278
1732908397338
1732908397431
1732908397462
1732908397517
1732908397547
1732908397615
1732908397674
1732908397704
1732908397786
1732908397868
1732908397898
1732908397920
1732908397949
1732908398041
1732908398110
1732908398155
1732908398239
1732908398343
1732908398375
1732908398404
1732908398440
1732908398541
1732908398597
1732908398637
1732908398695
1732908398791
1732908398837
1732908398849
1732908398877
1732908398973
1732908399046
1732908399090
1732908399193
1732908399278
1732908399313
1732908399386
1732908399412
1732908399533
1732908399604
1732908399652
1732908399745
1732908399852
1732908399896
1732908399919
1732908399976
1732908400069
1732908400136
1732908400167
1732908400207
1732908400309
1732908400358
1732908400367
1732908400419
1732908400494
1732908400578
1732908400588
1732908400659
1732908400749
1732908400779
1732908400810
1732908400839
1732908400950
1732908401000
1732908401067
1732908401123
1732908401242
1732908401308
1732908401348
1732908401377
1732908401551
1732908401637
1732908401683
1732908401783
1732908401885
1732908401920
1732908401964
1732908402040
1732908402171
1732908402242
1732908402307
1732908402418
1732908402640
1732908402719
1732908402761
1732908402827
1732908402901
1732908402991
1732908403015
1732908403097
1732908403222
1732908403265
1732908403314
1732908403358
1732908403477
1732908403565
1732908403611
1732908403691
1732908403837
1732908403870
1732908403902
1732908403959
1732908404081
1732908404198
1732908404225
1732908404340
1732908404478
1732908404504
1732908404554
1732908404599
1732908404682
1732908404754
1732908404795
1732908404858
1732908404958
1732908404985
1732908405046
1732908405102
1732908405206
1732908405297
1732908405331
1732908405407
1732908405517
1732908405538
1732908405565
1732908405618
1732908405704
1732908405778
1732908405817
1732908405883
1732908405987
1732908406014
1732908406056
1732908406080
1732908406179
1732908406255
1732908406286
1732908406356
1732908406434
1732908406494
1732908406519
1732908406551
1732908406642
1732908406716
1732908406759
1732908406825
1732908406937
1732908406982
1732908407030
1732908407085
1732908407209
1732908407286
1732908407337
1732908407457
1732908407613
1732908407665
1732908407673
1732908407698
1732908407839
1732908407924
1732908407967
1732908408052
1732908408212
1732908408239
1732908408304
1732908408358
1732908408525
1732908408622
1732908408687
1732908408724
1732908408812
1732908408843
1732908408874
1732908408929
1732908409118
1732908409192
1732908409238
1732908409329
1732908409552
1732908409584
1732908409655
1732908409675
1732908409778
1732908409849
1732908409896
1732908409929
1732908410017
1732908410055
1732908410084
1732908410115
1732908410237
1732908410299
1732908410333
1732908410393
1732908410480
1732908410510
1732908410567
1732908410601
1732908410709
1732908410787
1732908410804
1732908410892
1732908410978
1732908411014
1732908411043
1732908411089
1732908411169
1732908411243
1732908411271
1732908411343
1732908411439
1732908411486
1732908411531
1732908411542
1732908411659
1732908411722
1732908411762
1732908411850
1732908412016
1732908412072
1732908412100
1732908412145
1732908412398
1732908412488
1732908412555
1732908412646
1732908412897
1732908412905
1732908412921
1732908412950
1732908413094
1732908413284
1732908413292
1732908413378
1732908413570
1732908413598
1732908413636
1732908413677
1732908413799
1732908413878
1732908413924
1732908414020
1732908414115
1732908414185
1732908414194
1732908414239
1732908414332
1732908414391
1732908414438
1732908414506
1732908414636
1732908414693
1732908414757
1732908414786
1732908414885
1732908414955
1732908415017
1732908415079
1732908415192
1732908415234
1732908415290
1732908415317
1732908415471
1732908415532
1732908415573
1732908415647
1732908415746
1732908415783
1732908415793
1732908415829
1732908415930
1732908415992
1732908416035
1732908416088
1732908416196
1732908416238
1732908416282
1732908416334
1732908416443
1732908416503
1732908416535
1732908416612
1732908416717
1732908416747
1732908416778
1732908416807
1732908416891
1732908416946
1732908416976
1732908417046
1732908417150
1732908417182
1732908417227
1732908417258
1732908417347
1732908417408
1732908417441
1732908417505
1732908417595
1732908417615
1732908417641
1732908417696
1732908417783
1732908417846
1732908417872
1732908417931
1732908418024
1732908418058
1732908418091
1732908418132
1732908418211
1732908418286
1732908418305
1732908418370
1732908418454
1732908418525
1732908418550
1732908418558
1732908418646
1732908418703
1732908418733
1732908418811
1732908418909
1732908418947
1732908418955
1732908418998
1732908419095
1732908419157
1732908419175
1732908419238
1732908419310
1732908419341
1732908419374
1732908419416
1732908419491
1732908419559
1732908419595
1732908419650
1732908419747
1732908419800
1732908419816
1732908419856
1732908419944
1732908420019
1732908420066
1732908420119
1732908420228
1732908420241
1732908420285
1732908420306
1732908420415
1732908420466
1732908420500
1732908420561
1732908420642
1732908420673
1732908420713
1732908420741
1732908420827
1732908420884
1732908420918
1732908421007
1732908421079
1732908421134
1732908421160
1732908421180
1732908421275
1732908421374
1732908421379
1732908421430
1732908421524
1732908421558
1732908421587
1732908421607
1732908421700
1732908421758
1732908421797
1732908421861
1732908421956
1732908422020
1732908422028
1732908422077
1732908422141
1732908422206
1732908422245
1732908422284
1732908422372
1732908422410
1732908422444
1732908422479
1732908422578
1732908422640
1732908422668
1732908422725
1732908422815
1732908422848
1732908422867
1732908422902
1732908422985
1732908423049
1732908423080
1732908423140
1732908423232
1732908423303
1732908423337
1732908423343
1732908423436
1732908423524
1732908423555
1732908423634
1732908423750
1732908423840
1732908423868
1732908423915
1732908424011
1732908424069
1732908424107
1732908424173
1732908424280
1732908424318
1732908424357
1732908424420
1732908424517
1732908424553
1732908424582
1732908424645
1732908424735
1732908424755
1732908424792
1732908424842
1732908424924
1732908424980
1732908425002
1732908425080
1732908425192
1732908425234
1732908425260
1732908425337
1732908425434
1732908425509
1732908425544
1732908425604
1732908425704
1732908425750
1732908425764
1732908425794
1732908425891
1732908425951
1732908425980
1732908426051
1732908426139
1732908426173
1732908426202
1732908426275
1732908426350
1732908426390
1732908426422
1732908426484
1732908426581
1732908426608
1732908426653
1732908426672
1732908426766
1732908426840
1732908426914
1732908426941
1732908427039
1732908427067
1732908427097
1732908427138
1732908427296
1732908427376
1732908427409
1732908427483
1732908427617
1732908427657
1732908427684
1732908427727
1732908427923
1732908427989
1732908428070
1732908428121
1732908428294
1732908428337
1732908428380
1732908428459
1732908428603
1732908428735
1732908428744
1732908428828
1732908428925
1732908428946
1732908428985
1732908429030
1732908429148
1732908429251
1732908429296
1732908429388
1732908429553
1732908429577
1732908429613
1732908429639
1732908429705
1732908429762
1732908429795
1732908429865
1732908429976
1732908430045
1732908430052
1732908430071
1732908430181
1732908430231
1732908430256
1732908430328
1732908430437
1732908430464
1732908430499
1732908430537
1732908430656
1732908430727
1732908430753
1732908430818
1732908430926
1732908430941
1732908430972
1732908431000
1732908431102
1732908431169
1732908431197
1732908431271
1732908431364
1732908431393
1732908431454
1732908431463
1732908431552
1732908431640
1732908431690
1732908431782
1732908431916
1732908431930
1732908431959
1732908432002
1732908432105
1732908432187
1732908432192
1732908432250
1732908432341
1732908432364
1732908432420
1732908432456
1732908432547
1732908432707
1732908432713
1732908432782
1732908432986
1732908433071
1732908433165
1732908433172
1732908433281
1732908433360
1732908433394
1732908433486
1732908433621
1732908433661
1732908433718
1732908433774
1732908433876
1732908433954
1732908434000
1732908434066
1732908434179
1732908434262
1732908434287
1732908434331
1732908434467
1732908434559
1732908434589
1732908434680
1732908434801
1732908434870
1732908434936
1732908435007
1732908435092
1732908435148
1732908435194
1732908435263
1732908435361
1732908435403
1732908435442
1732908435499
1732908435591
1732908435669
1732908435689
1732908435798
1732908435926
1732908435961
1732908435972
1732908436026
1732908436142
1732908436248
1732908436286
1732908436378
1732908436500
1732908436530
1732908436575
1732908436600
1732908436732
1732908436815
1732908436856
1732908436940
1732908437068
1732908437105
1732908437157
1732908437226
1732908437343
1732908437422
1732908437476
1732908437540
1732908437682
1732908437714
1732908437762
1732908437811
1732908437946
1732908438038
1732908438073
1732908438179
1732908438312
1732908438370
1732908438405
1732908438476
1732908438622
1732908438707
1732908438745
1732908438832
1732908438958
1732908439027
1732908439132
1732908439226
1732908439406
1732908439483
1732908439535
1732908439610
1732908439720
1732908439777
1732908439810
1732908439841
1732908439958
1732908440046
1732908440075
1732908440128
1732908440245
1732908440276
1732908440305
1732908440340
1732908440436
1732908440497
1732908440524
1732908440603
1732908440716
1732908440750
1732908440789
1732908440823
1732908440935
1732908441021
1732908441065
1732908441222
1732908441314
1732908441343
1732908441370
1732908441401
1732908441507
1732908441576
1732908441610
1732908441673
1732908441783
1732908441817
1732908441852
1732908441925
1732908442060
1732908442120
1732908442149
1732908442212
1732908442354
1732908442363
1732908442410
1732908442431
1732908442534
1732908442615
1732908442624
1732908442708
1732908442799
1732908442830
1732908442860
1732908442894
1732908442977
1732908443052
1732908443085
1732908443139
1732908443243
1732908443292
1732908443310
1732908443373
1732908443445
1732908443501
1732908443557
1732908443610
1732908443738
1732908443772
1732908443835
1732908443844
1732908443955
1732908444004
1732908444036
1732908444103
1732908444197
1732908444296
1732908444330
1732908444395
1732908444585
1732908444719
1732908444744
1732908444870
1732908444962
1732908445018
1732908445047
1732908445079
1732908445187
1732908445257
1732908445296
1732908445416
1732908445609
1732908445626
1732908445633
1732908445717
1732908445805
1732908445866
1732908445906
1732908445980
1732908446112
1732908446167
1732908446197
1732908446246
1732908446369
1732908446446
1732908446480
1732908446544
1732908446661
1732908446693
1732908446783
1732908446858
1732908447053
1732908447137
1732908447170
1732908447266
1732908447386
1732908447439
1732908447490
1732908447514
1732908447627
1732908447711
1732908447744
1732908447837
1732908447955
1732908447987
1732908448025
1732908448073
1732908448151
1732908448227
1732908448330
1732908448381
1732908448556
1732908448581
1732908448651
1732908448677
1732908448826
1732908448892
1732908448929
1732908448958
1732908449046
1732908449079
1732908449122
1732908449153
1732908449337
1732908449410
1732908449467
1732908449565
1732908449778
1732908449796
1732908449847
1732908449899
1732908450051
1732908450125
1732908450140
1732908450212
1732908450332
1732908450357
1732908450414
1732908450447
1732908450560
1732908450636
1732908450654
1732908450760
1732908450828
1732908450883
1732908450895
1732908450937
1732908451052
1732908451121
1732908451149
1732908451215
1732908451311
1732908451350
1732908451395
1732908451431
1732908451545
1732908451625
1732908451660
1732908451739
1732908451845
1732908451881
1732908451914
1732908451965
1732908452064
1732908452138
1732908452184
1732908452261
1732908452375
1732908452410
1732908452446
1732908452480
1732908452589
1732908452660
1732908452699
1732908452778
1732908452892
1732908452934
1732908452968
1732908452978
1732908453084
1732908453131
1732908453193
1732908453266
1732908453360
1732908453399
1732908453464
1732908453479
1732908453594
1732908453712
1732908453766
1732908453849
1732908453912
1732908453951
1732908453983
1732908454011
1732908454109
1732908454185
1732908454223
1732908454268
1732908454365
1732908454408
1732908454435
1732908454445
1732908454553
1732908454661
1732908454716
1732908454782
1732908454879
1732908454910
1732908454940
1732908454972
1732908455087
1732908455160
1732908455197
1732908455250
1732908455379
1732908455400
1732908455451
1732908455493
1732908455603
1732908455737
1732908455768
1732908455882
1732908455996
1732908456071
1732908456080
1732908456126
1732908456295
1732908456375
1732908456420
1732908456471
1732908456563
1732908456592
1732908456622
1732908456653
1732908456765
1732908456828
1732908456857
1732908456917
1732908457008
1732908457038
1732908457069
1732908457097
1732908457197
1732908457256
1732908457289
1732908457347
1732908457455
1732908457460
1732908457499
1732908457532
1732908457609
1732908457698
1732908457733
1732908457771
1732908457864
1732908457896
1732908457917
1732908457966
1732908458062
1732908458129
1732908458174
1732908458293
1732908458402
1732908458446
1732908458515
1732908458549
1732908458698
1732908458790
1732908458854
1732908458946
1732908459095
1732908459119
1732908459158
1732908459209
1732908459394
1732908459443
1732908459514
1732908459596
1732908459740
1732908459789
1732908459852
1732908459889
1732908460074
1732908460161
1732908460183
1732908460256
1732908460424
1732908460467
1732908460503
1732908460529
1732908460654
1732908460728
1732908460761
1732908460829
1732908460947
1732908460982
1732908461016
1732908461054
1732908461162
1732908461233
1732908461274
1732908461337
1732908461433
1732908461463
1732908461526
1732908461562
1732908461765
1732908461841
1732908461867
1732908461905
1732908461967
1732908462025
1732908462063
1732908462107
1732908462248
1732908463462
1732908463525
1732908463609
1732908463649
1732908463650
1732908463650
1732908463650
1732908463676
1732908463689
1732908463690
1732908463704
1732908463705
1732908463705
1732908463705
1732908463705
1732908463705
1732908463731
1732908463733
1732908463758
1732908463782
1732908463797
1732908463802
1732908463812
1732908463921
1732908463998
1732908464043
1732908464114
1732908464246
1732908464291
1732908464340
1732908464377
1732908464565
1732908464664
1732908464672
1732908464732
1732908464812
1732908464881
1732908464915
1732908464933
1732908465053
1732908465128
1732908465167
1732908465286
1732908465364
1732908465392
1732908465460
1732908465499
1732908465615
1732908465709
1732908465745
1732908465823
1732908465935
1732908465943
1732908466000
1732908466056
1732908466140
1732908466216
1732908466233
1732908466363
1732908466438
1732908466471
1732908466518
1732908466581
1732908466685
1732908466768
1732908466822
1732908466874
1732908466988
1732908467038
1732908467084
1732908467112
1732908467218
1732908467290
1732908467362
1732908467429
1732908467541
1732908467564
1732908467582
1732908467632
1732908467759
1732908467821
1732908467853
1732908467945
1732908468094
1732908468109
1732908468170
1732908468188
1732908468314
1732908468352
1732908468417
1732908468471
1732908468630
1732908468645
1732908468667
1732908468709
1732908468843
1732908468900
1732908468941
1732908469040
1732908469145
1732908469175
1732908469204
1732908469247
1732908469422
1732908469536
1732908469568
1732908469652
1732908469805
1732908469820
1732908469866
1732908469913
1732908470068
1732908470116
1732908470169
1732908470263
1732908470408
1732908470428
1732908470441
1732908470470
1732908470602
1732908470654
1732908470679
1732908470773
1732908470871
1732908470942
1732908470965
1732908471017
1732908471158
1732908471255
1732908471291
1732908471392
1732908471624
1732908471661
1732908471837
1732908471845
1732908471899
1732908471966
1732908472008
1732908472149
1732908472308
1732908472315
1732908472408
1732908472421
1732908472538
1732908472671
1732908472723
1732908472840
1732908473039
1732908473062
1732908473103
1732908473136
1732908473256
1732908473350
1732908473382
1732908473482
1732908473725
1732908473747
1732908473805
1732908473845
1732908473973
1732908474085
1732908474140
1732908474231
1732908474301
1732908474317
1732908474335
1732908474376
1732908474480
1732908474570
1732908474603
1732908474686
1732908474841
1732908474877
1732908474911
1732908474947
1732908475054
1732908475114
1732908475175
1732908475251
1732908475363
1732908475398
1732908475436
1732908475468
1732908475584
1732908475659
1732908475686
1732908475766
1732908475895
1732908475924
1732908475970
1732908476039
1732908476128
1732908476184
1732908476237
1732908476299
1732908476415
1732908476446
1732908476481
1732908476511
1732908476616
1732908476686
1732908476728
1732908476807
1732908476925
1732908476962
1732908477009
1732908477076
1732908477180
1732908477249
1732908477285
1732908477360
1732908477490
1732908477508
1732908477574
1732908477587
1732908477688
1732908477764
1732908477797
1732908477886
1732908477971
1732908478025
1732908478051
1732908478095
1732908478223
1732908478348
1732908478366
1732908478433
1732908478548
1732908478568
1732908478609
1732908478638
1732908479651
1732908479693
1732908479694
1732908479810
1732908479888
1732908479903
1732908479905
1732908479906
1732908479965
1732908479966
1732908479966
1732908480031
1732908480054
1732908480074
1732908480080
1732908480154
1732908480176
1732908480260
1732908480268
1732908480280
1732908480300
1732908480335
1732908480351
1732908480365
1732908480423
1732908480483
1732908480500
1732908480557
1732908480628
1732908480641
1732908480682
1732908480718
1732908480848
1732908480891
1732908480928
1732908481004
1732908481137
1732908481166
1732908481204
1732908481217
1732908481317
