1732908264999
1732908278933
1732908279161
1732908279243
1732908279478
1732908279609
1732908279651
1732908279742
1732908279788
1732908280066
1732908280196
1732908280258
1732908280348
1732908280524
1732908280606
1732908280697
1732908280796
1732908281107
1732908281351
1732908281414
1732908281550
1732908282034
1732908282074
1732908282158
1732908282265
1732908282604
1732908282709
1732908282733
1732908282882
1732908283145
1732908283200
1732908283285
1732908283319
1732908283425
1732908283527
1732908283599
1732908283718
1732908283952
1732908283986
1732908284030
1732908284106
1732908284218
1732908284327
1732908284362
1732908284494
1732908284668
1732908284718
1732908284769
1732908284862
1732908285131
1732908285282
1732908285421
1732908285492
1732908285664
1732908285716
1732908285780
1732908285869
1732908286089
1732908286307
1732908286453
1732908286611
1732908286813
1732908286913
1732908286962
1732908287093
1732908287385
1732908287606
1732908287749
1732908288000
1732908288196
1732908288237
1732908288277
1732908288308
1732908288451
1732908288523
1732908288579
1732908288663
1732908288850
1732908288941
1732908288964
1732908289017
1732908289179
1732908289364
1732908289423
1732908289538
1732908289736
1732908289796
1732908289949
1732908289958
1732908290136
1732908290179
1732908290223
1732908290339
1732908290459
1732908290482
1732908290521
1732908290561
1732908290744
1732908290854
1732908290867
1732908290933
1732908291038
1732908291082
1732908291113
1732908291174
1732908291344
1732908291399
1732908291407
1732908291495
1732908291580
1732908291613
1732908291655
1732908291695
1732908291783
1732908291861
1732908291893
1732908292006
1732908292138
1732908292144
1732908292185
1732908292254
1732908292397
1732908292480
1732908292497
1732908292662
1732908292898
1732908292936
1732908293005
1732908293095
1732908293279
1732908293453
1732908293604
1732908293698
1732908293936
1732908293987
1732908293992
1732908294011
1732908294115
1732908294180
1732908294219
1732908294334
1732908294593
1732908294609
1732908294640
1732908294672
1732908294810
1732908294910
1732908294955
1732908295034
1732908295156
1732908295192
1732908295260
1732908295271
1732908295411
1732908295498
1732908295572
1732908295651
1732908295834
1732908295846
1732908295882
1732908295936
1732908296054
1732908296163
1732908296203
1732908296294
1732908296417
1732908296452
1732908296486
1732908296527
1732908296681
1732908296812
1732908296855
1732908296943
1732908297048
1732908297091
1732908297122
1732908297155
1732908297288
1732908297380
1732908297384
1732908297439
1732908297567
1732908297615
1732908297640
1732908297715
1732908297806
1732908297886
1732908297934
1732908298048
1732908298160
1732908298170
1732908298236
1732908298249
1732908298389
1732908298469
1732908298539
1732908298652
1732908298747
1732908298783
1732908298824
1732908298867
1732908298986
1732908299048
1732908299079
1732908299207
1732908299274
1732908299294
1732908299307
1732908299363
1732908299488
1732908299530
1732908299561
1732908299635
1732908299786
1732908299818
1732908299845
1732908299871
1732908300052
1732908300088
1732908300101
1732908300183
1732908300273
1732908300335
1732908300373
1732908300401
1732908300541
1732908300597
1732908300634
1732908300697
1732908300821
1732908300881
1732908300965
1732908301046
1732908301206
1732908301262
1732908301329
1732908301388
1732908301486
1732908301533
1732908301567
1732908301605
1732908301700
1732908301780
1732908301814
1732908301869
1732908301969
1732908302005
1732908302048
1732908302087
1732908302186
1732908302267
1732908302313
1732908302381
1732908302483
1732908302514
1732908302544
1732908302581
1732908302689
1732908302785
1732908302794
1732908302877
1732908302981
1732908303015
1732908303053
1732908303081
1732908303200
1732908303269
1732908303300
1732908303377
1732908303490
1732908303534
1732908303545
1732908303589
1732908303721
1732908303785
1732908303835
1732908303950
1732908304025
1732908304059
1732908304079
1732908304126
1732908304227
1732908304293
1732908304345
1732908304418
1732908304527
1732908304564
1732908304635
1732908304743
1732908304851
1732908304909
1732908305028
1732908305142
1732908305241
1732908305296
1732908305323
1732908305362
1732908305452
1732908305595
1732908305643
1732908305783
1732908305874
1732908305937
1732908305969
1732908306029
1732908306115
1732908306195
1732908306237
1732908306313
1732908306409
1732908306445
1732908306477
1732908306514
1732908306634
1732908306722
1732908306756
1732908306848
1732908306989
1732908307025
1732908307042
1732908307063
1732908307179
1732908307248
1732908307274
1732908307349
1732908307453
1732908307509
1732908307549
1732908307569
1732908307700
1732908307764
1732908307797
1732908307869
1732908307995
1732908308063
1732908308072
1732908308079
1732908308216
1732908308290
1732908308321
1732908308383
1732908308516
1732908308533
1732908308599
1732908308655
1732908308742
1732908308855
1732908308894
1732908308968
1732908309111
1732908309135
1732908309209
1732908309217
1732908309346
1732908309436
1732908309468
1732908309556
1732908309710
1732908309747
1732908309755
1732908309785
1732908309910
1732908309973
1732908310066
1732908310103
1732908310209
1732908310255
1732908310285
1732908310317
1732908310418
1732908310495
1732908310532
1732908310619
1732908310743
1732908310748
1732908310782
1732908310820
1732908310931
1732908311002
1732908311058
1732908311139
1732908311240
1732908311271
1732908311315
1732908311334
1732908311445
1732908311539
1732908311589
1732908311683
1732908311808
1732908311863
1732908311895
1732908311933
1732908312072
1732908312173
1732908312212
1732908312280
1732908312395
1732908312427
1732908312480
1732908312504
1732908312620
1732908312704
1732908312718
1732908312811
1732908312956
1732908313041
1732908313099
1732908313155
1732908313328
1732908313403
1732908313437
1732908313543
1732908313633
1732908313683
1732908313715
1732908313752
1732908313881
1732908314026
1732908314061
1732908314160
1732908314391
1732908314403
1732908314461
1732908314487
1732908314673
1732908314732
1732908314752
1732908314868
1732908314993
1732908315053
1732908315098
1732908315142
1732908315219
1732908315279
1732908315313
1732908315393
1732908315478
1732908315513
1732908315547
1732908315580
1732908315678
1732908315741
1732908315790
1732908315861
1732908315966
1732908316017
1732908316084
1732908316144
1732908316273
1732908316346
1732908316406
1732908316523
1732908316627
1732908316663
1732908316697
1732908316739
1732908316888
1732908316972
1732908317015
1732908317073
1732908317210
1732908317241
1732908317274
1732908317306
1732908317419
1732908317469
1732908317519
1732908317559
1732908317690
1732908317699
1732908317750
1732908317793
1732908317901
1732908317969
1732908317990
1732908318098
1732908318204
1732908318214
1732908318235
1732908318257
1732908318407
1732908318483
1732908318512
1732908318575
1732908318658
1732908318722
1732908318736
1732908318768
1732908318865
1732908318921
1732908318962
1732908319050
1732908319179
1732908319257
1732908319292
1732908319339
1732908319478
1732908319538
1732908319572
1732908319643
1732908319730
1732908319750
1732908319788
1732908319830
1732908319923
1732908319991
1732908320024
1732908320093
1732908320194
1732908320250
1732908320272
1732908320458
1732908320628
1732908320731
1732908320796
1732908320886
1732908321055
1732908321069
1732908321138
1732908321258
1732908321477
1732908321585
1732908321626
1732908321721
1732908321873
1732908321907
1732908321948
1732908322015
1732908322156
1732908322232
1732908322287
1732908322389
1732908322528
1732908322566
1732908322621
1732908322655
1732908322846
1732908322932
1732908322947
1732908323044
1732908323158
1732908323197
1732908323241
1732908323293
1732908323489
1732908323567
1732908323607
1732908323709
1732908323864
1732908323903
1732908323938
1732908323986
1732908324115
1732908324207
1732908324274
1732908324342
1732908324507
1732908324549
1732908324584
1732908324650
1732908324865
1732908325039
1732908325056
1732908325165
1732908325283
1732908325325
1732908325382
1732908325415
1732908325690
1732908325741
1732908325770
1732908325861
1732908326000
1732908326036
1732908326094
1732908326123
1732908326252
1732908326431
1732908326505
1732908326546
1732908326707
1732908326735
1732908326769
1732908326803
1732908326953
1732908327057
1732908327079
1732908327231
1732908327318
1732908327350
1732908327394
1732908327427
1732908327564
1732908327679
1732908327731
1732908327788
1732908327974
1732908328006
1732908328054
1732908328100
1732908328237
1732908328345
1732908328397
1732908328498
1732908328603
1732908328668
1732908328685
1732908328734
1732908328926
1732908328990
1732908329008
1732908329094
1732908329242
1732908329274
1732908329336
1732908329371
1732908329532
1732908329640
1732908329670
1732908329785
1732908329910
1732908329963
1732908330007
1732908330066
1732908330231
1732908330313
1732908330363
1732908330428
1732908330555
1732908330600
1732908330647
1732908330714
1732908330832
1732908330933
1732908330966
1732908331058
1732908331190
1732908331226
1732908331272
1732908331307
1732908331416
1732908331521
1732908331556
1732908331650
1732908331786
1732908331820
1732908331871
1732908331909
1732908332030
1732908332115
1732908332159
1732908332247
1732908332439
1732908332457
1732908332493
1732908332564
1732908332699
1732908332797
1732908332883
1732908332951
1732908333015
1732908333098
1732908333132
1732908333156
1732908333300
1732908333382
1732908333425
1732908333499
1732908333624
1732908333678
1732908333732
1732908333758
1732908333900
1732908334001
1732908334034
1732908334160
1732908334252
1732908334286
1732908334366
1732908334419
1732908334536
1732908334646
1732908334677
1732908334783
1732908334944
1732908335025
1732908335068
1732908335126
1732908335252
1732908335307
1732908335350
1732908335419
1732908335492
1732908335513
1732908335548
1732908335593
1732908335666
1732908335733
1732908335760
1732908335827
1732908335930
1732908335964
1732908336005
1732908336027
1732908336112
1732908336174
1732908336213
1732908336280
1732908336363
1732908336404
1732908336433
1732908336463
1732908336546
1732908336622
1732908336630
1732908336707
1732908336776
1732908336800
1732908336832
1732908336857
1732908336942
1732908337002
1732908337040
1732908337086
1732908337176
1732908337200
1732908337228
1732908337254
1732908337350
1732908337416
1732908337449
1732908337526
1732908337600
1732908337642
1732908337670
1732908337678
1732908337787
1732908337827
1732908337856
1732908337940
1732908338002
1732908338033
1732908338055
1732908338083
1732908338195
1732908338253
1732908338259
1732908338312
1732908338426
1732908338432
1732908338474
1732908338501
1732908338586
1732908338646
1732908338671
1732908338744
1732908338829
1732908338874
1732908338907
1732908338923
1732908339009
1732908339075
1732908339106
1732908339176
1732908339275
1732908339316
1732908339339
1732908339383
1732908339458
1732908339559
1732908339614
1732908339664
1732908339774
1732908339796
1732908339830
1732908339879
1732908339977
1732908340056
1732908340093
1732908340185
1732908340301
1732908340314
1732908340352
1732908340380
1732908340478
1732908340548
1732908340613
1732908340662
1732908340772
1732908340811
1732908340836
1732908340854
1732908340964
1732908341034
1732908341068
1732908341131
1732908341281
1732908341313
1732908341344
1732908341381
1732908341464
1732908341525
1732908341577
1732908341620
1732908341737
1732908341790
1732908341868
1732908341941
1732908342067
1732908342138
1732908342179
1732908342305
1732908342400
1732908342416
1732908342450
1732908342480
1732908342610
1732908342701
1732908342746
1732908342804
1732908342911
1732908342967
1732908343032
1732908343126
1732908343342
1732908343374
1732908343381
1732908343458
1732908343601
1732908343608
1732908343663
1732908343702
1732908343788
1732908343857
1732908343868
1732908343980
1732908344120
1732908344170
1732908344217
1732908344262
1732908344363
1732908344421
1732908344455
1732908344498
1732908344585
1732908344621
1732908344643
1732908344672
1732908344791
1732908344832
1732908344874
1732908344925
1732908345011
1732908345039
1732908345072
1732908345127
1732908345230
1732908345286
1732908345298
1732908345365
1732908345457
1732908345490
1732908345540
1732908345579
1732908345674
1732908345728
1732908345753
1732908345807
1732908345906
1732908345933
1732908345964
1732908346002
1732908346095
1732908346164
1732908346201
1732908346271
1732908346361
1732908346380
1732908346410
1732908346430
1732908346542
1732908346615
1732908346624
1732908346684
1732908346836
1732908346857
1732908346922
1732908346951
1732908347034
1732908347114
1732908347156
1732908347210
1732908347297
1732908347343
1732908347378
1732908347416
1732908347565
1732908347632
1732908347674
1732908347728
1732908347842
1732908347852
1732908347880
1732908347917
1732908348027
1732908348095
1732908348159
1732908348299
1732908348462
1732908348476
1732908348513
1732908348583
1732908348695
1732908348791
1732908348852
1732908348896
1732908349024
1732908349058
1732908349103
1732908349153
1732908349280
1732908349404
1732908349427
1732908349546
1732908349689
1732908349731
1732908349792
1732908349813
1732908350036
1732908350158
1732908350202
1732908350305
1732908350415
1732908350440
1732908350538
1732908350555
1732908350721
1732908350792
1732908350843
1732908350933
1732908351098
1732908351189
1732908351275
1732908351314
1732908351423
1732908351493
1732908351537
1732908351670
1732908351787
1732908351846
1732908351918
1732908351977
1732908352315
1732908352671
1732908352819
1732908352934
1732908353083
1732908353139
1732908353173
1732908353218
1732908353335
1732908353439
1732908353471
1732908353566
1732908353691
1732908353731
1732908353770
1732908353835
1732908353979
1732908354075
1732908354120
1732908354196
1732908354333
1732908354379
1732908354417
1732908354463
1732908354680
1732908354841
1732908354905
1732908355023
1732908355155
1732908355199
1732908355238
1732908355309
1732908355487
1732908355591
1732908355653
1732908355811
1732908356011
1732908356073
1732908356131
1732908356184
1732908356415
1732908356526
1732908356600
1732908356678
1732908356836
1732908356916
1732908356957
1732908357009
1732908357146
1732908357212
1732908357263
1732908357371
1732908357502
1732908357557
1732908357596
1732908357647
1732908357819
1732908357891
1732908357938
1732908358026
1732908358175
1732908358234
1732908358270
1732908358327
1732908358437
1732908358514
1732908358557
1732908358639
1732908358750
1732908358786
1732908358829
1732908358872
1732908359005
1732908359071
1732908359103
1732908359189
1732908359330
1732908359368
1732908359417
1732908359449
1732908359564
1732908359639
1732908359710
1732908359783
1732908359911
1732908359973
1732908360024
1732908360067
1732908360188
1732908360283
1732908360337
1732908360413
1732908360527
1732908360568
1732908360600
1732908360641
1732908360788
1732908360878
1732908360925
1732908361045
1732908361172
1732908361232
1732908361262
1732908361290
1732908361425
1732908361504
1732908361537
1732908361614
1732908361747
1732908361807
1732908361852
1732908361901
1732908362019
1732908362114
1732908362162
1732908362246
1732908362373
1732908362407
1732908362450
1732908362498
1732908362617
1732908362737
1732908362760
1732908362838
1732908362963
1732908362991
1732908363017
1732908363068
1732908363162
1732908363222
1732908363252
1732908363322
1732908363447
1732908363473
1732908363508
1732908363541
1732908363658
1732908363724
1732908363762
1732908363814
1732908363922
1732908363950
1732908364422
1732908365332
1732908365635
1732908365917
1732908365942
1732908365969
1732908366916
1732908366916
1732908366959
1732908367029
1732908367075
1732908367123
1732908367174
1732908367237
1732908367273
1732908367281
1732908367283
1732908367305
1732908367343
1732908367344
1732908367344
1732908367372
1732908367374
1732908367378
1732908367429
1732908367430
1732908367455
1732908367455
1732908367455
1732908367456
1732908367456
1732908367457
1732908367609
1732908367610
1732908367611
1732908367626
1732908367715
1732908367717
1732908367718
1732908367723
1732908367723
1732908367723
1732908367844
1732908367897
1732908367904
1732908368028
1732908368054
1732908368108
1732908368115
1732908368151
1732908368153
1732908368218
1732908368219
1732908368220
1732908368270
1732908368295
1732908368301
1732908368334
1732908368365
1732908368397
1732908368413
1732908368452
1732908368544
1732908368603
1732908368643
1732908368675
1732908368766
1732908368844
1732908368876
1732908368941
1732908369041
1732908369087
1732908369119
1732908369150
1732908369237
1732908369353
1732908369366
1732908369443
1732908369554
1732908369590
1732908369630
1732908369683
1732908369820
1732908369909
1732908369939
1732908370007
1732908370109
1732908370143
1732908370179
1732908370224
1732908370320
1732908370393
1732908370414
1732908370474
1732908370574
1732908370608
1732908370640
1732908370673
1732908370818
1732908370885
1732908370915
1732908370970
1732908371088
1732908371097
1732908371134
1732908371193
1732908371281
1732908371377
1732908371391
1732908371459
1732908371589
1732908371608
1732908371633
1732908371665
1732908371757
1732908371830
1732908371878
1732908371938
1732908372030
1732908372060
1732908372108
1732908372115
1732908372230
1732908372294
1732908372328
1732908372389
1732908372480
1732908372509
1732908372540
1732908372570
1732908372663
1732908372738
1732908372769
1732908372840
1732908372917
1732908372965
1732908372990
1732908373009
1732908373128
1732908373176
1732908373221
1732908373277
1732908373378
1732908373401
1732908373448
1732908373491
1732908373564
1732908373631
1732908373673
1732908373732
1732908373828
1732908373855
1732908373893
1732908373926
1732908374036
1732908374096
1732908374135
1732908374193
1732908374311
1732908374350
1732908374356
1732908374385
1732908374484
1732908374561
1732908374589
1732908374639
1732908374734
1732908374765
1732908374822
1732908374829
1732908374950
1732908374999
1732908375019
1732908375082
1732908375187
1732908375218
1732908375249
1732908375271
1732908375384
1732908375432
1732908375451
1732908375529
1732908375622
1732908375653
1732908375689
1732908375717
1732908375818
1732908375866
1732908375894
1732908375984
1732908376062
1732908376091
1732908376124
1732908376157
1732908376262
1732908376325
1732908376355
1732908376403
1732908376512
1732908376547
1732908376578
1732908376603
1732908376689
1732908376793
1732908376840
1732908376957
1732908377060
1732908377075
1732908377129
1732908377149
1732908377249
1732908377290
1732908377322
1732908377374
1732908377474
1732908377502
1732908377532
1732908377577
1732908377664
1732908377726
1732908377753
1732908377820
1732908377922
1732908377965
1732908377993
1732908378002
1732908378093
1732908378154
1732908378189
1732908378251
1732908378344
1732908378388
1732908378411
1732908378450
1732908378547
1732908378639
1732908378699
1732908378782
1732908378873
1732908378956
1732908378989
1732908379021
1732908379158
1732908379225
1732908379290
1732908379417
1732908379530
1732908379563
1732908379593
1732908379624
1732908379729
1732908379775
1732908379803
1732908379864
1732908379979
1732908380007
1732908380039
1732908380054
1732908380161
1732908380214
1732908380243
1732908380322
1732908380431
1732908380438
1732908380463
1732908380494
1732908380591
1732908380663
1732908380692
1732908380738
1732908380854
1732908380885
1732908380895
1732908380923
1732908381046
1732908381108
1732908381137
1732908381197
1732908381291
1732908381329
1732908381346
1732908381368
1732908381461
1732908381525
1732908381564
1732908381632
1732908381760
1732908381807
1732908381858
1732908381890
1732908382018
1732908382092
1732908382136
1732908382219
1732908382323
1732908382353
1732908382381
1732908382433
1732908382554
1732908382613
1732908382642
1732908382713
1732908382808
1732908382828
1732908382864
1732908382893
1732908383004
1732908383038
1732908383097
1732908383145
1732908383233
1732908383264
1732908383315
1732908383324
1732908383428
1732908383490
1732908383519
1732908383579
1732908383671
1732908383702
1732908383733
1732908383768
1732908383854
1732908383927
1732908383950
1732908384004
1732908384106
1732908384132
1732908384178
1732908384208
1732908384309
1732908384367
1732908384396
1732908384460
1732908384577
1732908384610
1732908384642
1732908384673
1732908384792
1732908384918
1732908384944
1732908385028
1732908385147
1732908385168
1732908385198
1732908385233
1732908385348
1732908385434
1732908385487
1732908385548
1732908385637
1732908385680
1732908385708
1732908385737
1732908385827
1732908385892
1732908385922
1732908385982
1732908386074
1732908386111
1732908386132
1732908386166
1732908386271
1732908386344
1732908386379
1732908386448
1732908386556
1732908386590
1732908386629
1732908386670
1732908386778
1732908386877
1732908386897
1732908386962
1732908387091
1732908387140
1732908387195
1732908387247
1732908387317
1732908387381
1732908387419
1732908387485
1732908387579
1732908387620
1732908387637
1732908387671
1732908387770
1732908387827
1732908387861
1732908387922
1732908388037
1732908388060
1732908388108
1732908388123
1732908388222
1732908388280
1732908388319
1732908388376
1732908388468
1732908388496
1732908388534
1732908388592
1732908388696
1732908388763
1732908388800
1732908388859
1732908388951
1732908388988
1732908389030
1732908389058
1732908389138
1732908389204
1732908389243
1732908389327
1732908389394
1732908389426
1732908389477
1732908389508
1732908389599
1732908389660
1732908389692
1732908389751
1732908389841
1732908389871
1732908389905
1732908389938
1732908390036
1732908390090
1732908390123
1732908390180
1732908390281
1732908390307
1732908390344
1732908390370
1732908390467
1732908390529
1732908390553
1732908390635
1732908390789
1732908390857
1732908390907
1732908390947
1732908391042
1732908391116
1732908391149
1732908391222
1732908391345
1732908391385
1732908391427
1732908391487
1732908391633
1732908391714
1732908391766
1732908391829
1732908391980
1732908392025
1732908392075
1732908392111
1732908392221
1732908392288
1732908392363
1732908392413
1732908392506
1732908392538
1732908392569
1732908392598
1732908392691
1732908392752
1732908392794
1732908392833
1732908392928
1732908392967
1732908392996
1732908393029
1732908393119
1732908393178
1732908393212
1732908393281
1732908393363
1732908393408
1732908393442
1732908393470
1732908393573
1732908393632
1732908393666
1732908393712
1732908393813
1732908393840
1732908393884
1732908393931
1732908394055
1732908394125
1732908394164
1732908394274
1732908394386
1732908394422
1732908394455
1732908394519
1732908394600
1732908394688
1732908394710
1732908394788
1732908394882
1732908394927
1732908394945
1732908394970
1732908395072
1732908395123
1732908395184
1732908395264
1732908395389
1732908395417
1732908395456
1732908395510
1732908395608
1732908395713
1732908395742
1732908395816
1732908395893
1732908395942
1732908396004
1732908396030
1732908396127
1732908396198
1732908396223
1732908396294
1732908396419
1732908396454
1732908396495
1732908396539
1732908396654
1732908396741
1732908396772
1732908396861
1732908396955
1732908397018
1732908397049
1732908397082
1732908397174
1732908397252
1732908397284
1732908397343
1732908397430
1732908397460
1732908397495
1732908397547
1732908397620
1732908397679
1732908397732
1732908397787
1732908397874
1732908397913
1732908397975
1732908397983
1732908398062
1732908398111
1732908398144
1732908398232
1732908398344
1732908398388
1732908398408
1732908398459
1732908398534
1732908398603
1732908398631
1732908398707
1732908398786
1732908398828
1732908398862
1732908398883
1732908398973
1732908399055
1732908399086
1732908399190
1732908399307
1732908399323
1732908399379
1732908399433
1732908399545
1732908399607
1732908399641
1732908399718
1732908399883
1732908399893
1732908399944
1732908399972
1732908400051
1732908400136
1732908400159
1732908400211
1732908400329
1732908400371
1732908400382
1732908400422
1732908400499
1732908400555
1732908400606
1732908400649
1732908400746
1732908400780
1732908400798
1732908400825
1732908400923
1732908400993
1732908401052
1732908401130
1732908401238
1732908401282
1732908401324
1732908401360
1732908401573
1732908401650
1732908401684
1732908401761
1732908401885
1732908401936
1732908401977
1732908402026
1732908402185
1732908402251
1732908402319
1732908402415
1732908402580
1732908402636
1732908402682
1732908402748
1732908402926
1732908402990
1732908403018
1732908403101
1732908403235
1732908403298
1732908403374
1732908403430
1732908403499
1732908403567
1732908403603
1732908403737
1732908403825
1732908403863
1732908403927
1732908403962
1732908404066
1732908404196
1732908404226
1732908404327
1732908404457
1732908404516
1732908404551
1732908404598
1732908404696
1732908404756
1732908404788
1732908404857
1732908404957
1732908404985
1732908405044
1732908405088
1732908405208
1732908405286
1732908405325
1732908405396
1732908405507
1732908405531
1732908405567
1732908405598
1732908405703
1732908405779
1732908405812
1732908405875
1732908406086
1732908406117
1732908406124
1732908406157
1732908406601
1732908406638
1732908406650
1732908406681
1732908406723
1732908406747
1732908406747
1732908406747
1732908406786
1732908406800
1732908406805
1732908406824
1732908406968
1732908406987
1732908407034
1732908407077
1732908407227
1732908407380
1732908407401
1732908407441
1732908407562
1732908407636
1732908407685
1732908407691
1732908407838
1732908407921
1732908407990
1732908408068
1732908408215
1732908408231
1732908408286
1732908408334
1732908408539
1732908408610
1732908408649
1732908408716
1732908408806
1732908408837
1732908408877
1732908408926
1732908409105
1732908409171
1732908409239
1732908409326
1732908409541
1732908409575
1732908409628
1732908409667
1732908409770
1732908409829
1732908409868
1732908409933
1732908410026
1732908410076
1732908410104
1732908410137
1732908410217
1732908410291
1732908410310
1732908410374
1732908410486
1732908410521
1732908410593
1732908410619
1732908410693
1732908410770
1732908410813
1732908410878
1732908410978
1732908411016
1732908411060
1732908411088
1732908411187
1732908411247
1732908411282
1732908411371
1732908411461
1732908411491
1732908411523
1732908411572
1732908411658
1732908411725
1732908411767
1732908411866
1732908412030
1732908412059
1732908412093
1732908412144
1732908412369
1732908412504
1732908412535
1732908412612
1732908412843
1732908412868
1732908412926
1732908412950
1732908413096
1732908413206
1732908413254
1732908413347
1732908413546
1732908413617
1732908413644
1732908413666
1732908413783
1732908413885
1732908413919
1732908414025
1732908414124
1732908414158
1732908414190
1732908414226
1732908414331
1732908414387
1732908414418
1732908414506
1732908414640
1732908414693
1732908414741
1732908414762
1732908414868
1732908414961
1732908415003
1732908415092
1732908415208
1732908415251
1732908415284
1732908415349
1732908415472
1732908415547
1732908415590
1732908415657
1732908415747
1732908415777
1732908415806
1732908415831
1732908415959
1732908416002
1732908416023
1732908416109
1732908416201
1732908416258
1732908416296
1732908416338
1732908416458
1732908416519
1732908416549
1732908416602
1732908416701
1732908416731
1732908416760
1732908416786
1732908416873
1732908416936
1732908416970
1732908417035
1732908417157
1732908417178
1732908417218
1732908417243
1732908417332
1732908417395
1732908417425
1732908417491
1732908417583
1732908417635
1732908417658
1732908417690
1732908417806
1732908417839
1732908417866
1732908417931
1732908418027
1732908418067
1732908418088
1732908418127
1732908418220
1732908418272
1732908418326
1732908418388
1732908418472
1732908418501
1732908418551
1732908418568
1732908418648
1732908418707
1732908418732
1732908418810
1732908418897
1732908418940
1732908418958
1732908418980
1732908419096
1732908419149
1732908419169
1732908419231
1732908419314
1732908419357
1732908419389
1732908419418
1732908419508
1732908419554
1732908419585
1732908419652
1732908419752
1732908419786
1732908419845
1732908419853
1732908419961
1732908420020
1732908420050
1732908420130
1732908420236
1732908420244
1732908420285
1732908420316
1732908420400
1732908420486
1732908420493
1732908420566
1732908420656
1732908420688
1732908420729
1732908420742
1732908420829
1732908420881
1732908420917
1732908420980
1732908421080
1732908421129
1732908421152
1732908421199
1732908421274
1732908421336
1732908421364
1732908421437
1732908421536
1732908421544
1732908421574
1732908421603
1732908421715
1732908421776
1732908421806
1732908421866
1732908421958
1732908421989
1732908422041
1732908422049
1732908422129
1732908422197
1732908422222
1732908422285
1732908422379
1732908422407
1732908422435
1732908422482
1732908422557
1732908422612
1732908422650
1732908422711
1732908422796
1732908422832
1732908422863
1732908422898
1732908422991
1732908423056
1732908423085
1732908423141
1732908423227
1732908423252
1732908423288
1732908423325
1732908423480
1732908423526
1732908423568
1732908423641
1732908423785
1732908423816
1732908423850
1732908423908
1732908423999
1732908424076
1732908424101
1732908424177
1732908424279
1732908424347
1732908424376
1732908424397
1732908424501
1732908424568
1732908424591
1732908424655
1732908424729
1732908424770
1732908424807
1732908424829
1732908424938
1732908424984
1732908425014
1732908425072
1732908425187
1732908425221
1732908425286
1732908425311
1732908425448
1732908425513
1732908425552
1732908425609
1732908425697
1732908425767
1732908425773
1732908425808
1732908425906
1732908425941
1732908425971
1732908426031
1732908426133
1732908426180
1732908426209
1732908426241
1732908426333
1732908426392
1732908426425
1732908426485
1732908426581
1732908426631
1732908426639
1732908426670
1732908426785
1732908426845
1732908426883
1732908426944
1732908427046
1732908427069
1732908427105
1732908427150
1732908427321
1732908427391
1732908427415
1732908427474
1732908427596
1732908427637
1732908427702
1732908427758
1732908427917
1732908428042
1732908428072
1732908428150
1732908428308
1732908428341
1732908428382
1732908428447
1732908428639
1732908428711
1732908428753
1732908428819
1732908428937
1732908428945
1732908428988
1732908429035
1732908429184
1732908429288
1732908429295
1732908429400
1732908429536
1732908429567
1732908429597
1732908429617
1732908429725
1732908429763
1732908429795
1732908429867
1732908429983
1732908430004
1732908430045
1732908430080
1732908430175
1732908430238
1732908430260
1732908430325
1732908430427
1732908430474
1732908430500
1732908430544
1732908430641
1732908430725
1732908430755
1732908430824
1732908430910
1732908430942
1732908430972
1732908431003
1732908431111
1732908431174
1732908431207
1732908431266
1732908431366
1732908431403
1732908431432
1732908431468
1732908431556
1732908431641
1732908431718
1732908431786
1732908431893
1732908431935
1732908431970
1732908431994
1732908432089
1732908432199
1732908432201
1732908432260
1732908432331
1732908432363
1732908432421
1732908432453
1732908432550
1732908432673
1732908432713
1732908432836
1732908433024
1732908433043
1732908433090
1732908433132
1732908433296
1732908433365
1732908433398
1732908433509
1732908433632
1732908433665
1732908433726
1732908433759
1732908433874
1732908433946
1732908434002
1732908434075
1732908434190
1732908434229
1732908434290
1732908434347
1732908434461
1732908434521
1732908434569
1732908434674
1732908434858
1732908434864
1732908434931
1732908434981
1732908435070
1732908435173
1732908435212
1732908435253
1732908435380
1732908435403
1732908435441
1732908435480
1732908435589
1732908435659
1732908435689
1732908435777
1732908435905
1732908435946
1732908435985
1732908436010
1732908436139
1732908436237
1732908436267
1732908436366
1732908436505
1732908436539
1732908436567
1732908436597
1732908436721
1732908436826
1732908436864
1732908436945
1732908437067
1732908437107
1732908437160
1732908437209
1732908437341
1732908437417
1732908437456
1732908437535
1732908437661
1732908437715
1732908437781
1732908437815
1732908437930
1732908438031
1732908438086
1732908438156
1732908438296
1732908438346
1732908438420
1732908438465
1732908438607
1732908438698
1732908438743
1732908438837
1732908438986
1732908439031
1732908439095
1732908439213
1732908439395
1732908439483
1732908439530
1732908439625
1732908439724
1732908439788
1732908439797
1732908439831
1732908439960
1732908440023
1732908440054
1732908440139
1732908440236
1732908440275
1732908440316
1732908440336
1732908440447
1732908440509
1732908440540
1732908440596
1732908440716
1732908440749
1732908440812
1732908440845
1732908440936
1732908441004
1732908441060
1732908441166
1732908441327
1732908441377
1732908441384
1732908441405
1732908441500
1732908441581
1732908441638
1732908441678
1732908441798
1732908441841
1732908441874
1732908441931
1732908442072
1732908442113
1732908442160
1732908442230
1732908442336
1732908442361
1732908442403
1732908442436
1732908442536
1732908442588
1732908442626
1732908442713
1732908442788
1732908442823
1732908442855
1732908442883
1732908442992
1732908443043
1732908443067
1732908443133
1732908443243
1732908443296
1732908443322
1732908443344
1732908443466
1732908443515
1732908443544
1732908443641
1732908443735
1732908443775
1732908443811
1732908443845
1732908443956
1732908444005
1732908444036
1732908444103
1732908444196
1732908444287
1732908444346
1732908444410
1732908444585
1732908444726
1732908444746
1732908444835
1732908444960
1732908445000
1732908445046
1732908445067
1732908445182
1732908445295
1732908445315
1732908445431
1732908445576
1732908445586
1732908445660
1732908445698
1732908445794
1732908445873
1732908445904
1732908445982
1732908446113
1732908446167
1732908446198
1732908446259
1732908446396
1732908446456
1732908446490
1732908446554
1732908446659
1732908446706
1732908446792
1732908446866
1732908447090
1732908447180
1732908447190
1732908447277
1732908447431
1732908447439
1732908447507
1732908447515
1732908447634
1732908447741
1732908447749
1732908447824
1732908447956
1732908447994
1732908448023
1732908448056
1732908448166
1732908448250
1732908448299
1732908448393
1732908448569
1732908448605
1732908448628
1732908448682
1732908448819
1732908448863
1732908448899
1732908448981
1732908449061
1732908449075
1732908449103
1732908449147
1732908449350
1732908449398
1732908449450
1732908449607
1732908449704
1732908449773
1732908449873
1732908449912
1732908450036
1732908450094
1732908450145
1732908450208
1732908450326
1732908450360
1732908450396
1732908450449
1732908450567
1732908451703
1732908451705
1732908451717
1732908451736
1732908451737
1732908451745
1732908451746
1732908451755
1732908451761
1732908451762
1732908451770
1732908451771
1732908451772
1732908451785
1732908451787
1732908451788
1732908451815
1732908451816
1732908451836
1732908451860
1732908451892
1732908451918
1732908451959
1732908452056
1732908452180
1732908452197
1732908452279
1732908452391
1732908452409
1732908452444
1732908452505
1732908452607
1732908452664
1732908452698
1732908452782
1732908452893
1732908452918
1732908452946
1732908452985
1732908453067
1732908453133
1732908453174
1732908453254
1732908453361
1732908453417
1732908453448
1732908453480
1732908453610
1732908453683
1732908453727
1732908453792
1732908453907
1732908453955
1732908453974
1732908454007
1732908454116
1732908454176
1732908454207
1732908454279
1732908454366
1732908454396
1732908454426
1732908454456
1732908454545
1732908454681
1732908454710
1732908454797
1732908454867
1732908454905
1732908454955
1732908454988
1732908455080
1732908455143
1732908455196
1732908455259
1732908455369
1732908455407
1732908455443
1732908455489
1732908455594
1732908455665
1732908455721
1732908455830
1732908456032
1732908456057
1732908456099
1732908456142
1732908456317
1732908456384
1732908456404
1732908456462
1732908456567
1732908456597
1732908456628
1732908456651
1732908456752
1732908456806
1732908456845
1732908456915
1732908456991
1732908457033
1732908457076
1732908457095
1732908457189
1732908457242
1732908457272
1732908457336
1732908457424
1732908457455
1732908457482
1732908457517
1732908457614
1732908457681
1732908457712
1732908457777
1732908457863
1732908457893
1732908457919
1732908457967
1732908458061
1732908458140
1732908458193
1732908458265
1732908458408
1732908458449
1732908458496
1732908458563
1732908458702
1732908458801
1732908458850
1732908458950
1732908459106
1732908459133
1732908459176
1732908459238
1732908459359
1732908459443
1732908459546
1732908459595
1732908459754
1732908459790
1732908459837
1732908459901
1732908460064
1732908460133
1732908460169
1732908460294
1732908460418
1732908460462
1732908460493
1732908460554
1732908460647
1732908460734
1732908460766
1732908460836
1732908460972
1732908461026
1732908461031
1732908461095
1732908461177
1732908461239
1732908461270
1732908461340
1732908461458
1732908461467
1732908461519
1732908461548
1732908461668
1732908461779
1732908461787
1732908461858
1732908461984
1732908462019
1732908462067
1732908462136
1732908462241
1732908462328
1732908462372
1732908462449
1732908462579
1732908462615
1732908462658
1732908462692
1732908462815
1732908462901
1732908462910
1732908462999
1732908463133
1732908463184
1732908463198
1732908463251
1732908463359
1732908463455
1732908463484
1732908463601
1732908463699
1732908463763
1732908463771
1732908463804
1732908463920
1732908464005
1732908464047
1732908464113
1732908464252
1732908464344
1732908464351
1732908464392
1732908464497
1732908464591
1732908464633
1732908464714
1732908464813
1732908464855
1732908464895
1732908464948
1732908465060
1732908465134
1732908465169
1732908465288
1732908465353
1732908465406
1732908465452
1732908465504
1732908465624
1732908465686
1732908465721
1732908465789
1732908465920
1732908465952
1732908465967
1732908466020
1732908466125
1732908466213
1732908466271
1732908466319
1732908466459
1732908466482
1732908466500
1732908466561
1732908466680
1732908466785
1732908466795
1732908466897
1732908467000
1732908467046
1732908467068
1732908467096
1732908467248
1732908467336
1732908467350
1732908467398
1732908467523
1732908467560
1732908467586
1732908467622
1732908467785
1732908467887
1732908467898
1732908467932
1732908468058
1732908468094
1732908468144
1732908468173
1732908468282
1732908468350
1732908468394
1732908468465
1732908468596
1732908468635
1732908468685
1732908468729
1732908468833
1732908468916
1732908468941
1732908469016
1732908469116
1732908469160
1732908469205
1732908469247
1732908469454
1732908469532
1732908469598
1732908469683
1732908469792
1732908469809
1732908469861
1732908469928
1732908470030
1732908470140
1732908470169
1732908470237
1732908470354
1732908470396
1732908470457
1732908470500
1732908470574
1732908470651
1732908470675
1732908470751
1732908470941
1732908470947
1732908470984
1732908471044
1732908471151
1732908471224
1732908471262
1732908471369
1732908471656
1732908471697
1732908471726
1732908471761
1732908471884
1732908471972
1732908472016
1732908472115
1732908472254
1732908472318
1732908472402
1732908472420
1732908472542
1732908472649
1732908472718
1732908472830
1732908472990
1732908473049
1732908473099
1732908473143
1732908473263
1732908473362
1732908473425
1732908473545
1732908473785
1732908473792
1732908473846
1732908473855
1732908473963
1732908474047
1732908474079
1732908474158
1732908474276
1732908474312
1732908474347
1732908474397
1732908474484
1732908474555
1732908474592
1732908474693
1732908474811
1732908474855
1732908474890
1732908474956
1732908475059
1732908475119
1732908475162
1732908475254
1732908475379
1732908475393
1732908475438
1732908475472
1732908475570
1732908475650
1732908475693
1732908475782
1732908475921
1732908475946
1732908475955
1732908476016
1732908476121
1732908476214
1732908476250
1732908476301
1732908476408
1732908476449
1732908476478
1732908476517
1732908476628
1732908476708
1732908476738
1732908476826
1732908476938
1732908476971
1732908477012
1732908477060
1732908477181
1732908477259
1732908477288
1732908477374
1732908477473
1732908477504
1732908477545
1732908477581
1732908477689
1732908477769
1732908477800
1732908477871
1732908477979
1732908478012
1732908478052
1732908478094
1732908478210
1732908478304
1732908478364
1732908478420
1732908478519
1732908478571
1732908478596
1732908478654
1732908478776
1732908478834
1732908478876
1732908478955
1732908479053
1732908479088
1732908479122
1732908479152
1732908479270
1732908479358
1732908479390
1732908479453
1732908479574
1732908479597
1732908479629
1732908479663
1732908479773
1732908479836
1732908479875
1732908479973
1732908480078
1732908480119
1732908480156
1732908480196
