1732682555062
1732682558858
1732682558903
1732682558916
1732682558966
1732682559011
1732682559022
1732682559034
1732682559048
1732682559066
1732682559090
1732682559099
1732682559120
1732682559143
1732682559156
1732682559163
1732682559173
1732682559222
1732682559302
1732682559386
1732682559484
1732682559600
1732682559619
1732682559624
1732682559628
1732682559698
1732682559729
1732682559739
1732682559780
1732682559797
1732682559803
1732682559811
1732682559820
1732682559840
1732682559856
1732682559864
1732682559884
1732682559901
1732682559906
1732682559915
1732682559919
1732682559940
1732682559948
1732682559952
1732682559961
1732682559977
1732682559982
1732682559986
1732682559990
1732682560006
1732682560015
1732682560021
1732682560030
1732682560050
1732682560052
1732682560066
1732682560070
1732682560085
1732682560095
1732682560099
1732682560107
1732682560121
1732682560128
1732682560132
1732682560139
1732682560150
1732682560160
1732682560163
1732682560171
1732682560183
1732682560187
1732682560192
1732682560197
1732682560214
1732682560223
1732682560227
1732682560237
1732682560259
1732682560261
1732682560264
1732682560269
1732682560280
1732682560288
1732682560292
1732682560302
1732682560316
1732682560322
1732682560329
1732682560337
1732682560346
1732682560354
1732682560358
1732682560366
1732682560377
1732682560381
1732682560385
1732682560389
1732682560405
1732682560414
1732682560418
1732682560425
1732682560437
1732682560441
1732682560445
1732682560448
1732682560459
1732682560467
1732682560472
1732682560479
1732682560493
1732682560496
1732682560500
1732682560504
1732682560515
1732682560522
1732682560526
1732682560535
1732682560546
1732682560551
1732682560556
1732682560560
1732682560573
1732682560581
1732682560585
1732682560592
1732682560605
1732682560610
1732682560613
1732682560618
1732682560631
1732682560639
1732682560644
1732682560651
1732682560662
1732682560666
1732682560670
1732682560674
1732682560685
1732682560693
1732682560697
1732682560704
1732682560715
1732682560720
1732682560724
1732682560729
1732682560742
1732682560750
1732682560754
1732682560762
1732682560773
1732682560777
1732682560781
1732682560785
1732682560799
1732682560805
1732682560808
1732682560817
1732682560834
1732682560845
1732682560851
1732682560857
1732682560870
1732682560884
1732682560889
1732682560897
1732682560909
1732682560913
1732682560919
1732682560929
1732682560940
1732682560948
1732682560954
1732682560965
1732682560977
1732682560982
1732682560987
1732682560992
1732682561003
1732682561011
1732682561015
1732682561023
1732682561034
1732682561038
1732682561042
1732682561046
1732682561061
1732682561068
1732682561072
1732682561080
1732682561091
1732682561095
1732682561099
1732682561104
1732682561115
1732682561123
1732682561128
1732682561138
1732682561152
1732682561156
1732682561160
1732682561164
1732682561182
1732682561189
1732682561193
1732682561200
1732682561213
1732682561217
1732682561222
1732682561226
1732682561240
1732682561253
1732682561259
1732682561272
1732682561283
1732682561290
1732682561292
1732682561295
1732682561302
1732682561309
1732682561313
1732682561321
1732682561332
1732682561336
1732682561339
1732682561343
1732682561355
1732682561362
1732682561366
1732682561374
1732682561385
1732682561389
1732682561393
1732682561397
1732682561408
1732682561420
1732682561426
1732682561436
1732682561452
1732682561455
1732682561460
1732682561468
1732682561492
1732682561507
1732682561509
1732682561516
1732682561527
1732682561531
1732682561535
1732682561540
1732682561552
1732682561561
1732682561566
1732682561574
1732682561586
1732682561590
1732682561594
1732682561603
1732682561619
1732682561628
1732682561632
1732682561640
1732682561653
1732682561658
1732682561662
1732682561667
1732682561680
1732682561689
1732682561693
1732682561700
1732682561712
1732682561716
1732682561719
1732682561723
1732682561735
1732682561742
1732682561746
1732682561754
1732682561765
1732682561769
1732682561773
1732682561777
1732682561788
1732682561796
1732682561800
1732682561809
1732682561822
1732682561825
1732682561829
1732682561834
1732682561847
1732682561855
1732682561865
1732682561879
1732682561893
1732682561898
1732682561903
1732682561907
1732682561919
1732682561927
1732682561931
1732682561939
1732682561950
1732682561954
1732682561958
1732682561963
1732682561976
1732682561984
1732682561987
1732682561995
1732682562007
1732682562011
1732682562015
1732682562019
1732682562036
1732682562045
1732682562048
1732682562059
1732682562079
1732682562082
1732682562086
1732682562090
1732682562108
1732682562118
1732682562126
1732682562141
1732682562163
1732682562169
1732682562182
1732682562185
1732682562202
1732682562215
1732682562218
1732682562230
1732682562245
1732682562253
1732682562263
1732682562267
1732682562286
1732682562297
1732682562302
1732682562311
1732682562326
1732682562330
1732682562334
1732682562339
1732682562351
1732682562358
1732682562362
1732682562370
1732682562384
1732682562388
1732682562392
1732682562396
1732682562408
1732682562415
1732682562419
1732682562427
1732682562438
1732682562442
1732682562446
1732682562450
1732682562461
1732682562469
1732682562473
1732682562480
1732682562491
1732682562495
1732682562499
1732682562503
1732682562515
1732682562523
1732682562527
1732682562536
1732682562546
1732682562550
1732682562553
1732682562557
1732682562569
1732682562577
1732682562581
1732682562589
1732682562601
1732682562605
1732682562609
1732682562613
1732682562623
1732682562631
1732682562635
1732682562643
1732682562655
1732682562659
1732682562663
1732682562667
1732682562678
1732682562686
1732682562690
1732682562698
1732682562709
1732682562713
1732682562717
1732682562721
1732682562732
1732682562739
1732682562745
1732682562751
1732682562763
1732682562767
1732682562771
1732682562774
1732682562786
1732682562794
1732682562798
1732682562806
1732682562818
1732682562822
1732682562825
1732682562831
1732682562841
1732682562849
1732682562853
1732682562862
1732682562873
1732682562877
1732682562881
1732682562884
1732682562897
1732682562904
1732682562908
1732682562915
1732682562927
1732682562930
1732682562935
1732682562938
1732682562949
1732682562957
1732682562961
1732682562968
1732682562979
1732682562983
1732682562987
1732682562991
1732682563002
1732682563009
1732682563013
1732682563021
1732682563032
1732682563036
1732682563039
1732682563043
1732682563054
1732682563061
1732682563065
1732682563073
1732682563084
1732682563088
1732682563092
1732682563096
1732682563107
1732682563114
1732682563121
1732682563127
1732682563147
1732682563157
1732682563159
1732682563165
1732682563177
1732682563185
1732682563188
1732682563196
1732682563209
1732682563214
1732682563217
1732682563222
1732682563239
1732682563248
1732682563252
1732682563260
1732682563272
1732682563275
1732682563279
1732682563298
1732682563305
1732682563308
1732682563312
1732682563332
1732682563365
1732682563370
1732682563376
1732682563380
1732682563397
1732682563413
1732682563420
1732682563434
1732682563456
1732682563466
1732682563470
1732682563476
1732682563488
1732682563495
1732682563499
1732682563506
1732682563517
1732682563522
1732682563527
1732682563531
1732682563541
1732682563549
1732682563553
1732682563560
1732682563578
1732682563594
1732682563598
1732682563618
1732682563637
1732682563645
1732682563649
1732682563657
1732682563669
1732682563677
1732682563679
1732682563686
1732682563696
1732682563702
1732682563706
1732682563712
1732682563727
1732682563731
1732682563736
1732682563740
1732682563753
1732682563760
1732682563765
1732682563775
1732682563787
1732682563792
1732682563795
1732682563800
1732682563812
1732682563820
1732682563823
1732682563831
1732682563845
1732682563848
1732682563852
1732682563856
1732682563870
1732682563877
1732682563883
1732682563891
1732682563903
1732682563906
1732682563910
1732682563914
1732682563925
1732682563932
1732682563936
1732682563944
1732682563956
1732682563960
1732682563964
1732682563968
1732682563979
1732682563986
1732682563990
1732682563997
1732682564008
1732682564012
1732682564016
1732682564020
1732682564032
1732682564039
1732682564043
1732682564050
1732682564061
1732682564065
1732682564069
1732682564072
1732682564087
1732682564093
1732682564096
1732682564104
1732682564115
1732682564119
1732682564122
1732682564126
1732682564137
1732682564144
1732682564148
1732682564157
1732682564168
1732682564172
1732682564176
1732682564180
1732682564190
1732682564198
1732682564202
1732682564209
1732682564220
1732682564223
1732682564227
1732682564232
1732682564243
1732682564251
1732682564255
1732682564262
1732682564273
1732682564277
1732682564281
1732682564285
1732682564296
1732682564303
1732682564307
1732682564314
1732682564325
1732682564329
1732682564333
1732682564337
1732682564348
1732682564356
1732682564359
1732682564367
1732682564379
1732682564383
1732682564386
1732682564390
1732682564401
1732682564409
1732682564412
1732682564419
1732682564431
1732682564436
1732682564439
1732682564443
1732682564454
1732682564462
1732682564466
1732682564473
1732682564485
1732682564488
1732682564492
1732682564496
1732682564507
1732682564514
1732682564518
1732682564525
1732682564537
1732682564541
1732682564544
1732682564548
1732682564559
1732682564567
1732682564571
1732682564578
1732682564589
1732682564593
1732682564596
1732682564600
1732682564611
1732682564619
1732682564623
1732682564631
1732682564641
1732682564645
1732682564649
1732682564653
1732682564664
1732682564672
1732682564675
1732682564683
1732682564693
1732682564697
1732682564701
1732682564705
1732682564716
1732682564724
1732682564727
1732682564735
1732682564746
1732682564750
1732682564755
1732682564759
1732682564769
1732682564777
1732682564780
1732682564788
1732682564800
1732682564804
1732682564808
1732682564812
1732682564824
1732682564834
1732682564837
1732682564844
1732682564854
1732682564858
1732682564861
1732682564865
1732682564876
1732682564884
1732682564888
1732682564896
1732682564912
1732682564915
1732682564919
1732682564923
1732682564936
1732682564944
1732682564948
1732682564955
1732682564966
1732682564969
1732682564973
1732682564977
1732682564990
1732682564996
1732682565000
1732682565007
1732682565018
1732682565022
1732682565025
1732682565029
1732682565041
1732682565049
1732682565054
1732682565061
1732682565071
1732682565075
1732682565079
1732682565083
1732682565094
1732682565101
1732682565105
1732682565112
1732682565124
1732682565128
1732682565132
1732682565135
1732682565146
1732682565154
1732682565158
1732682565165
1732682565176
1732682565180
1732682565184
1732682565188
1732682565199
1732682565207
1732682565211
1732682565221
1732682565232
1732682565236
1732682565240
1732682565243
1732682565254
1732682565262
1732682565266
1732682565273
1732682565284
1732682565288
1732682565291
1732682565295
1732682565307
1732682565314
1732682565318
1732682565325
1732682565336
1732682565340
1732682565346
1732682565349
1732682565365
1732682565370
1732682565372
1732682565378
1732682565389
1732682565392
1732682565396
1732682565400
1732682565411
1732682565419
1732682565423
1732682565431
1732682565443
1732682565446
1732682565450
1732682565454
1732682565465
1732682565472
1732682565476
1732682565484
1732682565495
1732682565502
1732682565505
1732682565509
1732682565519
1732682565526
1732682565530
1732682565538
1732682565549
1732682565553
1732682565556
1732682565560
1732682565572
1732682565579
1732682565583
1732682565590
1732682565602
1732682565605
1732682565609
1732682565612
1732682565624
1732682565631
1732682565635
1732682565645
1732682565670
1732682565689
1732682565689
1732682565694
1732682565710
1732682565714
1732682565717
1732682565723
1732682565734
1732682565739
1732682565742
1732682565747
1732682565758
1732682565765
1732682565769
1732682565776
1732682565787
1732682565791
1732682565794
1732682565800
1732682565817
1732682565824
1732682565831
1732682565844
1732682565851
1732682565855
1732682565863
1732682565867
1732682565880
1732682565887
1732682565891
1732682565899
1732682565912
1732682565915
1732682565919
1732682565923
1732682565934
1732682565942
1732682565946
1732682565955
1732682565966
1732682565969
1732682565973
1732682565977
1732682565990
1732682565996
1732682566000
1732682566007
1732682566018
1732682566022
1732682566025
1732682566029
1732682566041
1732682566048
1732682566052
1732682566059
1732682566070
1732682566074
1732682566082
1732682566084
1732682566098
1732682566104
1732682566108
1732682566116
1732682566128
1732682566132
1732682566136
1732682566140
1732682566152
1732682566168
1732682566176
1732682566190
1732682566199
1732682566203
1732682566207
1732682566211
1732682566221
1732682566229
1732682566233
1732682566241
1732682566252
1732682566256
1732682566259
1732682566263
1732682566274
1732682566281
1732682566285
1732682566292
1732682566304
1732682566307
1732682566311
1732682566315
1732682566326
1732682566333
1732682566337
1732682566344
1732682566357
1732682566364
1732682566367
1732682566371
1732682566382
1732682566390
1732682566394
1732682566403
1732682566414
1732682566418
1732682566422
1732682566426
1732682566437
1732682566444
1732682566448
1732682566456
1732682566468
1732682566472
1732682566475
1732682566479
1732682566490
1732682566497
1732682566501
1732682566508
1732682566519
1732682566522
1732682566526
1732682566530
1732682566541
1732682566548
1732682566552
1732682566559
1732682566570
1732682566574
1732682566577
1732682566581
1732682566593
1732682566600
1732682566603
1732682566610
1732682566621
1732682566625
1732682566629
1732682566632
1732682566644
1732682566652
1732682566656
1732682566663
1732682566674
1732682566678
1732682566681
1732682566685
1732682566697
1732682566705
1732682566708
1732682566715
1732682566727
1732682566731
1732682566734
1732682566739
1732682566751
1732682566758
1732682566762
1732682566769
1732682566780
1732682566784
1732682566787
1732682566791
1732682566803
1732682566810
1732682566814
1732682566821
1732682566832
1732682566836
1732682566840
1732682566844
1732682566855
1732682566863
1732682566866
1732682566874
1732682566886
1732682566889
1732682566893
1732682566897
1732682566911
1732682566918
1732682566922
1732682566929
1732682566941
1732682566945
1732682566948
1732682566952
1732682566963
1732682566971
1732682566975
1732682566983
1732682566994
1732682566998
1732682567002
1732682567006
1732682567017
1732682567025
1732682567029
1732682567037
1732682567048
1732682567052
1732682567056
1732682567059
1732682567070
1732682567077
1732682567081
1732682567088
1732682567099
1732682567103
1732682567107
1732682567111
1732682567121
1732682567129
1732682567132
1732682567140
1732682567151
1732682567154
1732682567158
1732682567162
1732682567175
1732682567181
1732682567185
1732682567192
1732682567203
1732682567206
1732682567210
1732682567214
1732682567225
1732682567233
1732682567237
1732682567245
1732682567256
1732682567260
1732682567264
1732682567268
1732682567279
1732682567286
1732682567290
1732682567297
1732682567309
1732682567313
1732682567317
1732682567321
1732682567332
1732682567339
1732682567343
1732682567351
1732682567362
1732682567366
1732682567369
1732682567373
1732682567384
1732682567392
1732682567396
1732682567403
1732682567414
1732682567418
1732682567422
1732682567426
1732682567436
1732682567444
1732682567448
1732682567455
1732682567468
1732682567471
1732682567475
1732682567478
1732682567490
1732682567498
1732682567502
1732682567510
1732682567522
1732682567526
1732682567530
1732682567534
1732682567545
1732682567553
1732682567557
1732682567564
1732682567575
1732682567579
1732682567582
1732682567587
1732682567598
1732682567606
1732682567609
1732682567617
1732682567628
1732682567631
1732682567635
1732682567639
1732682567650
1732682567657
1732682567661
1732682567668
1732682567680
1732682567683
1732682567687
1732682567690
1732682567701
1732682567709
1732682567712
1732682567720
1732682567731
1732682567735
1732682567738
1732682567742
1732682567755
1732682567761
1732682567765
1732682567772
1732682567783
1732682567786
1732682567790
1732682567794
1732682567806
1732682567814
1732682567818
1732682567826
1732682567836
1732682567840
1732682567844
1732682567848
1732682567859
1732682567867
1732682567871
1732682567879
1732682567889
1732682567893
1732682567897
1732682567901
1732682567919
1732682567942
1732682567948
1732682567959
1732682567971
1732682567975
1732682567979
1732682567982
1732682567994
1732682568001
1732682568004
1732682568028
1732682568069
1732682568074
1732682568080
1732682568085
1732682568100
1732682568107
1732682568111
1732682568118
1732682568130
1732682568133
1732682568137
1732682568140
1732682568151
1732682568160
1732682568164
1732682568171
1732682568182
1732682568186
1732682568190
1732682568194
1732682568208
1732682568214
1732682568218
1732682568225
1732682568236
1732682568239
1732682568243
1732682568247
1732682568258
1732682568265
1732682568269
1732682568277
1732682568288
1732682568291
1732682568295
1732682568300
1732682568311
1732682568320
1732682568325
1732682568332
1732682568344
1732682568348
1732682568352
1732682568356
1732682568367
1732682568374
1732682568378
1732682568385
1732682568397
1732682568400
1732682568404
1732682568407
1732682568420
1732682568426
1732682568430
1732682568437
1732682568448
1732682568452
1732682568456
1732682568460
1732682568471
1732682568478
1732682568482
1732682568490
1732682568503
1732682568507
1732682568511
1732682568514
1732682568525
1732682568533
1732682568537
1732682568544
1732682568563
1732682568571
1732682568575
1732682568583
1732682568606
1732682568616
1732682568622
1732682568629
1732682568640
1732682568644
1732682568648
1732682568651
1732682568663
1732682568670
1732682568673
1732682568681
1732682568691
1732682568695
1732682568698
1732682568702
1732682568713
1732682568726
1732682568731
1732682568739
1732682568752
1732682568755
1732682568759
1732682568763
1732682568775
1732682568782
1732682568786
1732682568793
1732682568804
1732682568808
1732682568816
1732682568821
1732682568832
1732682568840
1732682568844
1732682568851
1732682568863
1732682568866
1732682568870
1732682568874
1732682568885
1732682568892
1732682568896
1732682568904
1732682568916
1732682568920
1732682568924
1732682568928
1732682568939
1732682568946
1732682568950
1732682568957
1732682568969
1732682568972
1732682568976
1732682568980
1732682568992
1732682569000
1732682569004
1732682569011
1732682569022
1732682569026
1732682569029
1732682569033
1732682569046
1732682569052
1732682569056
1732682569064
1732682569075
1732682569079
1732682569083
1732682569087
1732682569100
1732682569107
1732682569111
1732682569118
1732682569130
1732682569134
1732682569138
1732682569142
1732682569152
1732682569159
1732682569163
1732682569170
1732682569181
1732682569185
1732682569189
1732682569192
1732682569204
1732682569211
1732682569215
1732682569222
1732682569233
1732682569236
1732682569240
1732682569244
1732682569255
1732682569262
1732682569266
1732682569274
1732682569285
1732682569288
1732682569292
1732682569296
1732682569307
1732682569314
1732682569317
1732682569328
1732682569345
1732682569348
1732682569350
1732682569354
1732682569364
1732682569372
1732682569375
1732682569382
1732682569393
1732682569397
1732682569401
1732682569405
1732682569416
1732682569423
1732682569427
1732682569434
1732682569446
1732682569450
1732682569453
1732682569457
1732682569468
1732682569475
1732682569479
1732682569487
1732682569498
1732682569502
1732682569506
1732682569509
1732682569521
1732682569528
1732682569531
1732682569539
1732682569550
1732682569554
1732682569558
1732682569561
1732682569573
1732682569580
1732682569584
1732682569591
1732682569602
1732682569606
1732682569609
1732682569614
1732682569626
1732682569635
1732682569638
1732682569645
1732682569656
1732682569660
1732682569664
1732682569667
1732682569679
1732682569687
1732682569691
1732682569699
1732682569710
1732682569714
1732682569718
1732682569722
1732682569734
1732682569741
1732682569744
1732682569752
1732682569763
1732682569767
1732682569771
1732682569775
1732682569786
1732682569793
1732682569797
1732682569805
1732682569816
1732682569820
1732682569824
1732682569830
1732682569841
1732682569847
1732682569851
1732682569860
1732682569871
1732682569875
1732682569879
1732682569883
1732682569894
1732682569901
1732682569905
1732682569913
1732682569928
1732682569931
1732682569934
1732682569937
1732682569948
1732682569956
1732682569960
1732682569968
1732682569979
1732682569982
1732682569986
1732682569991
1732682570002
1732682570009
1732682570013
1732682570021
1732682570032
1732682570036
1732682570045
1732682570051
1732682570064
1732682570071
1732682570076
1732682570086
1732682570098
1732682570103
1732682570107
1732682570110
1732682570121
1732682570129
1732682570133
1732682570139
1732682570150
1732682570154
1732682570158
1732682570161
1732682570172
1732682570179
1732682570183
1732682570190
1732682570201
1732682570205
1732682570209
1732682570213
1732682570224
1732682570233
1732682570236
1732682570242
1732682570254
1732682570258
1732682570262
1732682570266
1732682570276
1732682570284
1732682570288
1732682570297
1732682570308
1732682570312
1732682570315
1732682570319
1732682570330
1732682570338
1732682570341
1732682570348
1732682570360
1732682570363
1732682570367
1732682570371
1732682570382
1732682570389
1732682570393
1732682570401
1732682570412
1732682570417
1732682570421
1732682570424
1732682570435
1732682570442
1732682570446
1732682570453
1732682570465
1732682570468
1732682570472
1732682570476
1732682570489
1732682570497
1732682570502
1732682570511
1732682570526
1732682570528
1732682570533
1732682570536
1732682570548
1732682570556
1732682570561
1732682570570
1732682570583
1732682570587
1732682570591
1732682570595
1732682570608
1732682570617
1732682570622
1732682570629
1732682570642
1732682570646
1732682570650
1732682570654
1732682570666
1732682570674
1732682570679
1732682570688
1732682570698
1732682570704
1732682570709
1732682570712
1732682570724
1732682570732
1732682570737
1732682570749
1732682570763
1732682570769
1732682570771
1732682570777
1732682570793
1732682570801
1732682570808
1732682570821
1732682570835
1732682570838
1732682570845
1732682570851
1732682570867
1732682570881
1732682570885
1732682570894
1732682570907
1732682570911
1732682570916
1732682570919
1732682570932
1732682570941
1732682570946
1732682570955
1732682570969
1732682570975
1732682570978
1732682570983
1732682570996
1732682571006
1732682571010
1732682571019
1732682571032
1732682571036
1732682571041
1732682571045
1732682571059
1732682571067
1732682571072
1732682571080
1732682571094
1732682571099
1732682571105
1732682571110
1732682571125
1732682571132
1732682571136
1732682571147
1732682571159
1732682571164
1732682571168
1732682571173
1732682571186
1732682571196
1732682571199
1732682571210
1732682571224
1732682571231
1732682571235
1732682571238
1732682571251
1732682571260
1732682571264
1732682571272
1732682571285
1732682571289
1732682571293
1732682571298
1732682571310
1732682571318
1732682571323
1732682571331
1732682571343
1732682571347
1732682571351
1732682571356
1732682571367
1732682571376
1732682571380
1732682571389
1732682571400
1732682571405
1732682571409
1732682571413
1732682571426
1732682571436
1732682571440
1732682571447
1732682571462
1732682571465
1732682571474
1732682571477
1732682571489
1732682571498
1732682571503
1732682571511
1732682571527
1732682571532
1732682571536
1732682571541
1732682571553
1732682571562
1732682571566
1732682571575
1732682571587
1732682571591
1732682571595
1732682571599
1732682571610
1732682571617
1732682571621
1732682571629
1732682571641
1732682571646
1732682571650
1732682571655
1732682571666
1732682571674
1732682571678
1732682571686
1732682571699
1732682571703
1732682571706
1732682571713
1732682571730
1732682571747
1732682571748
1732682571752
1732682571761
1732682571764
1732682571768
1732682571772
1732682571783
1732682571791
1732682571795
1732682571802
1732682571814
1732682571817
1732682571821
1732682571825
1732682571837
1732682571845
1732682571849
1732682571856
1732682571867
1732682571873
1732682571876
1732682571880
1732682571891
1732682571898
1732682571902
1732682571909
1732682571920
1732682571924
1732682571928
1732682571932
1732682571947
1732682571956
1732682571960
1732682571970
1732682571983
1732682571987
1732682571991
1732682571995
1732682572006
1732682572014
1732682572018
1732682572026
1732682572038
1732682572043
1732682572049
1732682572054
1732682572074
1732682572080
1732682572086
1732682572094
1732682572110
1732682572116
1732682572124
1732682572133
1732682572152
1732682572164
1732682572168
1732682572177
1732682572196
1732682572199
1732682572205
1732682572213
1732682572222
1732682572229
1732682572241
1732682572244
1732682572262
1732682572264
1732682572265
1732682572265
1732682572275
1732682572281
1732682572285
1732682572292
1732682572303
1732682572308
1732682572311
1732682572315
1732682572327
1732682572334
1732682572338
1732682572345
1732682572356
1732682572360
1732682572364
1732682572368
1732682572379
1732682572387
1732682572391
1732682572398
1732682572410
1732682572414
1732682572418
1732682572422
1732682572433
1732682572450
1732682572464
1732682572472
1732682572480
1732682572483
1732682572487
1732682572491
1732682572501
1732682572509
1732682572513
1732682572520
1732682572531
1732682572535
1732682572539
1732682572543
1732682572554
1732682572563
1732682572567
1732682572573
1732682572584
1732682572588
1732682572591
1732682572595
1732682572606
1732682572614
1732682572618
1732682572626
1732682572637
1732682572641
1732682572645
1732682572649
1732682572660
1732682572667
1732682572671
1732682572679
1732682572690
1732682572693
1732682572697
1732682572701
1732682572713
1732682572721
1732682572725
1732682572732
1732682572743
1732682572747
1732682572751
1732682572755
1732682572766
1732682572774
1732682572778
1732682572786
1732682572797
1732682572801
1732682572804
1732682572808
1732682572820
1732682572827
1732682572831
1732682572839
1732682572850
1732682572856
1732682572860
1732682572863
1732682572873
1732682572880
1732682572884
1732682572891
1732682572903
1732682572906
1732682572910
1732682572914
1732682572926
1732682572933
1732682572936
1732682572944
1732682572955
1732682572959
1732682572962
1732682572966
1732682572977
1732682572984
1732682572988
1732682572996
1732682573007
1732682573010
1732682573015
1732682573018
1732682573030
1732682573040
1732682573043
1732682573050
1732682573062
1732682573066
1732682573071
1732682573081
1732682573092
1732682573104
1732682573108
1732682573117
1732682573134
1732682573139
1732682573146
1732682573150
1732682573167
1732682573180
1732682573184
1732682573201
1732682573225
1732682573231
1732682573236
1732682573240
1732682573254
1732682573261
1732682573265
1732682573274
1732682573291
1732682573298
1732682573302
1732682573311
1732682573327
1732682573344
1732682573346
1732682573352
1732682573363
1732682573367
1732682573371
1732682573375
1732682573386
1732682573393
1732682573397
1732682573405
1732682573416
1732682573419
1732682573423
1732682573427
1732682573438
1732682573446
1732682573449
1732682573457
1732682573468
1732682573471
1732682573475
1732682573479
1732682573489
1732682573497
1732682573500
1732682573508
1732682573519
1732682573522
1732682573529
1732682573532
1732682573541
1732682573549
1732682573552
1732682573560
1732682573571
1732682573574
1732682573578
1732682573582
1732682573593
1732682573601
1732682573604
1732682573612
1732682573622
1732682573626
1732682573630
1732682573634
1732682573645
1732682573652
1732682573656
1732682573664
1732682573675
1732682573679
1732682573683
1732682573686
1732682573698
1732682573706
1732682573710
1732682573717
1732682573728
1732682573731
1732682573735
1732682573739
1732682573750
1732682573757
1732682573761
1732682573769
1732682573780
1732682573784
1732682573787
1732682573791
1732682573802
1732682573809
1732682573813
1732682573822
1732682573831
1732682573835
1732682573839
1732682573842
1732682573853
1732682573860
1732682573864
1732682573871
1732682573883
1732682573887
1732682573891
1732682573895
1732682573905
1732682573913
1732682573917
1732682573924
1732682573935
1732682573938
1732682573942
1732682573946
1732682573957
1732682573964
1732682573968
1732682573975
1732682573987
1732682573991
1732682573995
1732682573998
1732682574009
1732682574016
1732682574020
1732682574027
1732682574039
1732682574042
1732682574046
1732682574050
