1732952099605
1732952118309
1732952118468
1732952118481
1732952118627
1732952118786
1732952118829
1732952118873
1732952118923
1732952119032
1732952119117
1732952119141
1732952119234
1732952119360
1732952119433
1732952119438
1732952119459
1732952119539
1732952119649
1732952119653
1732952119717
1732952119762
1732952119804
1732952119844
1732952119865
1732952119964
1732952119998
1732952120019
1732952120067
1732952120126
1732952120156
1732952120177
1732952120193
1732952120249
1732952120301
1732952120338
1732952120383
1732952120464
1732952120490
1732952120517
1732952120528
1732952120602
1732952120661
1732952120702
1732952120774
1732952120821
1732952120857
1732952120863
1732952120882
1732952120945
1732952120992
1732952121020
1732952121079
1732952121137
1732952121144
1732952121165
1732952121182
1732952121234
1732952121274
1732952121296
1732952121323
1732952121403
1732952121422
1732952121438
1732952121476
1732952121518
1732952121555
1732952121586
1732952121621
1732952121677
1732952121687
1732952121707
1732952121725
1732952121786
1732952121833
1732952121844
1732952121890
1732952121959
1732952122012
1732952122017
1732952122048
1732952122123
1732952122163
1732952122194
1732952122240
1732952122299
1732952122323
1732952122349
1732952122369
1732952122426
1732952122467
1732952122477
1732952122516
1732952122574
1732952122588
1732952122616
1732952122635
1732952122712
1732952122757
1732952122776
1732952122812
1732952122875
1732952122904
1732952122921
1732952122939
1732952122996
1732952123045
1732952123070
1732952123094
1732952123147
1732952123177
1732952123209
1732952123215
1732952123268
1732952123331
1732952123347
1732952123425
1732952123435
1732952123466
1732952123475
1732952123492
1732952123557
1732952123568
1732952123594
1732952123639
1732952123686
1732952123704
1732952123730
1732952123749
1732952123822
1732952123846
1732952123861
1732952123893
1732952123942
1732952123968
1732952123974
1732952124009
1732952124066
1732952124098
1732952124107
1732952124146
1732952124210
1732952124238
1732952124268
1732952124287
1732952124336
1732952124378
1732952124409
1732952124425
1732952124480
1732952124493
1732952124510
1732952124525
1732952124579
1732952124612
1732952124628
1732952124687
1732952124753
1732952124782
1732952124829
1732952124872
1732952124967
1732952124996
1732952125007
1732952125047
1732952125108
1732952125135
1732952125158
1732952125188
1732952125253
1732952125277
1732952125299
1732952125325
1732952125361
1732952125379
1732952125396
1732952125413
1732952125466
1732952125500
1732952125522
1732952125563
1732952125602
1732952125611
1732952125627
1732952125646
1732952125705
1732952125789
1732952125796
1732952125844
1732952125891
1732952125906
1732952125925
1732952125940
1732952125993
1732952126026
1732952126047
1732952126076
1732952126134
1732952126155
1732952126167
1732952126184
1732952126236
1732952126309
1732952126316
1732952126341
1732952126402
1732952126405
1732952126412
1732952126432
1732952126485
1732952126524
1732952126535
1732952126566
1732952126615
1732952126636
1732952126655
1732952126667
1732952126765
1732952126791
1732952126826
1732952126841
1732952126911
1732952126929
1732952126949
1732952126977
1732952127057
1732952127115
1732952127119
1732952127152
1732952127197
1732952127213
1732952127226
1732952127243
1732952127305
1732952127345
1732952127373
1732952127420
1732952127515
1732952127520
1732952127524
1732952127547
1732952127585
1732952127622
1732952127649
1732952127672
1732952127727
1732952127736
1732952127747
1732952127767
1732952127857
1732952127883
1732952127905
1732952127947
1732952128006
1732952128013
1732952128025
1732952128057
1732952128092
1732952128129
1732952128136
1732952128170
1732952128217
1732952128232
1732952128251
1732952128269
1732952128324
1732952128359
1732952128384
1732952128410
1732952128449
1732952128464
1732952128487
1732952128506
1732952128546
1732952128585
1732952128600
1732952128639
1732952128678
1732952128707
1732952128723
1732952128729
1732952128798
1732952128843
1732952128860
1732952128912
1732952128976
1732952128997
1732952129013
1732952129027
1732952129075
1732952129106
1732952129130
1732952129159
1732952129206
1732952129220
1732952129234
1732952129249
1732952129293
1732952129330
1732952129342
1732952129369
1732952129414
1732952129447
1732952129452
1732952129470
1732952129509
1732952129536
1732952129557
1732952129588
1732952129637
1732952129652
1732952129668
1732952129695
1732952129737
1732952129769
1732952129788
1732952129821
1732952129875
1732952129890
1732952129906
1732952129925
1732952129966
1732952129999
1732952130015
1732952130044
1732952130096
1732952130110
1732952130125
1732952130145
1732952130190
1732952130218
1732952130233
1732952130271
1732952130314
1732952130332
1732952130344
1732952130362
1732952130401
1732952130430
1732952130449
1732952130472
1732952130516
1732952130531
1732952130543
1732952130558
1732952130603
1732952130636
1732952130653
1732952130679
1732952130724
1732952130740
1732952130764
1732952130776
1732952130837
1732952130869
1732952130890
1732952130947
1732952130988
1732952131008
1732952131026
1732952131044
1732952131102
1732952131135
1732952131154
1732952131182
1732952131238
1732952131254
1732952131266
1732952131283
1732952131337
1732952131363
1732952131377
1732952131414
1732952131454
1732952131468
1732952131485
1732952131500
1732952131549
1732952131570
1732952131584
1732952131614
1732952131662
1732952131674
1732952131685
1732952131699
1732952131745
1732952131776
1732952131790
1732952131822
1732952131865
1732952131871
1732952131886
1732952131902
1732952131942
1732952131972
1732952131991
1732952132016
1732952132054
1732952132072
1732952132088
1732952132104
1732952132140
1732952132173
1732952132193
1732952132217
1732952132251
1732952132267
1732952132285
1732952132297
1732952132342
1732952132371
1732952132384
1732952132417
1732952132459
1732952132472
1732952132481
1732952132500
1732952132538
1732952132573
1732952132579
1732952132612
1732952132647
1732952132668
1732952132685
1732952132698
1732952132738
1732952132763
1732952132779
1732952132802
1732952132851
1732952132859
1732952132879
1732952132896
1732952132928
1732952132959
1732952132978
1732952133006
1732952133042
1732952133060
1732952133075
1732952133090
1732952133128
1732952133160
1732952133173
1732952133202
1732952133242
1732952133256
1732952133270
1732952133284
1732952133337
1732952133364
1732952133378
1732952133407
1732952133457
1732952133462
1732952133481
1732952133486
1732952133567
1732952133595
1732952133613
1732952133654
1732952133731
1732952133749
1732952133790
1732952133794
1732952133845
1732952133875
1732952133894
1732952133927
1732952133972
1732952133986
1732952134000
1732952134014
1732952134059
1732952134100
1732952134124
1732952134188
1732952134271
1732952134295
1732952134325
1732952134336
1732952134409
1732952134442
1732952134456
1732952134496
1732952134569
1732952134595
1732952134610
1732952134621
1732952134671
1732952134711
1732952134745
1732952134782
1732952134909
1732952134939
1732952134952
1732952134971
1732952135032
1732952135060
1732952135086
1732952135120
1732952135198
1732952135202
1732952135235
1732952135268
1732952135307
1732952135333
1732952135353
1732952135395
1732952135443
1732952135472
1732952135499
1732952135534
1732952135573
1732952135607
1732952135627
1732952135652
1732952135696
1732952135715
1732952135735
1732952135741
1732952135797
1732952135845
1732952135864
1732952135903
1732952135968
1732952135988
1732952136011
1732952136029
1732952136077
1732952136117
1732952136123
1732952136154
1732952136199
1732952136235
1732952136239
1732952136265
1732952136291
1732952136331
1732952136355
1732952136389
1732952136429
1732952136435
1732952136457
1732952136462
1732952136510
1732952136538
1732952136547
1732952136577
1732952136625
1732952136643
1732952136657
1732952136671
1732952136709
1732952136737
1732952136751
1732952136779
1732952136821
1732952136835
1732952136853
1732952136872
1732952136915
1732952136947
1732952136961
1732952136988
1732952137033
1732952137048
1732952137064
1732952137075
1732952137119
1732952137151
1732952137165
1732952137189
1732952137235
1732952137245
1732952137259
1732952137280
1732952137326
1732952137364
1732952137383
1732952137408
1732952137453
1732952137469
1732952137483
1732952137498
1732952137544
1732952137568
1732952137582
1732952137624
1732952137685
1732952137705
1732952137709
1732952137729
1732952137770
1732952137793
1732952137812
1732952137841
1732952137879
1732952137892
1732952137908
1732952137923
1732952137971
1732952137992
1732952138007
1732952138033
1732952138077
1732952138093
1732952138103
1732952138117
1732952138160
1732952138188
1732952138202
1732952138227
1732952138267
1732952138287
1732952138300
1732952138310
1732952138366
1732952138393
1732952138415
1732952138445
1732952138485
1732952138499
1732952138515
1732952138534
1732952138570
1732952138596
1732952138615
1732952138639
1732952138690
1732952138703
1732952138721
1732952138748
1732952138810
1732952138864
1732952138882
1732952138913
1732952138974
1732952138999
1732952139020
1732952139038
1732952139091
1732952139124
1732952139135
1732952139165
1732952139214
1732952139219
1732952139240
1732952139245
1732952139290
1732952139319
1732952139335
1732952139360
1732952139401
1732952139418
1732952139434
1732952139444
1732952139484
1732952139517
1732952139534
1732952139559
1732952139603
1732952139611
1732952139628
1732952139639
1732952139684
1732952139715
1732952139732
1732952139762
1732952139807
1732952139825
1732952139843
1732952139858
1732952139918
1732952139942
1732952139957
1732952139985
1732952140020
1732952140034
1732952140048
1732952140063
1732952140108
1732952140134
1732952140149
1732952140177
1732952140228
1732952140242
1732952140254
1732952140269
1732952140317
1732952140345
1732952140360
1732952140385
1732952140436
1732952140449
1732952140464
1732952140481
1732952140519
1732952140548
1732952140562
1732952140592
1732952140641
1732952140659
1732952140665
1732952140680
1732952140740
1732952140774
1732952140792
1732952140821
1732952140867
1732952140887
1732952140901
1732952140918
1732952140959
1732952140999
1732952141023
1732952141072
1732952141155
1732952141176
1732952141234
1732952141240
1732952141279
1732952141334
1732952141340
1732952141365
1732952141442
1732952141463
1732952141489
1732952141508
1732952141574
1732952141627
1732952141636
1732952141683
1732952141726
1732952141744
1732952141762
1732952141786
1732952141838
1732952141883
1732952141904
1732952141957
1732952141996
1732952142015
1732952142030
1732952142044
1732952142086
1732952142114
1732952142130
1732952142161
1732952142203
1732952142218
1732952142233
1732952142246
1732952142293
1732952142321
1732952142345
1732952142372
1732952142416
1732952142429
1732952142440
1732952142457
1732952142501
1732952142531
1732952142547
1732952142576
1732952142650
1732952142676
1732952142686
1732952142715
1732952142757
1732952142807
1732952142812
1732952142844
1732952142913
1732952142933
1732952142974
1732952142984
1732952143027
1732952143071
1732952143077
1732952143115
1732952143166
1732952143185
1732952143197
1732952143225
1732952143287
1732952143336
1732952143342
1732952143372
1732952143428
1732952143455
1732952143464
1732952143488
1732952143545
1732952143591
1732952143618
1732952143647
1732952143687
1732952143712
1732952143717
1732952143738
1732952143779
1732952143804
1732952143827
1732952143856
1732952143897
1732952143915
1732952143920
1732952143945
1732952143979
1732952144009
1732952144019
1732952144063
1732952144097
1732952144105
1732952144127
1732952144133
1732952144179
1732952144206
1732952144235
1732952144249
1732952144305
1732952144309
1732952144335
1732952144340
1732952144385
1732952144409
1732952144425
1732952144450
1732952144496
1732952144507
1732952144527
1732952144545
1732952144595
1732952144608
1732952144629
1732952144658
1732952144711
1732952144715
1732952144724
1732952144747
1732952144782
1732952144811
1732952144836
1732952144868
1732952144904
1732952144925
1732952144931
1732952144956
1732952145005
1732952145034
1732952145040
1732952145067
1732952145115
1732952145121
1732952145145
1732952145150
1732952145192
1732952145220
1732952145244
1732952145257
1732952145307
1732952145317
1732952145338
1732952145346
1732952145396
1732952145427
1732952145432
1732952145459
1732952145501
1732952145527
1732952145535
1732952145561
1732952145635
1732952145666
1732952145691
1732952145725
1732952145777
1732952145805
1732952145816
1732952145825
1732952145894
1732952145933
1732952145956
1732952145992
1732952146039
1732952146064
1732952146068
1732952146096
1732952146145
1732952146185
1732952146212
1732952146264
1732952146317
1732952146323
1732952146340
1732952146355
1732952146406
1732952146450
1732952146471
1732952146519
1732952146595
1732952146601
1732952146626
1732952146631
1732952146687
1732952146708
1732952146728
1732952146759
1732952146819
1732952146852
1732952146870
1732952146890
1732952146937
1732952146976
1732952146988
1732952147028
1732952147070
1732952147083
1732952147097
1732952147111
1732952147156
1732952147182
1732952147195
1732952147221
1732952147266
1732952147278
1732952147295
1732952147307
1732952147369
1732952147408
1732952147429
1732952147471
1732952147530
1732952147536
1732952147552
1732952147578
1732952147631
1732952147671
1732952147695
1732952147742
1732952147794
1732952147809
1732952147823
1732952147840
1732952147889
1732952147923
1732952147939
1732952147977
1732952148044
1732952148053
1732952148073
1732952148099
1732952148150
1732952148197
1732952148216
1732952148257
1732952148346
1732952148379
1732952148390
1732952148421
1732952148515
1732952148553
1732952148588
1732952148634
1732952148700
1732952148716
1732952148736
1732952148745
1732952148805
1732952148841
1732952148870
1732952148899
1732952148985
1732952148995
1732952149028
1732952149055
1732952149122
1732952149159
1732952149190
1732952149292
1732952149361
1732952149388
1732952149409
1732952149432
1732952149512
1732952149560
1732952149568
1732952149601
1732952149687
1732952149695
1732952149715
1732952149734
1732952149802
1732952149833
1732952149878
1732952149900
1732952149945
1732952149975
1732952149981
1732952150008
1732952150063
1732952150115
1732952150182
1732952150191
1732952150279
1732952150317
1732952150352
1732952150416
1732952150507
1732952150570
1732952150593
1732952150662
1732952150756
1732952150764
1732952150795
1732952150806
1732952150861
1732952150898
1732952150916
1732952150955
1732952151014
1732952151025
1732952151045
1732952151071
1732952151115
1732952151151
1732952151171
1732952151215
1732952151291
1732952151347
1732952151349
1732952151366
1732952151411
1732952151451
1732952151472
1732952151519
1732952151590
1732952151600
1732952151626
1732952151633
1732952151723
1732952151767
1732952151795
1732952151858
1732952151896
1732952151917
1732952151924
1732952151941
1732952151989
1732952152080
1732952152096
1732952152144
1732952152210
1732952152228
1732952152254
1732952152273
1732952152322
1732952152361
1732952152390
1732952152427
1732952152493
1732952152525
1732952152534
1732952152565
1732952152657
1732952152708
1732952152721
1732952152759
1732952152816
1732952152847
1732952152868
1732952152885
1732952152948
1732952152974
1732952153002
1732952153035
1732952153100
1732952153110
1732952153127
1732952153140
1732952153179
1732952153215
1732952153227
1732952153252
1732952153308
1732952153317
1732952153335
1732952153349
1732952153405
1732952153429
1732952153443
1732952153477
1732952153521
1732952153538
1732952153553
1732952153571
1732952153634
1732952153667
1732952153686
1732952153714
1732952153764
1732952153783
1732952153808
1732952153827
1732952153894
1732952153932
1732952153948
1732952153995
1732952154034
1732952154054
1732952154068
1732952154083
1732952154134
1732952154168
1732952154183
1732952154216
1732952154251
1732952154266
1732952154281
1732952154301
1732952154343
1732952154372
1732952154387
1732952154422
1732952154461
1732952154480
1732952154493
1732952154511
1732952154550
1732952154595
1732952154602
1732952154639
1732952154689
1732952154706
1732952154717
1732952154734
1732952154786
1732952154818
1732952154830
1732952154869
1732952154914
1732952154936
1732952154945
1732952154959
1732952155004
1732952155046
1732952155064
1732952155117
1732952155185
1732952155202
1732952155224
1732952155244
1732952155296
1732952155323
1732952155340
1732952155424
1732952155461
1732952155479
1732952155493
1732952155515
1732952155555
1732952155587
1732952155601
1732952155637
1732952155705
1732952155740
1732952155755
1732952155778
1732952155844
1732952155882
1732952155899
1732952155934
1732952155996
1732952156011
1732952156026
1732952156042
1732952156096
1732952156129
1732952156146
1732952156179
1732952156229
1732952156246
1732952156253
1732952156271
1732952156315
1732952156350
1732952156362
1732952156390
1732952156436
1732952156457
1732952156462
1732952156480
1732952156533
1732952156586
1732952156613
1732952156655
1732952156711
1732952156728
1732952156748
1732952156762
1732952156801
1732952156834
1732952156852
1732952156878
1732952156917
1732952156930
1732952156952
1732952156974
1732952157003
1732952157037
1732952157051
1732952157083
1732952157127
1732952157142
1732952157152
1732952157169
1732952157215
1732952157247
1732952157273
1732952157294
1732952157340
1732952157378
1732952157381
1732952157386
1732952157435
1732952157465
1732952157469
1732952157500
1732952157536
1732952157556
1732952157564
1732952157579
1732952157624
1732952157657
1732952157674
1732952157702
1732952157743
1732952157757
1732952157770
1732952157786
1732952157826
1732952157851
1732952157864
1732952157893
1732952157937
1732952157948
1732952157965
1732952157980
1732952158024
1732952158064
1732952158081
1732952158133
1732952158201
1732952158220
1732952158234
1732952158249
1732952158304
1732952158342
1732952158358
1732952158388
1732952158438
1732952158451
1732952158469
1732952158486
1732952158528
1732952158560
1732952158575
1732952158606
1732952158646
1732952158669
1732952158674
1732952158692
1732952158732
1732952158775
1732952158801
1732952158844
1732952158921
1732952158939
1732952158951
1732952158967
1732952159015
1732952159046
1732952159063
1732952159093
1732952159143
1732952159157
1732952159177
1732952159209
1732952159277
1732952159304
1732952159322
1732952159353
1732952159407
1732952159425
1732952159432
1732952159452
1732952159499
1732952159537
1732952159543
1732952159575
1732952159626
1732952159644
1732952159658
1732952159671
1732952159717
1732952159749
1732952159769
1732952159792
1732952159871
1732952159922
1732952159949
1732952159956
1732952160055
1732952160110
1732952160141
1732952160206
1732952160327
1732952160353
1732952160388
1732952160405
1732952160501
1732952160529
1732952160554
1732952160601
1732952160671
1732952160682
1732952160711
1732952160740
1732952160797
1732952160836
1732952160862
1732952160906
1732952160985
1732952161011
1732952161030
1732952161050
1732952161153
1732952161224
1732952161259
1732952161302
1732952161386
1732952161398
1732952161419
1732952161436
1732952161509
1732952161558
1732952161592
1732952161633
1732952161704
1732952161724
1732952161752
1732952161773
1732952161851
1732952161939
1732952161964
1732952162050
1732952162142
1732952162150
1732952162179
1732952162203
1732952162286
1732952162342
1732952162366
1732952162408
1732952162469
1732952162501
1732952162515
1732952162535
1732952162608
1732952162666
1732952162685
1732952162733
1732952162799
1732952162822
1732952162850
1732952162867
1732952162952
1732952162990
1732952163016
1732952163074
1732952163167
1732952163192
1732952163222
1732952163250
1732952163328
1732952163374
1732952163398
1732952163451
1732952163518
1732952163556
1732952163561
1732952163595
1732952163660
1732952163702
1732952163722
1732952163774
1732952163843
1732952163862
1732952163883
1732952163906
1732952163975
1732952164025
1732952164047
1732952164094
1732952164171
1732952164203
1732952164212
1732952164261
1732952164342
1732952164398
1732952164433
1732952164470
1732952164567
1732952164574
1732952164595
1732952164612
1732952164677
1732952164722
1732952164754
1732952164821
1732952164890
1732952164898
1732952164924
1732952164947
1732952165012
1732952165063
1732952165093
1732952165142
1732952165208
1732952165241
1732952165262
1732952165293
1732952165360
1732952165425
1732952165431
1732952165475
1732952165568
1732952165611
1732952165637
1732952165670
1732952165718
1732952165776
1732952165812
1732952165850
1732952165942
1732952165958
1732952165981
1732952166001
1732952166063
1732952166112
1732952166136
1732952166184
1732952166266
1732952166282
1732952166325
1732952166346
1732952166409
1732952166460
1732952166494
1732952166535
1732952166598
1732952166626
1732952166653
1732952166683
1732952166764
1732952166845
1732952166895
1732952167028
1732952167078
1732952167119
1732952167150
1732952167165
1732952167265
1732952167309
1732952167362
1732952167392
1732952167454
1732952167475
1732952167495
1732952167527
1732952167599
1732952167650
1732952167679
1732952167721
1732952167880
1732952167916
1732952167958
1732952167973
1732952168053
1732952168087
1732952168111
1732952168157
1732952168229
1732952168254
1732952168276
1732952168303
1732952168421
1732952168473
1732952168494
1732952168545
1732952168629
1732952168644
1732952168672
1732952168698
1732952168823
1732952168865
1732952168882
1732952168949
1732952169043
1732952169081
1732952169107
1732952169148
1732952169230
1732952169276
1732952169299
1732952169357
1732952169434
1732952169459
1732952169481
1732952169507
1732952169568
1732952169626
1732952169664
1732952169733
1732952169808
1732952169832
1732952169866
1732952169884
1732952169950
1732952170006
1732952170038
1732952170073
1732952170167
1732952170187
1732952170211
1732952170239
1732952170333
1732952170387
1732952170419
1732952170444
1732952170531
1732952170546
1732952170566
1732952170586
1732952170681
1732952170723
1732952170752
1732952170783
1732952170858
1732952170885
1732952170904
1732952170945
1732952171013
1732952171043
1732952171063
1732952171134
1732952171200
1732952171203
1732952171234
1732952171241
1732952171309
1732952171378
1732952171398
1732952171450
1732952171517
1732952171527
1732952171547
1732952171578
1732952171659
1732952171715
1732952171750
1732952171839
1732952171929
1732952171948
1732952171972
1732952171992
1732952172062
1732952172103
1732952172127
1732952172172
1732952172252
1732952172270
1732952172303
1732952172324
1732952172409
1732952172476
1732952172512
1732952172585
1732952172667
1732952172672
1732952172704
1732952172722
1732952172801
1732952172856
1732952172864
1732952172914
1732952173000
1732952173010
1732952173032
1732952173039
1732952173114
1732952173152
1732952173173
1732952173232
1732952173302
1732952173310
1732952173335
1732952173354
1732952173436
1732952173483
1732952173493
1732952173549
1732952173618
1732952173638
1732952173655
1732952173673
1732952173720
1732952173755
1732952173763
1732952173800
1732952173839
1732952173854
1732952173870
1732952173886
1732952173940
1732952173971
1732952173987
1732952174018
1732952174086
1732952174094
1732952174111
1732952174120
1732952174178
1732952174198
1732952174215
1732952174254
1732952174296
1732952174314
1732952174330
1732952174351
1732952174399
1732952174430
1732952174446
1732952174473
1732952174517
1732952174536
1732952174552
1732952174564
1732952174614
1732952174647
1732952174668
1732952174707
1732952174774
1732952174788
1732952174807
1732952174837
1732952174899
1732952174929
1732952174943
1732952174977
1732952175033
1732952175050
1732952175059
1732952175078
1732952175140
1732952175182
1732952175202
1732952175233
1732952175277
1732952175297
1732952175322
1732952175342
1732952175385
1732952175423
1732952175443
1732952175474
1732952175528
1732952175540
1732952175550
1732952175568
1732952175620
1732952175643
1732952175661
1732952175690
1732952175733
1732952175749
1732952175766
1732952175786
1732952175841
1732952175889
1732952175895
1732952175942
1732952175989
1732952176005
1732952176024
1732952176034
1732952176081
1732952176113
1732952176126
1732952176155
1732952176198
1732952176214
1732952176231
1732952176247
1732952176302
1732952176335
1732952176351
1732952176380
1732952176443
1732952176465
1732952176489
1732952176506
1732952176569
1732952176590
1732952176607
1732952176642
1732952176709
1732952176736
1732952176749
1732952176761
1732952176819
1732952176856
1732952176872
1732952176907
1732952176967
1732952176987
1732952177009
1732952177020
1732952177086
1732952177133
1732952177137
1732952177177
1732952177225
1732952177243
1732952177260
1732952177282
1732952177347
1732952177373
1732952177390
1732952177439
1732952177496
1732952177512
1732952177529
1732952177553
1732952177607
1732952177653
1732952177660
1732952177695
1732952177753
1732952177771
1732952177792
1732952177804
1732952177860
1732952177903
1732952177909
1732952177968
1732952178007
1732952178029
1732952178037
1732952178059
1732952178103
1732952178136
1732952178154
1732952178187
1732952178240
1732952178258
1732952178275
1732952178291
1732952178351
1732952178433
1732952178444
1732952178486
1732952178553
1732952178571
1732952178592
1732952178602
1732952178663
1732952178688
1732952178707
1732952178763
1732952178813
1732952178819
1732952178836
1732952178865
1732952178916
1732952178956
1732952178974
1732952179023
1732952179073
1732952179090
1732952179116
1732952179126
1732952179189
1732952179223
1732952179228
1732952179266
1732952179305
1732952179327
1732952179354
1732952179360
1732952179411
1732952179445
1732952179465
1732952179503
1732952179545
1732952179555
1732952179577
1732952179585
1732952179630
1732952179669
1732952179694
1732952179750
1732952179805
1732952179827
1732952179858
1732952179882
1732952179937
1732952179978
1732952179999
1732952180028
1732952180075
1732952180099
1732952180125
1732952180142
1732952180193
1732952180222
1732952180252
1732952180272
1732952180327
1732952180348
1732952180374
1732952180380
1732952180429
1732952180469
1732952180480
1732952180509
1732952180557
1732952180581
1732952180590
1732952180608
1732952180659
1732952180684
1732952180698
1732952180736
1732952180779
1732952180797
1732952180807
1732952180824
1732952180868
1732952180898
1732952180918
1732952180948
1732952180993
1732952181012
1732952181029
1732952181036
1732952181089
1732952181114
1732952181134
1732952181158
1732952181218
1732952181224
1732952181244
1732952181254
1732952181312
1732952181338
1732952181356
1732952181393
1732952181443
1732952181454
1732952181468
1732952181498
1732952181530
1732952181582
1732952181586
1732952181684
1732952181726
1732952181730
1732952181733
1732952181737
1732952181785
1732952181815
1732952181820
1732952181868
1732952181913
1732952181918
1732952181939
1732952181961
1732952181995
1732952182026
1732952182048
1732952182075
1732952182110
1732952182142
1732952182150
1732952182169
1732952182235
1732952182264
1732952182281
1732952182322
1732952182377
1732952182388
1732952182407
1732952182423
1732952182482
1732952182531
1732952182547
1732952182578
1732952182639
1732952182664
1732952182669
1732952182699
1732952182753
1732952182786
1732952182833
1732952182857
1732952182911
1732952182930
1732952182952
1732952182971
1732952183037
1732952183071
1732952183093
1732952183132
1732952183191
1732952183218
1732952183235
1732952183253
1732952183311
1732952183364
1732952183367
1732952183408
1732952183445
1732952183464
1732952183492
1732952183516
1732952183566
1732952183612
1732952183625
1732952183652
1732952183707
1732952183727
1732952183745
1732952183760
1732952183813
1732952183854
1732952183888
1732952183926
1732952183965
1732952183988
1732952184002
1732952184039
1732952184073
1732952184108
1732952184125
1732952184161
1732952184221
1732952184236
1732952184247
1732952184271
1732952184328
1732952184368
1732952184385
1732952184438
1732952184489
1732952184507
1732952184542
1732952184547
1732952184610
1732952184652
1732952184666
1732952184701
1732952184760
1732952184777
1732952184796
1732952184811
1732952184877
1732952184918
1732952184933
1732952184973
1732952185038
1732952185065
1732952185068
1732952185077
1732952185136
1732952185171
1732952185188
1732952185224
1732952185282
1732952185293
1732952185319
1732952185343
1732952185388
1732952185423
1732952185451
1732952185473
1732952185524
1732952185541
1732952185559
1732952185581
1732952185659
1732952185674
1732952185702
1732952185730
1732952185790
1732952185802
1732952185822
1732952185830
1732952185882
1732952185924
1732952185948
1732952185978
1732952186035
1732952186057
1732952186074
1732952186103
1732952186149
1732952186184
1732952186211
1732952186242
1732952186292
1732952186310
1732952186334
1732952186343
1732952186407
1732952186471
1732952186479
1732952186500
1732952186557
1732952186566
1732952186589
1732952186612
1732952186659
1732952186697
1732952186715
1732952186745
1732952186796
1732952186813
1732952186840
1732952186867
1732952186930
1732952186955
1732952186971
1732952187010
1732952187062
1732952187085
1732952187100
1732952187119
1732952187177
1732952187217
1732952187244
1732952187280
1732952187332
1732952187354
1732952187361
1732952187384
1732952187446
1732952187489
1732952187497
1732952187549
1732952187588
1732952187624
1732952187628
1732952187660
1732952187696
1732952187736
1732952187756
1732952187786
1732952187841
1732952187863
1732952187883
1732952187902
1732952187969
1732952188007
1732952188034
1732952188059
1732952188114
1732952188133
1732952188149
1732952188171
1732952188229
1732952188279
1732952188283
1732952188328
1732952188390
1732952188407
1732952188428
1732952188446
1732952188515
1732952188553
1732952188572
1732952188623
1732952188674
1732952188698
1732952188712
1732952188726
1732952188802
1732952188832
1732952188854
1732952188891
1732952188954
1732952188972
1732952188994
1732952189023
1732952189075
1732952189109
1732952189127
1732952189171
1732952189225
1732952189249
1732952189269
1732952189300
1732952189344
1732952189391
1732952189413
1732952189458
1732952189522
1732952189534
1732952189599
1732952189800
1732952190336
1732952190388
1732952190407
1732952190424
1732952190441
1732952190442
1732952190442
1732952190442
1732952190523
1732952190523
1732952190543
1732952190544
1732952190560
1732952190560
1732952190568
1732952190569
1732952190575
1732952190596
1732952190597
1732952190676
1732952190718
1732952190724
1732952190735
1732952190738
1732952190757
1732952190777
1732952190778
1732952190785
1732952190803
1732952190810
1732952190818
1732952190823
1732952190865
1732952190891
1732952190905
1732952190945
1732952191006
1732952191014
1732952191031
1732952191057
1732952191128
1732952191192
1732952191200
1732952191232
1732952191294
1732952191349
1732952191359
1732952191386
1732952191489
1732952191516
1732952191522
1732952191574
1732952191605
1732952191611
1732952191675
1732952191678
1732952191733
1732952191749
1732952191767
1732952191807
1732952191858
1732952191891
1732952191900
1732952191934
1732952191971
1732952192006
1732952192033
1732952192067
1732952192127
1732952192148
1732952192156
1732952192184
1732952192251
1732952192281
1732952192297
1732952192334
1732952192392
1732952192412
1732952192428
1732952192446
1732952192504
1732952192548
1732952192561
1732952192600
1732952192658
1732952192673
1732952192692
1732952192714
1732952192766
1732952192801
1732952192823
1732952192869
1732952192929
1732952192946
1732952192966
1732952192983
1732952193032
1732952193070
1732952193094
1732952193125
1732952193196
1732952193201
1732952193293
1732952193296
1732952193309
