1732901308226
1732901350096
1732901351312
1732901351580
1732901352019
1732901352417
1732901352579
1732901352699
1732901352987
1732901353432
1732901353623
1732901353750
1732901353973
1732901354313
1732901354399
1732901354493
1732901354574
1732901355068
1732901355087
1732901355123
1732901355326
1732901355560
1732901355640
1732901355709
1732901355790
1732901356081
1732901356217
1732901356322
1732901356508
1732901356720
1732901356809
1732901357372
1732901357515
1732901357590
1732901357724
1732901357931
1732901358034
1732901358070
1732901358124
1732901358398
1732901358533
1732901358569
1732901358742
1732901358994
1732901359099
1732901359183
1732901359202
1732901359371
1732901359551
1732901359722
1732901359818
1732901359940
1732901360077
1732901360141
1732901360196
1732901360408
1732901360509
1732901360589
1732901360815
1732901361047
1732901361138
1732901361280
1732901361549
1732901361625
1732901361702
1732901361801
1732901362013
1732901362036
1732901362074
1732901362124
1732901362255
1732901362368
1732901362391
1732901362496
1732901362607
1732901362642
1732901362687
1732901362743
1732901362837
1732901362926
1732901363000
1732901363147
1732901363323
1732901363376
1732901363442
1732901363480
1732901363684
1732901363731
1732901363777
1732901363851
1732901363997
1732901364043
1732901364422
1732901364473
1732901364571
1732901364705
1732901364811
1732901364828
1732901364860
1732901365023
1732901365112
1732901365153
1732901365277
1732901365536
1732901365587
1732901365606
1732901365636
1732901365787
1732901365901
1732901365969
1732901366068
1732901366273
1732901366320
1732901366386
1732901366469
1732901366641
1732901366726
1732901366812
1732901366959
1732901367094
1732901367169
1732901367204
1732901367439
1732901367559
1732901367615
1732901367709
1732901367872
1732901367915
1732901367975
1732901368030
1732901368172
1732901368328
1732901368360
1732901368511
1732901368635
1732901368672
1732901368725
1732901368776
1732901369041
1732901369095
1732901369164
1732901369258
1732901369453
1732901369504
1732901369559
1732901369616
1732901369817
1732901369947
1732901370029
1732901370177
1732901370311
1732901370357
1732901370762
1732901370927
1732901370999
1732901371261
1732901371373
1732901371414
1732901371442
1732901371493
1732901371830
1732901371884
1732901371927
1732901372053
1732901372194
1732901372272
1732901372393
1732901372433
1732901372582
1732901372692
1732901372766
1732901372911
1732901373134
1732901373215
1732901373240
1732901373288
1732901373502
1732901373599
1732901373669
1732901373826
1732901374070
1732901374098
1732901374587
1732901374660
1732901374789
1732901375003
1732901375064
1732901375122
1732901375202
1732901375411
1732901375548
1732901375600
1732901375724
1732901375915
1732901375973
1732901376051
1732901376117
1732901376295
1732901376420
1732901376494
1732901376605
1732901376799
1732901376912
1732901376950
1732901377081
1732901377249
1732901377439
1732901377464
1732901377621
1732901377801
1732901377888
1732901377931
