1732952100734
1732952118322
1732952118417
1732952118477
1732952118651
1732952118781
1732952118841
1732952118866
1732952118909
1732952119031
1732952119126
1732952119142
1732952119215
1732952119383
1732952119447
1732952119455
1732952119461
1732952119557
1732952119607
1732952119628
1732952119690
1732952119776
1732952119793
1732952119839
1732952119869
1732952119971
1732952120004
1732952120022
1732952120058
1732952120129
1732952120144
1732952120167
1732952120189
1732952120253
1732952120307
1732952120347
1732952120383
1732952120468
1732952120487
1732952120512
1732952120535
1732952120608
1732952120662
1732952120692
1732952120748
1732952120823
1732952120840
1732952120854
1732952120878
1732952120945
1732952120995
1732952121014
1732952121058
1732952121121
1732952121143
1732952121169
1732952121181
1732952121238
1732952121272
1732952121289
1732952121325
1732952121388
1732952121420
1732952121441
1732952121462
1732952121518
1732952121561
1732952121571
1732952121608
1732952121669
1732952121689
1732952121708
1732952121726
1732952121791
1732952121839
1732952121855
1732952121918
1732952121967
1732952121982
1732952122003
1732952122077
1732952122137
1732952122182
1732952122191
1732952122258
1732952122297
1732952122314
1732952122349
1732952122361
1732952122419
1732952122454
1732952122486
1732952122520
1732952122588
1732952122606
1732952122623
1732952122639
1732952122728
1732952122752
1732952122775
1732952122817
1732952122875
1732952122902
1732952122921
1732952122941
1732952123018
1732952123041
1732952123051
1732952123086
1732952123145
1732952123189
1732952123200
1732952123219
1732952123271
1732952123335
1732952123356
1732952123381
1732952123429
1732952123447
1732952123463
1732952123489
1732952123528
1732952123558
1732952123584
1732952123640
1732952123694
1732952123700
1732952123733
1732952123762
1732952123813
1732952123853
1732952123860
1732952123897
1732952123958
1732952123962
1732952123974
1732952123993
1732952124069
1732952124102
1732952124118
1732952124160
1732952124211
1732952124250
1732952124266
1732952124278
1732952124376
1732952124409
1732952124415
1732952124436
1732952124479
1732952124497
1732952124513
1732952124528
1732952124577
1732952124608
1732952124628
1732952124671
1732952124749
1732952124787
1732952124817
1732952124883
1732952124948
1732952124989
1732952125009
1732952125057
1732952125111
1732952125130
1732952125147
1732952125166
1732952125223
1732952125256
1732952125273
1732952125317
1732952125364
1732952125379
1732952125400
1732952125421
1732952125465
1732952125497
1732952125514
1732952125549
1732952125596
1732952125611
1732952125630
1732952125642
1732952125710
1732952125777
1732952125796
1732952125843
1732952125893
1732952125907
1732952125925
1732952125945
1732952125998
1732952126029
1732952126059
1732952126082
1732952126139
1732952126168
1732952126172
1732952126194
1732952126245
1732952126287
1732952126296
1732952126353
1732952126378
1732952126393
1732952126422
1732952126437
1732952126498
1732952126533
1732952126537
1732952126573
1732952126626
1732952126632
1732952126657
1732952126666
1732952126727
1732952126779
1732952126805
1732952126838
1732952126909
1732952126914
1732952126950
1732952126974
1732952127056
1732952127096
1732952127114
1732952127149
1732952127200
1732952127206
1732952127221
1732952127240
1732952127305
1732952127347
1732952127367
1732952127410
1732952127484
1732952127499
1732952127517
1732952127541
1732952127585
1732952127620
1732952127636
1732952127688
1732952127720
1732952127732
1732952127749
1732952127767
1732952127834
1732952127880
1732952127900
1732952127941
1732952127993
1732952128010
1732952128026
1732952128045
1732952128092
1732952128122
1732952128152
1732952128180
1732952128223
1732952128236
1732952128253
1732952128273
1732952128325
1732952128357
1732952128380
1732952128404
1732952128446
1732952128467
1732952128486
1732952128517
1732952128545
1732952128590
1732952128606
1732952128640
1732952128681
1732952128697
1732952128710
1732952128728
1732952128796
1732952128843
1732952128861
1732952128908
1732952128983
1732952128997
1732952129014
1732952129030
1732952129073
1732952129100
1732952129134
1732952129167
1732952129207
1732952129217
1732952129231
1732952129253
1732952129292
1732952129334
1732952129353
1732952129376
1732952129413
1732952129443
1732952129449
1732952129479
1732952129511
1732952129539
1732952129557
1732952129582
1732952129634
1732952129652
1732952129669
1732952129686
1732952129738
1732952129771
1732952129787
1732952129820
1732952129876
1732952129896
1732952129910
1732952129926
1732952129967
1732952129999
1732952130013
1732952130047
1732952130096
1732952130108
1732952130130
1732952130147
1732952130189
1732952130221
1732952130238
1732952130275
1732952130322
1732952130336
1732952130351
1732952130363
1732952130401
1732952130429
1732952130444
1732952130477
1732952130514
1732952130529
1732952130544
1732952130558
1732952130604
1732952130636
1732952130650
1732952130680
1732952130727
1732952130741
1732952130758
1732952130776
1732952130836
1732952130869
1732952130887
1732952130944
1732952131007
1732952131011
1732952131044
1732952131065
1732952131102
1732952131135
1732952131152
1732952131182
1732952131232
1732952131251
1732952131269
1732952131283
1732952131338
1732952131368
1732952131382
1732952131409
1732952131453
1732952131466
1732952131486
1732952131510
1732952131539
1732952131568
1732952131584
1732952131612
1732952131658
1732952131672
1732952131686
1732952131703
1732952131745
1732952131771
1732952131786
1732952131819
1732952131858
1732952131872
1732952131888
1732952131900
1732952131945
1732952131972
1732952131996
1732952132015
1732952132057
1732952132076
1732952132095
1732952132100
1732952132140
1732952132167
1732952132184
1732952132210
1732952132257
1732952132268
1732952132280
1732952132294
1732952132339
1732952132374
1732952132380
1732952132410
1732952132453
1732952132467
1732952132481
1732952132494
1732952132538
1732952132568
1732952132580
1732952132611
1732952132653
1732952132664
1732952132682
1732952132699
1732952132740
1732952132767
1732952132773
1732952132803
1732952132850
1732952132862
1732952132872
1732952132890
1732952132930
1732952132969
1732952132974
1732952133002
1732952133040
1732952133055
1732952133072
1732952133086
1732952133128
1732952133159
1732952133171
1732952133206
1732952133242
1732952133259
1732952133271
1732952133286
1732952133333
1732952133358
1732952133374
1732952133406
1732952133450
1732952133466
1732952133479
1732952133490
1732952133558
1732952133595
1732952133614
1732952133654
1732952133713
1732952133737
1732952133763
1732952133782
1732952133841
1732952133875
1732952133891
1732952133931
1732952133972
1732952133991
1732952134006
1732952134015
1732952134061
1732952134094
1732952134117
1732952134199
1732952134268
1732952134289
1732952134335
1732952134359
1732952134405
1732952134445
1732952134459
1732952134500
1732952134573
1732952134594
1732952134611
1732952134627
1732952134685
1732952134712
1732952134744
1732952134783
1732952134907
1732952134937
1732952134959
1732952134972
1732952135022
1732952135057
1732952135072
1732952135114
1732952135165
1732952135202
1732952135232
1732952135254
1732952135304
1732952135339
1732952135353
1732952135388
1732952135441
1732952135473
1732952135505
1732952135525
1732952135576
1732952135605
1732952135624
1732952135656
1732952135696
1732952135717
1732952135731
1732952135741
1732952135806
1732952135858
1732952135866
1732952135906
1732952135971
1732952135992
1732952136013
1732952136043
1732952136077
1732952136114
1732952136155
1732952136173
1732952136209
1732952136229
1732952136233
1732952136249
1732952136308
1732952136327
1732952136346
1732952136373
1732952136425
1732952136432
1732952136446
1732952136461
1732952136505
1732952136538
1732952136551
1732952136579
1732952136620
1732952136635
1732952136658
1732952136672
1732952136715
1732952136742
1732952136756
1732952136789
1732952136822
1732952136836
1732952136853
1732952136865
1732952136915
1732952136942
1732952136957
1732952136991
1732952137032
1732952137049
1732952137063
1732952137076
1732952137119
1732952137152
1732952137175
1732952137195
1732952137237
1732952137252
1732952137269
1732952137275
1732952137330
1732952137360
1732952137386
1732952137424
1732952137452
1732952137469
1732952137492
1732952137500
1732952137550
1732952137580
1732952137598
1732952137617
1732952137669
1732952137683
1732952137713
1732952137719
1732952137762
1732952137798
1732952137805
1732952137834
1732952137888
1732952137893
1732952137915
1732952137922
1732952137962
1732952138006
1732952138010
1732952138037
1732952138073
1732952138098
1732952138103
1732952138114
1732952138166
1732952138196
1732952138200
1732952138227
1732952138267
1732952138284
1732952138300
1732952138310
1732952138361
1732952138394
1732952138422
1732952138437
1732952138488
1732952138502
1732952138516
1732952138526
1732952138569
1732952138597
1732952138616
1732952138639
1732952138686
1732952138725
1732952138728
1732952138745
1732952138810
1732952138854
1732952138878
1732952138913
1732952138977
1732952139002
1732952139018
1732952139042
1732952139102
1732952139119
1732952139136
1732952139168
1732952139204
1732952139227
1732952139233
1732952139251
1732952139295
1732952139319
1732952139331
1732952139358
1732952139400
1732952139414
1732952139430
1732952139451
1732952139488
1732952139523
1732952139527
1732952139554
1732952139598
1732952139611
1732952139628
1732952139642
1732952139692
1732952139715
1732952139735
1732952139767
1732952139814
1732952139821
1732952139839
1732952139872
1732952139909
1732952139935
1732952139960
1732952139986
1732952140020
1732952140043
1732952140048
1732952140075
1732952140107
1732952140140
1732952140147
1732952140180
1732952140225
1732952140236
1732952140263
1732952140268
1732952140327
1732952140344
1732952140376
1732952140407
1732952140437
1732952140465
1732952140470
1732952140477
1732952140528
1732952140550
1732952140563
1732952140594
1732952140648
1732952140653
1732952140667
1732952140680
1732952140744
1732952140777
1732952140796
1732952140821
1732952140871
1732952140885
1732952140900
1732952140917
1732952140959
1732952141003
1732952141026
1732952141078
1732952141147
1732952141198
1732952141220
1732952141227
1732952141304
1732952141331
1732952141334
1732952141367
1732952141448
1732952141477
1732952141498
1732952141506
1732952141586
1732952141626
1732952141635
1732952141674
1732952141742
1732952141749
1732952141775
1732952141785
1732952141846
1732952141882
1732952141907
1732952141945
1732952141996
1732952142017
1732952142029
1732952142048
1732952142095
1732952142126
1732952142131
1732952142168
1732952142210
1732952142217
1732952142245
1732952142249
1732952142290
1732952142334
1732952142339
1732952142368
1732952142424
1732952142430
1732952142452
1732952142458
1732952142508
1732952142525
1732952142540
1732952142585
1732952142646
1732952142665
1732952142676
1732952142700
1732952142758
1732952142799
1732952142814
1732952142848
1732952142906
1732952142936
1732952142955
1732952142975
1732952143028
1732952143058
1732952143075
1732952143111
1732952143156
1732952143176
1732952143199
1732952143220
1732952143280
1732952143326
1732952143350
1732952143379
1732952143422
1732952143455
1732952143463
1732952143488
1732952143548
1732952143591
1732952143625
1732952143643
1732952143688
1732952143715
1732952143719
1732952143730
1732952143784
1732952143813
1732952143818
1732952143857
1732952143891
1732952143916
1732952143920
1732952143933
1732952143979
1732952144016
1732952144021
1732952144048
1732952144090
1732952144109
1732952144133
1732952144138
1732952144178
1732952144206
1732952144228
1732952144258
1732952144291
1732952144317
1732952144323
1732952144347
1732952144387
1732952144415
1732952144421
1732952144450
1732952144492
1732952144515
1732952144522
1732952144540
1732952144586
1732952144617
1732952144622
1732952144652
1732952144706
1732952144713
1732952144736
1732952144740
1732952144794
1732952144811
1732952144837
1732952144858
1732952144907
1732952144917
1732952144935
1732952144946
1732952144990
1732952145021
1732952145034
1732952145073
1732952145115
1732952145120
1732952145132
1732952145148
1732952145187
1732952145216
1732952145239
1732952145258
1732952145307
1732952145330
1732952145335
1732952145346
1732952145388
1732952145415
1732952145438
1732952145459
1732952145504
1732952145514
1732952145538
1732952145559
1732952145625
1732952145665
1732952145691
1732952145738
1732952145772
1732952145796
1732952145802
1732952145828
1732952145889
1732952145924
1732952145949
1732952145989
1732952146039
1732952146048
1732952146067
1732952146078
1732952146137
1732952146179
1732952146211
1732952146253
1732952146306
1732952146331
1732952146344
1732952146357
1732952146419
1732952146464
1732952146493
1732952146515
1732952146588
1732952146604
1732952146621
1732952146630
1732952146677
1732952146710
1732952146724
1732952146765
1732952146826
1732952146838
1732952146856
1732952146876
1732952146931
1732952146970
1732952146985
1732952147020
1732952147063
1732952147079
1732952147092
1732952147106
1732952147150
1732952147177
1732952147191
1732952147218
1732952147261
1732952147275
1732952147290
1732952147304
1732952147375
1732952147413
1732952147439
1732952147478
1732952147520
1732952147541
1732952147565
1732952147570
1732952147635
1732952147677
1732952147695
1732952147746
1732952147790
1732952147809
1732952147831
1732952147840
1732952147888
1732952147921
1732952147947
1732952147976
1732952148044
1732952148053
1732952148075
1732952148095
1732952148157
1732952148192
1732952148218
1732952148257
1732952148336
1732952148349
1732952148383
1732952148416
1732952148502
1732952148570
1732952148582
1732952148626
1732952148707
1732952148713
1732952148726
1732952148758
1732952148807
1732952148842
1732952148876
1732952148908
1732952148962
1732952148985
1732952149037
1732952149055
1732952149115
1732952149157
1732952149195
1732952149284
1732952149366
1732952149394
1732952149416
1732952149431
1732952149494
1732952149547
1732952149565
1732952149603
1732952149685
1732952149717
1732952149722
1732952149741
1732952149790
1732952149825
1732952149848
1732952149885
1732952149941
1732952149962
1732952149983
1732952150025
1732952150066
1732952150137
1732952150141
1732952150191
1732952150272
1732952150301
1732952150379
1732952150420
1732952150528
1732952150569
1732952150587
1732952150656
1732952150726
1732952150769
1732952150791
1732952150812
1732952150874
1732952150906
1732952150929
1732952150964
1732952151013
1732952151036
1732952151041
1732952151058
1732952151114
1732952151152
1732952151175
1732952151213
1732952151291
1732952151319
1732952151346
1732952151359
1732952151413
1732952151466
1732952151494
1732952151526
1732952151600
1732952151621
1732952151635
1732952151640
1732952151741
1732952151775
1732952151805
1732952151842
1732952151915
1732952151921
1732952151934
1732952151945
1732952151998
1732952152061
1732952152098
1732952152147
1732952152211
1732952152242
1732952152261
1732952152291
1732952152322
1732952152362
1732952152385
1732952152433
1732952152482
1732952152508
1732952152527
1732952152552
1732952152637
1732952152692
1732952152713
1732952152755
1732952152823
1732952152838
1732952152863
1732952152878
1732952152939
1732952152976
1732952153001
1732952153035
1732952153092
1732952153111
1732952153124
1732952153142
1732952153182
1732952153213
1732952153224
1732952153253
1732952153306
1732952153325
1732952153338
1732952153349
1732952153400
1732952153432
1732952153444
1732952153474
1732952153522
1732952153536
1732952153553
1732952153569
1732952153642
1732952153668
1732952153687
1732952153731
1732952153783
1732952153791
1732952153807
1732952153829
1732952153897
1732952153935
1732952153949
1732952153991
1732952154044
1732952154049
1732952154068
1732952154096
1732952154133
1732952154163
1732952154178
1732952154207
1732952154250
1732952154268
1732952154280
1732952154297
1732952154342
1732952154373
1732952154386
1732952154417
1732952154466
1732952154480
1732952154493
1732952154505
1732952154548
1732952154578
1732952154597
1732952154638
1732952154689
1732952154701
1732952154718
1732952154743
1732952154798
1732952154825
1732952154830
1732952154867
1732952154914
1732952154936
1732952154945
1732952154966
1732952155009
1732952155047
1732952155068
1732952155116
1732952155186
1732952155200
1732952155229
1732952155256
1732952155291
1732952155326
1732952155340
1732952155432
1732952155465
1732952155482
1732952155493
1732952155512
1732952155553
1732952155583
1732952155601
1732952155645
1732952155701
1732952155722
1732952155747
1732952155802
1732952155856
1732952155882
1732952155903
1732952155934
1732952155989
1732952156013
1732952156030
1732952156041
1732952156102
1732952156127
1732952156145
1732952156188
1732952156235
1732952156252
1732952156261
1732952156277
1732952156320
1732952156356
1732952156362
1732952156398
1732952156439
1732952156456
1732952156463
1732952156479
1732952156535
1732952156582
1732952156601
1732952156643
1732952156698
1732952156721
1732952156740
1732952156757
1732952156808
1732952156831
1732952156847
1732952156874
1732952156922
1732952156940
1732952156946
1732952156962
1732952157007
1732952157032
1732952157047
1732952157075
1732952157121
1732952157137
1732952157158
1732952157174
1732952157219
1732952157259
1732952157265
1732952157299
1732952157356
1732952157360
1732952157376
1732952157382
1732952157424
1732952157454
1732952157470
1732952157501
1732952157539
1732952157552
1732952157567
1732952157585
1732952157636
1732952157658
1732952157672
1732952157698
1732952157737
1732952157753
1732952157768
1732952157784
1732952157828
1732952157855
1732952157868
1732952157895
1732952157934
1732952157957
1732952157975
1732952157981
1732952158023
1732952158064
1732952158082
1732952158120
1732952158194
1732952158212
1732952158246
1732952158252
1732952158318
1732952158341
1732952158358
1732952158396
1732952158438
1732952158455
1732952158476
1732952158486
1732952158538
1732952158559
1732952158578
1732952158602
1732952158651
1732952158665
1732952158682
1732952158688
1732952158735
1732952158779
1732952158797
1732952158850
1732952158919
1732952158936
1732952158954
1732952158966
1732952159017
1732952159054
1732952159064
1732952159095
1732952159153
1732952159159
1732952159191
1732952159207
1732952159268
1732952159303
1732952159328
1732952159353
1732952159401
1732952159420
1732952159435
1732952159453
1732952159497
1732952159535
1732952159548
1732952159577
1732952159628
1732952159646
1732952159657
1732952159671
1732952159719
1732952159749
1732952159766
1732952159796
1732952159870
1732952159896
1732952159923
1732952159953
1732952160055
1732952160111
1732952160147
1732952160219
1732952160317
1732952160356
1732952160384
1732952160411
1732952160478
1732952160529
1732952160551
1732952160592
1732952160662
1732952160681
1732952160708
1732952160727
1732952160793
1732952160838
1732952160860
1732952160906
1732952160987
1732952161009
1732952161032
1732952161054
1732952161157
1732952161243
1732952161287
1732952161301
1732952161374
1732952161400
1732952161419
1732952161439
1732952161520
1732952161559
1732952161587
1732952161637
1732952161702
1732952161736
1732952161751
1732952161774
1732952161852
1732952161908
1732952161936
1732952162025
1732952162114
1732952162143
1732952162177
1732952162206
1732952162294
1732952162331
1732952162360
1732952162405
1732952162473
1732952162501
1732952162514
1732952162535
1732952162609
1732952162656
1732952162677
1732952162727
1732952162795
1732952162819
1732952162840
1732952162867
1732952162941
1732952162990
1732952163017
1732952163087
1732952163167
1732952163192
1732952163218
1732952163245
1732952163320
1732952163367
1732952163394
1732952163441
1732952163512
1732952163543
1732952163563
1732952163584
1732952163663
1732952163705
1732952163726
1732952163770
1732952163841
1732952163863
1732952163886
1732952163909
1732952163980
1732952164029
1732952164057
1732952164098
1732952164177
1732952164197
1732952164228
1732952164253
1732952164366
1732952164390
1732952164411
1732952164462
1732952164535
1732952164559
1732952164583
1732952164607
1732952164685
1732952164723
1732952164749
1732952164800
1732952164875
1732952164922
1732952164926
1732952164964
1732952165016
1732952165061
1732952165095
1732952165163
1732952165209
1732952165253
1732952165260
1732952165285
1732952165358
1732952165407
1732952165427
1732952165474
1732952165581
1732952165605
1732952165637
1732952165652
1732952165728
1732952165772
1732952165800
1732952165856
1732952165932
1732952165959
1732952165977
1732952165998
1732952166068
1732952166114
1732952166140
1732952166188
1732952166259
1732952166281
1732952166312
1732952166330
1732952166398
1732952166450
1732952166475
1732952166532
1732952166600
1732952166632
1732952166659
1732952166679
1732952166757
1732952166872
1732952166885
1732952166957
1732952167078
1732952167129
1732952167146
1732952167168
1732952167250
1732952167305
1732952167327
1732952167380
1732952167453
1732952167479
1732952167505
1732952167524
1732952167604
1732952167635
1732952167662
1732952167716
1732952167884
1732952167932
1732952167956
1732952167974
1732952168041
1732952168083
1732952168112
1732952168170
1732952168228
1732952168253
1732952168283
1732952168304
1732952168411
1732952168468
1732952168494
1732952168552
1732952168617
1732952168649
1732952168668
1732952168699
1732952168787
1732952168853
1732952168895
1732952168947
1732952169044
1732952169082
1732952169114
1732952169136
1732952169244
1732952169286
1732952169298
1732952169362
1732952169434
1732952169447
1732952169480
1732952169509
1732952169572
1732952169625
1732952169643
1732952169709
1732952169806
1732952169837
1732952169860
1732952169882
1732952169949
1732952170003
1732952170022
1732952170078
1732952170163
1732952170196
1732952170226
1732952170261
1732952170332
1732952170366
1732952170400
1732952170458
1732952170520
1732952170543
1732952170576
1732952170597
1732952170664
1732952170732
1732952170743
1732952170791
1732952170850
1732952170880
1732952170901
1732952170953
1732952171026
1732952171040
1732952171060
1732952171108
1732952171169
1732952171194
1732952171218
1732952171272
1732952171326
1732952171366
1732952171393
1732952171437
1732952171506
1732952171528
1732952171546
1732952171566
1732952171639
1732952171716
1732952171751
1732952171836
1732952171921
1732952171943
1732952171967
1732952171987
1732952172068
1732952172102
1732952172129
1732952172171
1732952172253
1732952172269
1732952172290
1732952172334
1732952172405
1732952172478
1732952172509
1732952172565
1732952172653
1732952172673
1732952172693
1732952172719
1732952172803
1732952172839
1732952172865
1732952172916
1732952172973
1732952172996
1732952173022
1732952173045
1732952173111
1732952173168
1732952173204
1732952173220
1732952173289
1732952173319
1732952173340
1732952173365
1732952173421
1732952173480
1732952173498
1732952173545
1732952173623
1732952173634
1732952173654
1732952173669
1732952173716
1732952173745
1732952173762
1732952173794
1732952173841
1732952173856
1732952173873
1732952173887
1732952173941
1732952173974
1732952173989
1732952174019
1732952174082
1732952174088
1732952174104
1732952174120
1732952174170
1732952174202
1732952174216
1732952174253
1732952174300
1732952174317
1732952174336
1732952174354
1732952174395
1732952174425
1732952174451
1732952174476
1732952174527
1732952174542
1732952174553
1732952174581
1732952174617
1732952174662
1732952174668
1732952174716
1732952174780
1732952174794
1732952174817
1732952174826
1732952174897
1732952174925
1732952174956
1732952174977
1732952175031
1732952175051
1732952175057
1732952175078
1732952175139
1732952175180
1732952175190
1732952175225
1732952175284
1732952175296
1732952175325
1732952175332
1732952175386
1732952175420
1732952175444
1732952175475
1732952175516
1732952175546
1732952175551
1732952175574
1732952175612
1732952175641
1732952175673
1732952175684
1732952175730
1732952175755
1732952175762
1732952175784
1732952175852
1732952175887
1732952175893
1732952175945
1732952175986
1732952176012
1732952176019
1732952176044
1732952176080
1732952176109
1732952176133
1732952176165
1732952176200
1732952176231
1732952176237
1732952176247
1732952176296
1732952176331
1732952176355
1732952176426
1732952176455
1732952176484
1732952176488
1732952176507
1732952176554
1732952176602
1732952176607
1732952176642
1732952176709
1732952176742
1732952176750
1732952176783
1732952176819
1732952176857
1732952176878
1732952176908
1732952176968
1732952176987
1732952177005
1732952177022
1732952177075
1732952177126
1732952177134
1732952177169
1732952177225
1732952177244
1732952177268
1732952177279
1732952177336
1732952177374
1732952177395
1732952177429
1732952177492
1732952177544
1732952177551
1732952177556
1732952177606
1732952177648
1732952177665
1732952177706
1732952177753
1732952177775
1732952177794
1732952177809
1732952177874
1732952177899
1732952177912
1732952177948
1732952177991
1732952178016
1732952178027
1732952178053
1732952178102
1732952178143
1732952178151
1732952178193
1732952178244
1732952178256
1732952178285
1732952178291
1732952178345
1732952178405
1732952178426
1732952178482
1732952178543
1732952178570
1732952178580
1732952178628
1732952178679
1732952178695
1732952178716
1732952178747
1732952178796
1732952178813
1732952178835
1732952178863
1732952178914
1732952178968
1732952178974
1732952179010
1732952179073
1732952179098
1732952179113
1732952179130
1732952179183
1732952179217
1732952179230
1732952179264
1732952179312
1732952179333
1732952179352
1732952179362
1732952179413
1732952179445
1732952179461
1732952179498
1732952179543
1732952179557
1732952179572
1732952179587
1732952179633
1732952179668
1732952179695
1732952179752
1732952179816
1732952179827
1732952179850
1732952179878
1732952179937
1732952179969
1732952179987
1732952180023
1732952180070
1732952180103
1732952180135
1732952180139
1732952180192
1732952180227
1732952180243
1732952180277
1732952180324
1732952180346
1732952180363
1732952180378
1732952180441
1732952180464
1732952180483
1732952180517
1732952180572
1732952180578
1732952180598
1732952180621
1732952180655
1732952180693
1732952180698
1732952180733
1732952180793
1732952180798
1732952180806
1732952180825
1732952180875
1732952180905
1732952180912
1732952180946
1732952180990
1732952181015
1732952181020
1732952181035
1732952181093
1732952181123
1732952181129
1732952181167
1732952181205
1732952181221
1732952181239
1732952181254
1732952181305
1732952181359
1732952181363
1732952181398
1732952181438
1732952181452
1732952181468
1732952181483
1732952181533
1732952181564
1732952181584
1732952181639
1732952181682
1732952181704
1732952181718
1732952181733
1732952181782
1732952181810
1732952181824
1732952181855
1732952181899
1732952181912
1732952181927
1732952181941
1732952181989
1732952182022
1732952182035
1732952182067
1732952182117
1732952182132
1732952182153
1732952182177
1732952182238
1732952182282
1732952182288
1732952182316
1732952182374
1732952182388
1732952182408
1732952182425
1732952182488
1732952182529
1732952182551
1732952182574
1732952182626
1732952182646
1732952182666
1732952182695
1732952182762
1732952182787
1732952182828
1732952182865
1732952182919
1732952182942
1732952182968
1732952182992
1732952183044
1732952183073
1732952183097
1732952183131
1732952183187
1732952183202
1732952183240
1732952183246
1732952183298
1732952183339
1732952183355
1732952183399
1732952183449
1732952183468
1732952183492
1732952183537
1732952183570
1732952183598
1732952183617
1732952183651
1732952183717
1732952183728
1732952183744
1732952183760
1732952183811
1732952183854
1732952183878
1732952183912
1732952183978
1732952183982
1732952184003
1732952184024
1732952184073
1732952184110
1732952184128
1732952184164
1732952184214
1732952184230
1732952184253
1732952184266
1732952184335
1732952184387
1732952184397
1732952184433
1732952184485
1732952184503
1732952184524
1732952184545
1732952184610
1732952184646
1732952184664
1732952184709
1732952184758
1732952184775
1732952184796
1732952184809
1732952184874
1732952184922
1732952184943
1732952184973
1732952185038
1732952185047
1732952185069
1732952185079
1732952185140
1732952185175
1732952185192
1732952185225
1732952185289
1732952185295
1732952185327
1732952185362
1732952185389
1732952185422
1732952185439
1732952185474
1732952185525
1732952185540
1732952185560
1732952185592
1732952185629
1732952185670
1732952185692
1732952185728
1732952185792
1732952185802
1732952185816
1732952185830
1732952185891
1732952185919
1732952185943
1732952185985
1732952186039
1732952186068
1732952186074
1732952186092
1732952186152
1732952186187
1732952186206
1732952186253
1732952186288
1732952186314
1732952186328
1732952186343
1732952186400
1732952186433
1732952186456
1732952186494
1732952186543
1732952186562
1732952186584
1732952186604
1732952186664
1732952186698
1732952186710
1732952186747
1732952186796
1732952186816
1732952186832
1732952186850
1732952186921
1732952186955
1732952186971
1732952187006
1732952187070
1732952187079
1732952187097
1732952187124
1732952187176
1732952187217
1732952187236
1732952187274
1732952187333
1732952187344
1732952187394
1732952187397
1732952187445
1732952187483
1732952187499
1732952187534
1732952187589
1732952187614
1732952187636
1732952187642
1732952187723
1732952187736
1732952187763
1732952187787
1732952187841
1732952187885
1732952187894
1732952187903
1732952187979
1732952188005
1732952188025
1732952188059
1732952188124
1732952188150
1732952188155
1732952188182
1732952188226
1732952188267
1732952188286
1732952188325
1732952188395
1732952188417
1732952188431
1732952188446
1732952188530
1732952188555
1732952188572
1732952188611
1732952188669
1732952188686
1732952188706
1732952188732
1732952188796
1732952188832
1732952188859
1732952188893
1732952188984
1732952188988
1732952189008
1732952189023
1732952189102
1732952189110
1732952189130
1732952189163
1732952189228
1732952189241
1732952189264
1732952189299
1732952189343
1732952189390
1732952189412
1732952189460
1732952189525
1732952189555
1732952189559
1732952189575
1732952189655
1732952189679
1732952189703
1732952189746
1732952189803
1732952189822
1732952189848
1732952189866
1732952189932
1732952189972
1732952189995
1732952190039
1732952190122
1732952190146
1732952190153
1732952190173
1732952190241
1732952190275
1732952190297
1732952190343
1732952190409
1732952190435
1732952190455
1732952190484
1732952190552
1732952190599
1732952190615
1732952190652
1732952190715
1732952190730
1732952190748
1732952190770
1732952190841
1732952190880
1732952190895
1732952190935
1732952191009
1732952191014
1732952191041
1732952191054
1732952191119
1732952191159
