1732908260746
1732908278925
1732908279121
1732908279191
1732908279349
1732908279597
1732908279643
1732908279725
1732908279789
1732908280081
1732908280195
1732908280256
1732908280365
1732908280515
1732908280614
1732908280728
1732908280855
1732908281112
1732908281197
1732908281362
1732908281753
1732908281991
1732908282062
1732908282150
1732908282300
1732908282498
1732908282637
1732908282693
1732908282877
1732908283092
1732908283160
1732908283225
1732908283267
1732908283435
1732908283538
1732908283568
1732908283683
1732908283947
1732908283975
1732908284048
1732908284085
1732908284223
1732908284315
1732908284359
1732908284486
1732908284689
1732908284743
1732908284779
1732908284854
1732908285105
1732908285318
1732908285444
1732908285534
1732908285663
1732908285713
1732908285791
1732908285859
1732908286106
1732908286466
1732908286540
1732908286685
1732908286794
1732908286883
1732908286953
1732908287072
1732908287374
1732908287651
1732908287732
1732908287917
1732908288086
1732908288154
1732908288199
1732908288252
1732908288406
1732908288518
1732908288578
1732908288672
1732908288854
1732908288904
1732908288993
1732908289001
1732908289181
1732908289297
1732908289382
1732908289518
1732908289731
1732908289797
1732908289879
1732908289962
1732908290121
1732908290193
1732908290253
1732908290315
1732908290437
1732908290503
1732908290519
1732908290560
1732908290841
1732908290898
1732908290924
1732908290946
1732908291065
1732908291108
1732908291115
1732908291147
1732908291292
1732908291372
1732908291403
1732908291481
1732908291578
1732908291607
1732908291633
1732908291668
1732908291801
1732908291859
1732908291889
1732908291973
1732908292122
1732908292154
1732908292205
1732908292243
1732908292398
1732908292473
1732908292520
1732908292676
1732908292826
1732908292917
1732908293002
1732908293145
1732908293273
1732908293472
1732908293504
1732908293643
1732908293813
1732908293855
1732908293905
1732908293962
1732908294096
1732908294182
1732908294218
1732908294330
1732908294516
1732908294594
1732908294629
1732908294681
1732908294815
1732908294905
1732908294948
1732908295034
1732908295162
1732908295209
1732908295239
1732908295362
1732908295400
1732908295481
1732908295565
1732908295643
1732908295812
1732908295866
1732908295884
1732908295932
1732908296043
1732908296131
1732908296212
1732908296280
1732908296419
1732908296472
1732908296484
1732908296526
1732908296781
1732908296819
1732908296865
1732908296928
1732908297049
1732908297079
1732908297112
1732908297144
1732908297258
1732908297352
1732908297379
1732908297441
1732908297580
1732908297589
1732908297659
1732908297671
1732908297811
1732908297919
1732908297945
1732908298043
1732908298127
1732908298172
1732908298203
1732908298263
1732908298414
1732908298483
1732908298502
1732908298664
1732908298764
1732908298802
1732908298835
1732908298865
1732908298965
1732908299040
1732908299077
1732908299151
1732908299243
1732908299273
1732908299315
1732908299348
1732908299472
1732908299548
1732908299576
1732908299643
1732908299758
1732908299791
1732908299840
1732908299891
1732908300020
1732908300056
1732908300098
1732908300188
1732908300286
1732908300330
1732908300350
1732908300387
1732908300510
1732908300582
1732908300637
1732908300696
1732908300819
1732908300864
1732908300967
1732908301116
1732908301193
1732908301267
1732908301304
1732908301378
1732908301498
1732908301522
1732908301554
1732908301590
1732908301688
1732908301762
1732908301793
1732908301862
1732908301971
1732908302001
1732908302035
1732908302073
1732908302205
1732908302259
1732908302300
1732908302370
1732908302463
1732908302509
1732908302561
1732908302579
1732908302720
1732908302788
1732908302810
1732908302873
1732908302976
1732908303009
1732908303042
1732908303086
1732908303205
1732908303265
1732908303297
1732908303392
1732908303481
1732908303511
1732908303562
1732908303595
1732908303704
1732908303790
1732908303819
1732908303896
1732908304005
1732908304042
1732908304082
1732908304116
1732908304230
1732908304304
1732908304323
1732908304400
1732908304540
1732908304555
1732908304622
1732908304720
1732908304831
1732908304904
1732908305021
1732908305126
1732908305235
1732908305269
1732908305306
1732908305368
1732908305450
1732908305584
1732908305636
1732908305720
1732908305884
1732908305911
1732908305965
1732908305995
1732908306130
1732908306250
1732908306258
1732908306309
1732908306403
1732908306453
1732908306475
1732908306520
1732908306654
1732908306712
1732908306745
1732908306834
1732908306945
1732908306990
1732908307024
1732908307066
1732908307184
1732908307260
1732908307292
1732908307353
1732908307456
1732908307491
1732908307537
1732908307572
1732908307692
1732908307762
1732908307800
1732908307865
1732908307968
1732908308009
1732908308062
1732908308074
1732908308190
1732908308279
1732908308308
1732908308367
1732908308494
1732908308527
1732908308580
1732908308644
1732908308739
1732908308864
1732908308872
1732908308951
1732908309130
1732908309139
1732908309175
1732908309220
1732908309346
1732908309419
1732908309459
1732908309547
1732908309671
1732908309720
1732908309745
1732908309777
1732908309893
1732908309961
1732908310032
1732908310096
1732908310205
1732908310238
1732908310273
1732908310309
1732908310421
1732908310486
1732908310533
1732908310606
1732908310701
1732908310739
1732908310782
1732908310814
1732908310940
1732908311029
1732908311065
1732908311111
1732908311219
1732908311248
1732908311290
1732908311323
1732908311440
1732908311534
1732908311585
1732908311684
1732908311820
1732908311847
1732908311927
1732908311953
1732908312082
1732908312160
1732908312204
1732908312313
1732908312385
1732908312426
1732908312498
1732908312509
1732908312600
1732908312672
1732908312712
1732908312802
1732908312962
1732908313025
1732908313109
1732908313155
1732908313309
1732908313415
1732908313435
1732908313534
1732908313633
1732908313669
1732908313713
1732908313750
1732908313907
1732908314006
1732908314072
1732908314156
1732908314359
1732908314427
1732908314453
1732908314487
1732908314619
1732908314725
1732908314783
1732908314880
1732908315019
1732908315042
1732908315082
1732908315113
1732908315230
1732908315306
1732908315317
1732908315386
1732908315491
1732908315512
1732908315560
1732908315575
1732908315678
1732908315758
1732908315778
1732908315837
1732908315958
1732908316016
1732908316079
1732908316136
1732908316269
1732908316356
1732908316402
1732908316512
1732908316631
1732908316660
1732908316702
1732908316735
1732908316835
1732908316971
1732908317012
1732908317079
1732908317221
1732908317252
1732908317272
1732908317301
1732908317428
1732908317463
1732908317492
1732908317569
1732908317659
1732908317694
1732908317724
1732908317779
1732908317869
1732908317953
1732908317988
1732908318083
1732908318172
1732908318186
1732908318215
1732908318261
1732908318404
1732908318457
1732908318488
1732908318566
1732908318667
1732908318701
1732908318735
1732908318762
1732908318862
1732908318935
1732908318962
1732908319034
1732908319181
1732908319230
1732908319282
1732908319349
1732908319468
1732908319552
1732908319585
1732908319638
1732908319718
1732908319746
1732908319792
1732908319834
1732908319919
1732908319996
1732908320025
1732908320104
1732908320192
1732908320236
1732908320286
1732908320483
1732908320625
1732908320720
1732908320794
1732908320894
1732908321071
1732908321079
1732908321130
1732908321312
1732908321461
1732908321571
1732908321599
1732908321693
1732908321861
1732908321874
1732908321919
1732908321970
1732908322119
1732908322236
1732908322287
1732908322380
1732908322512
1732908322582
1732908322613
1732908322664
1732908322778
1732908322870
1732908322942
1732908323029
1732908323170
1732908323204
1732908323271
1732908323309
1732908323453
1732908323563
1732908323611
1732908323696
1732908323844
1732908323890
1732908323930
1732908323979
1732908324113
1732908324198
1732908324245
1732908324346
1732908324481
1732908324522
1732908324575
1732908324714
1732908324856
1732908325000
1732908325061
1732908325151
1732908325301
1732908325318
1732908325366
1732908325429
1732908325575
1732908325720
1732908325785
1732908325878
1732908326012
1732908326045
1732908326112
1732908326131
1732908326249
1732908326379
1732908326454
1732908326535
1732908326693
1732908326754
1732908326767
1732908326802
1732908326945
1732908327032
1732908327094
1732908327178
1732908327315
1732908327349
1732908327391
1732908327425
1732908327561
1732908327660
1732908327710
1732908327779
1732908327955
1732908328006
1732908328062
1732908328112
1732908328231
1732908328356
1732908328387
1732908328480
1732908328596
1732908328650
1732908328679
1732908328724
1732908328867
1732908328985
1732908329002
1732908329087
1732908329243
1732908329279
1732908329330
1732908329384
1732908329490
1732908329623
1732908329675
1732908329767
1732908329906
1732908329987
1732908330020
1732908330069
1732908330215
1732908330289
1732908330316
1732908330432
1732908330561
1732908330613
1732908330665
1732908330715
1732908330830
1732908330917
1732908330969
1732908331084
1732908331186
1732908331248
1732908331286
1732908331297
1732908331430
1732908331507
1732908331555
1732908331665
1732908331772
1732908331840
1732908331865
1732908331919
1732908332058
1732908332110
1732908332164
1732908332254
1732908332401
1732908332449
1732908332504
1732908332535
1732908332684
1732908332780
1732908332815
1732908332889
1732908333021
1732908333070
1732908333110
1732908333159
1732908333284
1732908333358
1732908333405
1732908333499
1732908333618
1732908333669
1732908333715
1732908333761
1732908333877
1732908333997
1732908334032
1732908334110
1732908334243
1732908334292
1732908334333
1732908334375
1732908334526
1732908334612
1732908334692
1732908334779
1732908334932
1732908335043
1732908335091
1732908335128
1732908335239
1732908335291
1732908335326
1732908335386
1732908335479
1732908335510
1732908335547
1732908335579
1732908335675
1732908335742
1732908335788
1732908335840
1732908335945
1732908335979
1732908335988
1732908336022
1732908336113
1732908336172
1732908336202
1732908336265
1732908336361
1732908336391
1732908336423
1732908336443
1732908336538
1732908336609
1732908336655
1732908336681
1732908336771
1732908336797
1732908336827
1732908336860
1732908336967
1732908337010
1732908337033
1732908337093
1732908337185
1732908337209
1732908337251
1732908337257
1732908337336
1732908337435
1732908337453
1732908337509
1732908337599
1732908337633
1732908337650
1732908337689
1732908337765
1732908337827
1732908337859
1732908337919
1732908337993
1732908338029
1732908338060
1732908338082
1732908338193
1732908338238
1732908338260
1732908338310
1732908338398
1732908338427
1732908338453
1732908338478
1732908338573
1732908338649
1732908338680
1732908338732
1732908338826
1732908338857
1732908338886
1732908338917
1732908339004
1732908339069
1732908339115
1732908339199
1732908339273
1732908339300
1732908339339
1732908339369
1732908339457
1732908339539
1732908339609
1732908339673
1732908339767
1732908339814
1732908339832
1732908339861
1732908339979
1732908340057
1732908340085
1732908340156
1732908340273
1732908340319
1732908340352
1732908340398
1732908340491
1732908340557
1732908340592
1732908340648
1732908340750
1732908340789
1732908340818
1732908340860
1732908340966
1732908341050
1732908341083
1732908341142
1732908341272
1732908341296
1732908341327
1732908341378
1732908341457
1732908341539
1732908341569
1732908341636
1732908341731
1732908341792
1732908341872
1732908341932
1732908342050
1732908342159
1732908342198
1732908342279
1732908342384
1732908342418
1732908342468
1732908342477
1732908342615
1732908342709
1732908342730
1732908342819
1732908342909
1732908342993
1732908343043
1732908343144
1732908343293
1732908343328
1732908343363
1732908343416
1732908343542
1732908343575
1732908343612
1732908343655
1732908343801
1732908343838
1732908343872
1732908343999
1732908344144
1732908344193
1732908344199
1732908344231
1732908344341
1732908344403
1732908344449
1732908344493
1732908344580
1732908344608
1732908344641
1732908344671
1732908344765
1732908344833
1732908344862
1732908344929
1732908345009
1732908345040
1732908345069
1732908345102
1732908345220
1732908345261
1732908345295
1732908345361
1732908345460
1732908345491
1732908345525
1732908345569
1732908345669
1732908345729
1732908345759
1732908345806
1732908345906
1732908345931
1732908345979
1732908346004
1732908346101
1732908346180
1732908346199
1732908346272
1732908346336
1732908346397
1732908346403
1732908346434
1732908346528
1732908346586
1732908346622
1732908346690
1732908346827
1732908346859
1732908346906
1732908346952
1732908347039
1732908347100
1732908347143
1732908347190
1732908347291
1732908347326
1732908347375
1732908347426
1732908347554
1732908347640
1732908347671
1732908347739
1732908347815
1732908347860
1732908347890
1732908347914
1732908348015
1732908348100
1732908348148
1732908348330
1732908348428
1732908348470
1732908348516
1732908348601
1732908348684
1732908348776
1732908348824
1732908348897
1732908349021
1732908349059
1732908349092
1732908349125
1732908349279
1732908349365
1732908349422
1732908349545
1732908349686
1732908349751
1732908349778
1732908349812
1732908350030
1732908350154
1732908350196
1732908350278
1732908350402
1732908350449
1732908350481
1732908350544
1732908350712
1732908350795
1732908350866
1732908350935
1732908351118
1732908351178
1732908351261
1732908351309
1732908351424
1732908351502
1732908351559
1732908352274
1732908352439
1732908352756
1732908353016
1732908353229
1732908353918
1732908354043
1732908354145
1732908354284
1732908354373
1732908354389
1732908354441
1732908354470
1732908354540
1732908354542
1732908354543
1732908354593
1732908354618
1732908354650
1732908354661
1732908354669
1732908354714
1732908354727
1732908354737
1732908354750
1732908354786
1732908354804
1732908354815
1732908354837
1732908354877
1732908354904
1732908354911
1732908354998
1732908355166
1732908355199
1732908355236
1732908355353
1732908355489
1732908355628
1732908355710
1732908355852
1732908356023
1732908356079
1732908356131
1732908356178
1732908356435
1732908356556
1732908356594
1732908356698
1732908356839
1732908356903
1732908356991
1732908357012
1732908357141
1732908357220
1732908357273
1732908357371
1732908357534
1732908357575
1732908357603
1732908357641
1732908357819
1732908357898
1732908357937
1732908358041
1732908358167
1732908358236
1732908358296
1732908358345
1732908358459
1732908358517
1732908358554
1732908358633
1732908358742
1732908358778
1732908358818
1732908358867
1732908358986
1732908359068
1732908359111
1732908359194
1732908359315
1732908359353
1732908359407
1732908359446
1732908359561
1732908359660
1732908359693
1732908359781
1732908359911
1732908359955
1732908360031
1732908360079
1732908360193
1732908360294
1732908360332
1732908360415
1732908360530
1732908360567
1732908360603
1732908360686
1732908360777
1732908360890
1732908360929
1732908361040
1732908361170
1732908361249
1732908361255
1732908361304
1732908361432
1732908361503
1732908361539
1732908361606
1732908361726
1732908361803
1732908361836
1732908361900
1732908362027
1732908362127
1732908362163
1732908362231
1732908362361
1732908362407
1732908362449
1732908362484
1732908362625
1732908362737
1732908362773
1732908362836
1732908362945
1732908363001
1732908363034
1732908363048
1732908363163
1732908363217
1732908363253
1732908363324
1732908363439
1732908363472
1732908363505
1732908363559
1732908363658
1732908363726
1732908363752
1732908363823
1732908363929
1732908363948
1732908363994
1732908364061
1732908364187
1732908364277
1732908364334
1732908364412
1732908364551
1732908364612
1732908364637
1732908364670
1732908364823
1732908364927
1732908364957
1732908365021
1732908365138
1732908365161
1732908365195
1732908365230
1732908365332
1732908365408
1732908365453
1732908365529
1732908365657
1732908365679
1732908365722
1732908365788
1732908365874
1732908365960
1732908365993
1732908366080
1732908366167
1732908366211
1732908366240
1732908366277
1732908366384
1732908366451
1732908366483
1732908366558
1732908366661
1732908366708
1732908366750
1732908366778
1732908366924
1732908367015
1732908367057
1732908367176
1732908367349
1732908367401
1732908367423
1732908367464
1732908367597
1732908367678
1732908367720
1732908367807
1732908367898
1732908367946
1732908368097
1732908368117
1732908368230
1732908368338
1732908368353
1732908368436
1732908368568
1732908368588
1732908368621
1732908368661
1732908368778
1732908368839
1732908368873
1732908368949
1732908369042
1732908369069
1732908369107
1732908369159
1732908369260
1732908369325
1732908369363
1732908369461
1732908369574
1732908369605
1732908369628
1732908369674
1732908369848
1732908369892
1732908369966
1732908370022
1732908370149
1732908370186
1732908370194
1732908370224
1732908370323
1732908370390
1732908370420
1732908370483
1732908370598
1732908370618
1732908370639
1732908370673
1732908370843
1732908370873
1732908370910
1732908370989
1732908371068
1732908371095
1732908371132
1732908371210
1732908371297
1732908371441
1732908371447
1732908371510
1732908371565
1732908371608
1732908371639
1732908371670
1732908371758
1732908371828
1732908371858
1732908371934
1732908372022
1732908372050
1732908372097
1732908372118
1732908372208
1732908372284
1732908372312
1732908372395
1732908372480
1732908372522
1732908372559
1732908372566
1732908372657
1732908372722
1732908372778
1732908372822
1732908372922
1732908372952
1732908372978
1732908373013
1732908373118
1732908373178
1732908373225
1732908373289
1732908373388
1732908373419
1732908373449
1732908373480
1732908373579
1732908373639
1732908373671
1732908373748
1732908373825
1732908373873
1732908373908
1732908373940
1732908374029
1732908374102
1732908374140
1732908374203
1732908374299
1732908374332
1732908374361
1732908374392
1732908374496
1732908374559
1732908374575
1732908374650
1732908374734
1732908374782
1732908374817
1732908374847
1732908374944
1732908375008
1732908375035
1732908375075
1732908375179
1732908375212
1732908375236
1732908375278
1732908375361
1732908375422
1732908375452
1732908375528
1732908375607
1732908375657
1732908375691
1732908375720
1732908375804
1732908375863
1732908375896
1732908375960
1732908376060
1732908376099
1732908376116
1732908376147
1732908376258
1732908376320
1732908376340
1732908376405
1732908376502
1732908376532
1732908376588
1732908376616
1732908376695
1732908376809
1732908376845
1732908376947
1732908377060
1732908377077
1732908377110
1732908377136
1732908377228
1732908377299
1732908377319
1732908377382
1732908377479
1732908377510
1732908377550
1732908377572
1732908377661
1732908377726
1732908377766
1732908377827
1732908377920
1732908377955
1732908377970
1732908378000
1732908378093
1732908378152
1732908378190
1732908378255
1732908378367
1732908378399
1732908378422
1732908378452
1732908378557
1732908378653
1732908378702
1732908378783
1732908378914
1732908378958
1732908379018
1732908379077
1732908379127
1732908379225
1732908379303
1732908379410
1732908379526
1732908379564
1732908379592
1732908379632
1732908379710
1732908379795
1732908379826
1732908379866
1732908379978
1732908380009
1732908380039
1732908380069
1732908380161
1732908380211
1732908380247
1732908380349
1732908380413
1732908380442
1732908380465
1732908380496
1732908380606
1732908380659
1732908380690
1732908380743
1732908380838
1732908380868
1732908380929
1732908380934
1732908381032
1732908381085
1732908381133
1732908381176
1732908381289
1732908381324
1732908381355
1732908381387
1732908381465
1732908381545
1732908381582
1732908381635
1732908381752
1732908381806
1732908381859
1732908381907
1732908382010
1732908382102
1732908382167
1732908382219
1732908382304
1732908382337
1732908382391
1732908382410
1732908382564
1732908382635
1732908382656
1732908382718
1732908382793
1732908382846
1732908382856
1732908382896
1732908382976
1732908383049
1732908383072
1732908383145
1732908383247
1732908383267
1732908383309
1732908383328
1732908383422
1732908383482
1732908383513
1732908383572
1732908383664
1732908383695
1732908383739
1732908383763
1732908383859
1732908383912
1732908383941
1732908384008
1732908384101
1732908384154
1732908384163
1732908384198
1732908384300
1732908384362
1732908384392
1732908384455
1732908384546
1732908384602
1732908384636
1732908384691
1732908384810
1732908384903
1732908384941
1732908385029
1732908385147
1732908385178
1732908385213
1732908385253
1732908385354
1732908385451
1732908385481
1732908385543
1732908385634
1732908385664
1732908385692
1732908385723
1732908385813
1732908385877
1732908385919
1732908385980
1732908386074
1732908386123
1732908386131
1732908386167
1732908386253
1732908386343
1732908386376
1732908386467
1732908386551
1732908386607
1732908386637
1732908386676
1732908386788
1732908386850
1732908386900
1732908386963
1732908387098
1732908387150
1732908387176
1732908387218
1732908387311
1732908387372
1732908387409
1732908387474
1732908387588
1732908387610
1732908387648
1732908387666
1732908387765
1732908387842
1732908387871
1732908387930
1732908388021
1732908388051
1732908388091
1732908388125
1732908388212
1732908388274
1732908388307
1732908388425
1732908388486
1732908388495
1732908388543
1732908388575
1732908388677
1732908388742
1732908388788
1732908388848
1732908388967
1732908388991
1732908389028
1732908389057
1732908389148
1732908389212
1732908389235
1732908389302
1732908389393
1732908389447
1732908389477
1732908389509
1732908389592
1732908389654
1732908389691
1732908389761
1732908389858
1732908389890
1732908390250
1732908390371
1732908390373
1732908391112
1732908391114
1732908391215
1732908391363
1732908391365
1732908391365
1732908391409
1732908391430
1732908391458
1732908391473
1732908391507
1732908391514
1732908391515
1732908391542
1732908391549
1732908391552
1732908391553
1732908391553
1732908391629
1732908391713
1732908391726
1732908391731
1732908391735
1732908391769
1732908391814
1732908391855
1732908391884
1732908391998
1732908392033
1732908392088
1732908392111
1732908392213
1732908392301
1732908392337
1732908392407
1732908392489
1732908392527
1732908392568
1732908392598
1732908392679
1732908392745
1732908392771
1732908392831
1732908392940
1732908392980
1732908392986
1732908393041
1732908393112
1732908393196
1732908393205
1732908393263
1732908393351
1732908393392
1732908393419
1732908393462
1732908393555
1732908393618
1732908393647
1732908393708
1732908393807
1732908393843
1732908393871
1732908393968
1732908394052
1732908394128
1732908394154
1732908394249
1732908394376
1732908394404
1732908394448
1732908394477
1732908394596
1732908394670
1732908394708
1732908394795
1732908394870
1732908394914
1732908394951
1732908394980
1732908395062
1732908395122
1732908395172
1732908395276
1732908395375
1732908395416
1732908395452
1732908395499
1732908395622
1732908395703
1732908395748
1732908395795
1732908395895
1732908395951
1732908395984
1732908396036
1732908396126
1732908396202
1732908396219
1732908396280
1732908396430
1732908396510
1732908396515
1732908396545
1732908396636
1732908396727
1732908396764
1732908396843
1732908396944
1732908396997
1732908397058
1732908397075
1732908397177
1732908397257
1732908397295
1732908397356
1732908397434
1732908397487
1732908397494
1732908397538
1732908397628
1732908397688
1732908397719
1732908397779
1732908397871
1732908397907
1732908397937
1732908397970
1732908398072
1732908398128
1732908398162
1732908398260
1732908398355
1732908398446
1732908398451
1732908398465
1732908398552
1732908398601
1732908398631
1732908398700
1732908398781
1732908398810
1732908398854
1732908398899
1732908398977
1732908399073
1732908399118
1732908399170
1732908399293
1732908399325
1732908399395
1732908399438
1732908399536
1732908399604
1732908399635
1732908399752
1732908399862
1732908399912
1732908399940
1732908399968
1732908400059
1732908400121
1732908400161
1732908400211
1732908400308
1732908400348
1732908400369
1732908400399
1732908400492
1732908400554
1732908400584
1732908400658
1732908400742
1732908400777
1732908400800
1732908400831
1732908400940
1732908401035
1732908401067
1732908401137
1732908401261
1732908401292
1732908401328
1732908401387
1732908401507
1732908401629
1732908401683
1732908401764
1732908401903
1732908401948
1732908401992
1732908402035
1732908402173
1732908402257
1732908402346
1732908402411
1732908402584
1732908402633
1732908402743
1732908402787
1732908402896
1732908402976
1732908403011
1732908403108
1732908403276
1732908403319
1732908403380
1732908403400
1732908403476
1732908403569
1732908403603
1732908403702
1732908403830
1732908403870
1732908403904
1732908403950
1732908404068
1732908404186
1732908404246
1732908404321
1732908404455
1732908404504
1732908404547
1732908404596
1732908404700
1732908404750
1732908404801
1732908404854
1732908404963
1732908404988
1732908405056
1732908405094
1732908405249
1732908405300
1732908405323
1732908405396
1732908405516
1732908405547
1732908405577
1732908405613
1732908405700
1732908405768
1732908405821
1732908405875
1732908405975
1732908406017
1732908406049
1732908406082
1732908406217
1732908406260
1732908406278
1732908406347
1732908406447
1732908406479
1732908406511
1732908406537
1732908406648
1732908406719
1732908406760
1732908406821
1732908406940
1732908406978
1732908407024
1732908407072
1732908407202
1732908407293
1732908407348
1732908407439
1732908407557
1732908407602
1732908407644
1732908407695
1732908407829
1732908407941
1732908407966
1732908408052
1732908408206
1732908408252
1732908408281
1732908408336
1732908408542
1732908408609
1732908408647
1732908408709
1732908408802
1732908408835
1732908408874
1732908408928
1732908409137
1732908409198
1732908409252
1732908409339
1732908409529
1732908409582
1732908409613
1732908409659
1732908409756
1732908409868
1732908409875
1732908409936
1732908410025
1732908410048
1732908410096
1732908410139
1732908410226
1732908410288
1732908410312
1732908410375
1732908410502
1732908410540
1732908410590
1732908410619
1732908410719
1732908410786
1732908410803
1732908410872
1732908411006
1732908411015
1732908411041
1732908411070
1732908411171
1732908411244
1732908411271
1732908411338
1732908411439
1732908411475
1732908411509
1732908411553
1732908411649
1732908411735
1732908411786
1732908411850
1732908411999
1732908412056
1732908412087
1732908412164
1732908412366
1732908412496
1732908412536
1732908412660
1732908412830
1732908412871
1732908412926
1732908412960
1732908413128
1732908413201
1732908413272
1732908413350
1732908413573
1732908413580
1732908413643
1732908413668
1732908413778
1732908413872
1732908413930
1732908414038
1732908414115
1732908414166
1732908414197
1732908414237
1732908414338
1732908414400
1732908414430
1732908414519
1732908414642
1732908414682
1732908414734
1732908414761
1732908414866
1732908414959
1732908415018
1732908415080
1732908415196
1732908415226
1732908415269
1732908415338
1732908415460
1732908415531
1732908415570
1732908415634
1732908415746
1732908415776
1732908415806
1732908415836
1732908415944
1732908416005
1732908416034
1732908416099
1732908416216
1732908416239
1732908416298
1732908416335
1732908416458
1732908416512
1732908416548
1732908416609
1732908416701
1732908416733
1732908416754
1732908416797
1732908416882
1732908416941
1732908416970
1732908417058
1732908417162
1732908417181
1732908417214
1732908417252
1732908417341
1732908417402
1732908417431
1732908417492
1732908417584
1732908417613
1732908417640
1732908417677
1732908417771
1732908417841
1732908417892
1732908417929
1732908418022
1732908418053
1732908418104
1732908418119
1732908418209
1732908418300
1732908418304
1732908418363
1732908418455
1732908418493
1732908418519
1732908418571
1732908418647
1732908418706
1732908418751
1732908418794
1732908418912
1732908418922
1732908418974
1732908418985
1732908419078
1732908419139
1732908419162
1732908419226
1732908419315
1732908419343
1732908419370
1732908419400
1732908419501
1732908419565
1732908419589
1732908419655
1732908419746
1732908419781
1732908419812
1732908419858
1732908419965
1732908420036
1732908420078
1732908420115
1732908420212
1732908420255
1732908420318
1732908420358
1732908420401
1732908420471
1732908420500
1732908420558
1732908420662
1732908420691
1732908420721
1732908420760
1732908420834
1732908420900
1732908420939
1732908420981
1732908421076
1732908421112
1732908421144
1732908421188
1732908421276
1732908421335
1732908421364
1732908421438
1732908421520
1732908421549
1732908421579
1732908421604
1732908421699
1732908421780
1732908421815
1732908421872
1732908421953
1732908421995
1732908422016
1732908422066
1732908422146
1732908422194
1732908422230
1732908422286
1732908422374
1732908422414
1732908422442
1732908422479
1732908422560
1732908422611
1732908422643
1732908422704
1732908422807
1732908422836
1732908422871
1732908422902
1732908422992
1732908423051
1732908423080
1732908423141
1732908423234
1732908423264
1732908423319
1732908423353
1732908423464
1732908423536
1732908423554
1732908423680
1732908423774
1732908423789
1732908423835
1732908423906
1732908424065
1732908424117
1732908424152
1732908424190
1732908424287
1732908424312
1732908424354
1732908424389
1732908424491
1732908424571
1732908424584
1732908424641
1732908424735
1732908424758
1732908424810
1732908424823
1732908424922
1732908424986
1732908425016
1732908425078
1732908425195
1732908425229
1732908425263
1732908425312
1732908425442
1732908425524
1732908425570
1732908425626
1732908425719
1732908425748
1732908425777
1732908425806
1732908425893
1732908425955
1732908425987
1732908426047
1732908426142
1732908426184
1732908426226
1732908426234
1732908426357
1732908426405
1732908426436
1732908426496
1732908426615
1732908426623
1732908426656
1732908426695
1732908426785
1732908426858
1732908426918
1732908426944
1732908427036
1732908427076
1732908427098
1732908427131
1732908427266
1732908427363
1732908427409
1732908427477
1732908427593
1732908427666
1732908427701
1732908427758
1732908427909
1732908427990
1732908428029
1732908428127
1732908428305
1732908428365
1732908428396
1732908428429
1732908428598
1732908428713
1732908428754
1732908428819
1732908428915
1732908428955
1732908428991
1732908429034
1732908429150
1732908429257
1732908429289
1732908429386
1732908429545
1732908429569
1732908429606
1732908429626
1732908429715
1732908429776
1732908429809
1732908429866
1732908429976
1732908430015
1732908430039
1732908430094
1732908430167
1732908430224
1732908430285
1732908430330
1732908430423
1732908430480
1732908430513
1732908430543
1732908430652
1732908430723
1732908430777
1732908430820
1732908430910
1732908430941
1732908430973
1732908431003
1732908431112
1732908431168
1732908431198
1732908431270
1732908431363
1732908431398
1732908431429
1732908431464
1732908431554
1732908431658
1732908431707
1732908431775
1732908431910
1732908431930
1732908431970
1732908431999
1732908432085
1732908432162
1732908432183
1732908432242
1732908432335
1732908432361
1732908432408
1732908432436
1732908432556
1732908432655
1732908432713
1732908432793
1732908432996
1732908433062
1732908433105
1732908433131
1732908433294
1732908433362
1732908433442
1732908433506
1732908433632
1732908433683
1732908433749
1732908433762
1732908433905
1732908433954
1732908433986
1732908434065
1732908434187
1732908434248
1732908434289
1732908434325
1732908434447
1732908434536
1732908434571
1732908434667
1732908434821
1732908434935
1732908434940
1732908435003
1732908435073
1732908435151
1732908435188
1732908435287
1732908435366
1732908435435
1732908435443
1732908435526
1732908435592
1732908435675
1732908435691
1732908435820
1732908435895
1732908435970
1732908435978
1732908436011
1732908436132
1732908436249
1732908436271
1732908436371
1732908436510
1732908436527
1732908436596
1732908436616
1732908436718
1732908436807
1732908436855
1732908436952
1732908437082
1732908437122
1732908437165
1732908437237
1732908437365
1732908437446
1732908437476
1732908437550
1732908437683
1732908437725
1732908437776
1732908437800
1732908437931
1732908438028
1732908438073
1732908438194
1732908438299
1732908438344
1732908438403
1732908438490
1732908438601
1732908438691
1732908438756
1732908438848
1732908438961
1732908439009
1732908439080
1732908439232
1732908439398
1732908439490
1732908439524
1732908439640
1732908439720
1732908439758
1732908439818
1732908439839
1732908439976
1732908440038
1732908440067
1732908440123
1732908440230
1732908440262
1732908440302
1732908440342
1732908440433
1732908440515
1732908440560
1732908440621
1732908440731
1732908440751
1732908440789
1732908440830
1732908440923
1732908441035
1732908441068
1732908441205
1732908441311
1732908441342
1732908441372
1732908441403
1732908441506
1732908441600
1732908441616
1732908441686
1732908441782
1732908441835
1732908441867
1732908441906
1732908442060
1732908442120
1732908442149
1732908442209
1732908442346
1732908442378
1732908442398
1732908442421
1732908442531
1732908442606
1732908442646
1732908442708
1732908442787
1732908442820
1732908442850
1732908442881
1732908443000
1732908443061
1732908443089
1732908443151
1732908443275
1732908443309
1732908443345
1732908443373
1732908443448
1732908443523
1732908443531
1732908443623
1732908443761
1732908443779
1732908443812
1732908443843
1732908443969
1732908444026
1732908444057
1732908444113
1732908444207
1732908444315
1732908444359
1732908444384
1732908444586
1732908444722
1732908444752
1732908444834
1732908444954
1732908444993
1732908445037
1732908445070
1732908445170
1732908445258
1732908445302
1732908445396
1732908445540
1732908445587
1732908445635
1732908445674
1732908445811
1732908445876
1732908445909
1732908445974
1732908446108
1732908446157
1732908446195
1732908446241
1732908446361
1732908446451
1732908446480
1732908446562
1732908446652
1732908446703
1732908446779
1732908446856
1732908447052
1732908447125
1732908447163
1732908447256
1732908447382
1732908447434
1732908447470
1732908447526
1732908447667
1732908447718
1732908447747
1732908447834
1732908447950
1732908448000
1732908448031
1732908448068
1732908448173
1732908448234
1732908448272
1732908448412
1732908448579
1732908448614
1732908448664
1732908448673
1732908448815
1732908448878
1732908448918
1732908448960
1732908449051
1732908449080
1732908449111
1732908449156
1732908449345
1732908449412
1732908449490
1732908449577
1732908449704
1732908449787
1732908449847
1732908449906
1732908450042
1732908450116
1732908450149
1732908450216
1732908450336
1732908450376
1732908450406
1732908450437
1732908450544
1732908450610
1732908450640
1732908450756
1732908450834
1732908450864
1732908450903
1732908450937
1732908451068
1732908451136
1732908451161
1732908451218
1732908451313
1732908451346
1732908451379
1732908451414
1732908451543
1732908451630
1732908451654
1732908451743
1732908451846
1732908451885
1732908451922
1732908451958
1732908452064
1732908452166
1732908452196
1732908452256
1732908452410
1732908452436
1732908452475
1732908452484
1732908452594
1732908452664
1732908452706
1732908452806
1732908452883
1732908452913
1732908452946
1732908452980
1732908453068
1732908453144
1732908453172
1732908453255
1732908453362
1732908453404
1732908453444
1732908453476
1732908453595
1732908453671
1732908453728
1732908453800
1732908453895
1732908453944
1732908453967
1732908454001
1732908454095
1732908454160
1732908454193
1732908454261
1732908454352
1732908454404
1732908454434
1732908454464
1732908454549
1732908454648
1732908454717
1732908454771
1732908454870
1732908454909
1732908454963
1732908454978
1732908455076
1732908455139
1732908455175
1732908455243
1732908455359
1732908455396
1732908455445
1732908455474
1732908455604
1732908455692
1732908455720
1732908455830
1732908455985
1732908456084
1732908456093
1732908456123
1732908456305
1732908456382
1732908456421
1732908456464
1732908456560
1732908456600
1732908456635
1732908456665
1732908456747
1732908456805
1732908456842
1732908456909
1732908457004
1732908457023
1732908457056
1732908457105
1732908457183
1732908457242
1732908457271
1732908457339
1732908457430
1732908457453
1732908457483
1732908457534
1732908457622
1732908457679
1732908457713
1732908457767
1732908457856
1732908457888
1732908457924
1732908457970
1732908458076
1732908458145
1732908458181
1732908458281
1732908458396
1732908458455
1732908458534
1732908458571
1732908458697
1732908458805
1732908458875
1732908458965
1732908459081
1732908459135
1732908459175
1732908459213
1732908459351
1732908459448
1732908459532
1732908459608
1732908459775
1732908459797
1732908459832
1732908459907
1732908460039
1732908460130
1732908460206
1732908460260
1732908460398
1732908460452
1732908460490
1732908460524
1732908460647
1732908460732
1732908460762
1732908460832
1732908460985
1732908461014
1732908461032
1732908461075
1732908461171
1732908461223
1732908461267
1732908461331
1732908461431
1732908461494
1732908461524
1732908461552
1732908461661
1732908461740
1732908461796
1732908461885
1732908462001
1732908462034
1732908462076
1732908462134
1732908462290
1732908462369
1732908462433
1732908462451
1732908462584
1732908462643
1732908462675
1732908462710
1732908462808
1732908462880
1732908462910
1732908463063
1732908463124
1732908463159
1732908463192
1732908463239
1732908463356
1732908463442
1732908463491
1732908463580
1732908463691
1732908463726
1732908463758
1732908463817
1732908463932
1732908463999
1732908464064
1732908464115
1732908464265
1732908464290
1732908464360
1732908464378
1732908464529
1732908464588
1732908464630
1732908464794
1732908464855
1732908464874
1732908464918
1732908464938
1732908465064
1732908465131
1732908465181
1732908465236
1732908465353
1732908465387
1732908465444
1732908465505
1732908465637
1732908465676
1732908465724
1732908465790
1732908465896
1732908465946
1732908465970
1732908466042
1732908466142
1732908466202
1732908466226
1732908466306
1732908466544
1732908466550
1732908466561
1732908466568
1732908466698
1732908466785
1732908466824
1732908466881
1732908467019
1732908467026
1732908467059
1732908467093
1732908467236
1732908467316
1732908467354
1732908467407
1732908467516
1732908467577
1732908467636
1732908467657
1732908467782
1732908467843
1732908467857
1732908467933
1732908468061
1732908468106
1732908468133
1732908468179
1732908468291
1732908468352
1732908468389
1732908468464
1732908468601
1732908468651
1732908468673
1732908468708
1732908468837
1732908468907
1732908468953
1732908469042
1732908469113
1732908469157
1732908469211
1732908469261
1732908469405
1732908469517
1732908469560
1732908469635
1732908469759
1732908469844
1732908469864
1732908469929
1732908470093
1732908470120
1732908470153
1732908470245
1732908470367
1732908470396
1732908470428
1732908470472
1732908470580
1732908470659
1732908470685
1732908470758
1732908470892
1732908470923
1732908471005
1732908471031
1732908471154
1732908471242
1732908471274
1732908471393
1732908471623
1732908471661
1732908471706
1732908471760
1732908471885
1732908471966
1732908472010
1732908472118
1732908472254
1732908472307
1732908472380
1732908472408
1732908472544
1732908472702
1732908472741
1732908472855
1732908473031
1732908473064
1732908473117
1732908473148
1732908473276
1732908473330
1732908473388
1732908473514
1732908473755
1732908473765
1732908473844
1732908473865
1732908473994
1732908474072
1732908474115
1732908474155
1732908474278
1732908474301
1732908474333
1732908474379
1732908474490
1732908474561
1732908474587
1732908474695
1732908474817
1732908474855
1732908474896
1732908474946
1732908475059
1732908475116
1732908475153
1732908475278
1732908475354
1732908475394
1732908475423
1732908475464
1732908475576
1732908475656
1732908475689
1732908475779
1732908475886
1732908475922
1732908475962
1732908476000
1732908476106
1732908476182
1732908476222
1732908476302
1732908476400
1732908476436
1732908476472
1732908476519
1732908476613
1732908476686
1732908476725
1732908476811
1732908476935
1732908476967
1732908477003
1732908477056
1732908477167
1732908477248
1732908477282
1732908477363
1732908477474
1732908477514
1732908477545
1732908477582
1732908477690
1732908477768
1732908477796
1732908477872
1732908477985
1732908478017
1732908478048
1732908478089
1732908478209
1732908478289
1732908478332
1732908478409
1732908478525
1732908478548
1732908478608
1732908478673
1732908478762
1732908478857
1732908478882
1732908478964
1732908479069
1732908479077
1732908479117
1732908479151
1732908479267
1732908479345
1732908479392
1732908479473
1732908479562
1732908479614
1732908479634
1732908479673
1732908479767
1732908479848
1732908479889
1732908479970
1732908480104
1732908480134
1732908480162
1732908480199
1732908480307
1732908480392
1732908480412
1732908480493
1732908480599
1732908480635
1732908480679
1732908480713
1732908480821
1732908480893
1732908480928
1732908481010
1732908481122
1732908481145
1732908481180
1732908481213
1732908481324
1732908481409
1732908481440
1732908481515
1732908481625
1732908481692
1732908481734
1732908481765
1732908481892
1732908481959
1732908481995
1732908482041
1732908482150
1732908482212
1732908482241
1732908482261
1732908482399
1732908482464
1732908482512
1732908482557
1732908482701
1732908482720
1732908482770
1732908482779
1732908482926
1732908482997
1732908483020
1732908483099
1732908483251
1732908483260
1732908483310
1732908483354
1732908483460
