1732908261471
1732908278925
1732908279140
1732908279193
1732908279484
1732908279606
1732908279707
1732908279851
1732908279866
1732908280070
1732908280196
1732908280261
1732908280346
1732908280539
1732908280623
1732908280726
1732908280770
1732908281130
1732908281264
1732908281336
1732908281542
1732908281993
1732908282063
1732908282155
1732908282253
1732908282498
1732908282618
1732908282694
1732908282928
1732908283255
1732908283294
1732908283304
1732908283355
1732908283450
1732908283521
1732908283576
1732908283692
1732908283952
1732908283979
1732908284061
1732908284136
1732908284225
1732908284335
1732908284367
1732908284546
1732908284668
1732908284716
1732908284773
1732908284844
1732908285167
1732908285305
1732908285376
1732908285511
1732908285652
1732908285725
1732908285767
1732908285891
1732908286133
1732908286425
1732908286582
1732908286667
1732908286850
1732908286919
1732908287083
1732908287262
1732908287478
1732908287621
1732908287701
1732908287918
1732908288112
1732908288179
1732908288205
1732908288253
1732908288442
1732908288524
1732908288563
1732908288675
1732908288869
1732908288918
1732908288966
1732908288999
1732908289151
1732908289314
1732908289381
1732908289522
1732908289723
1732908289814
1732908289882
1732908289972
1732908290116
1732908290212
1732908290226
1732908290309
1732908290457
1732908290489
1732908290514
1732908290568
1732908290754
1732908290814
1732908290858
1732908291013
1732908291201
1732908291213
1732908291235
1732908291269
1732908291384
1732908291408
1732908291419
1732908291479
1732908291560
1732908291642
1732908291648
1732908291708
1732908291779
1732908291878
1732908291914
1732908291971
1732908292101
1732908292136
1732908292224
1732908292273
1732908292414
1732908292472
1732908292502
1732908292647
1732908292861
1732908292964
1732908293005
1732908293092
1732908293324
1732908293454
1732908293491
1732908293672
1732908293810
1732908293897
1732908293907
1732908293960
1732908294120
1732908294180
1732908294241
1732908294330
1732908294554
1732908294592
1732908294646
1732908294671
1732908294826
1732908294911
1732908294949
1732908295035
1732908295174
1732908295207
1732908295257
1732908295268
1732908295428
1732908295510
1732908295589
1732908295681
1732908295805
1732908295849
1732908295902
1732908295933
1732908296035
1732908296120
1732908296202
1732908296282
1732908296392
1732908296451
1732908296496
1732908296535
1732908296657
1732908296759
1732908296829
1732908296911
1732908297033
1732908297070
1732908297112
1732908297162
1732908297283
1732908297341
1732908297378
1732908297463
1732908297550
1732908297590
1732908297631
1732908297688
1732908297815
1732908297886
1732908297925
1732908298034
1732908298131
1732908298182
1732908298213
1732908298250
1732908298380
1732908298457
1732908298499
1732908298615
1732908298748
1732908298785
1732908298831
1732908298863
1732908298965
1732908299042
1732908299078
1732908299152
1732908299246
1732908299274
1732908299308
1732908299341
1732908299458
1732908299549
1732908299569
1732908299637
1732908299757
1732908299807
1732908299841
1732908299880
1732908299985
1732908300085
1732908300121
1732908300191
1732908300280
1732908300330
1732908300360
1732908300389
1732908300500
1732908300574
1732908300616
1732908300712
1732908300832
1732908300864
1732908300941
1732908301045
1732908301185
1732908301263
1732908301294
1732908301378
1732908301473
1732908301539
1732908301551
1732908301584
1732908301690
1732908301765
1732908301794
1732908301870
1732908301965
1732908302006
1732908302045
1732908302090
1732908302192
1732908302280
1732908302313
1732908302365
1732908302459
1732908302539
1732908302574
1732908302629
1732908302711
1732908302755
1732908302795
1732908302887
1732908302993
1732908303026
1732908303057
1732908303086
1732908303200
1732908303272
1732908303310
1732908303382
1732908303489
1732908303527
1732908303569
1732908303586
1732908303721
1732908303783
1732908303819
1732908303904
1732908304023
1732908304042
1732908304078
1732908304121
1732908304232
1732908304294
1732908304325
1732908304387
1732908304552
1732908304582
1732908304623
1732908304717
1732908304846
1732908304916
1732908305041
1732908305131
1732908305242
1732908305302
1732908305326
1732908305357
1732908305446
1732908305574
1732908305618
1732908305708
1732908305882
1732908305912
1732908305955
1732908306008
1732908306114
1732908306188
1732908306223
1732908306301
1732908306410
1732908306442
1732908306490
1732908306511
1732908306624
1732908306710
1732908306751
1732908306830
1732908306959
1732908307047
1732908307064
1732908307073
1732908307205
1732908307252
1732908307288
1732908307368
1732908307469
1732908307494
1732908307525
1732908307566
1732908307681
1732908307759
1732908307792
1732908307869
1732908307973
1732908308019
1732908308043
1732908308082
1732908308208
1732908308262
1732908308292
1732908308364
1732908308488
1732908308528
1732908308599
1732908308646
1732908308749
1732908308827
1732908308875
1732908308959
1732908309121
1732908309166
1732908309200
1732908309248
1732908309342
1732908309415
1732908309475
1732908309560
1732908309662
1732908309701
1732908309738
1732908309792
1732908309911
1732908309988
1732908310031
1732908310115
1732908310212
1732908310236
1732908310293
1732908310342
1732908310423
1732908310491
1732908310524
1732908310593
1732908310710
1732908310748
1732908310775
1732908310810
1732908310937
1732908311017
1732908311061
1732908311116
1732908311215
1732908311248
1732908311284
1732908311323
1732908311440
1732908311530
1732908311594
1732908311684
1732908311807
1732908311871
1732908311887
1732908311942
1732908312056
1732908312151
1732908312201
1732908312271
1732908312385
1732908312426
1732908312472
1732908312506
1732908312603
1732908312694
1732908312724
1732908312793
1732908312947
1732908313102
1732908313137
1732908313165
1732908313302
1732908313417
1732908313481
1732908313536
1732908313664
1732908313699
1732908313732
1732908313766
1732908313881
1732908314031
1732908314039
1732908314159
1732908314361
1732908314412
1732908314553
1732908314555
1732908314628
1732908314731
1732908314762
1732908314846
1732908314990
1732908315030
1732908315088
1732908315114
1732908315221
1732908315289
1732908315318
1732908315381
1732908315494
1732908315512
1732908315543
1732908315602
1732908315679
1732908315740
1732908315780
1732908315840
1732908315982
1732908316028
1732908316131
1732908316160
1732908316262
1732908316337
1732908316465
1732908316502
1732908316626
1732908316665
1732908316690
1732908316730
1732908316862
1732908316953
1732908316991
1732908317100
1732908317213
1732908317237
1732908317270
1732908317306
1732908317400
1732908317473
1732908317503
1732908317557
1732908317660
1732908317701
1732908317721
1732908317758
1732908317879
1732908317960
1732908317988
1732908318071
1732908318151
1732908318189
1732908318226
1732908318270
1732908318401
1732908318460
1732908318503
1732908318566
1732908318663
1732908318697
1732908318749
1732908318780
1732908318872
1732908318946
1732908318963
1732908319068
1732908319175
1732908319228
1732908319277
1732908319364
1732908319473
1732908319551
1732908319574
1732908319646
1732908319726
1732908319744
1732908319779
1732908319840
1732908319921
1732908319984
1732908320038
1732908320098
1732908320197
1732908320243
1732908320271
1732908320419
1732908320627
1732908320727
1732908320767
1732908320869
1732908321025
1732908321064
1732908321136
1732908321236
1732908321496
1732908321561
1732908321630
1732908321695
1732908321831
1732908321908
1732908321954
1732908321997
1732908322125
1732908322230
1732908322280
1732908322376
1732908322507
1732908322558
1732908322608
1732908322661
1732908322788
1732908322900
1732908322938
1732908323058
1732908323207
1732908323224
1732908323245
1732908323291
1732908323460
1732908323569
1732908323601
1732908323709
1732908323835
1732908323885
1732908323951
1732908323979
1732908324126
1732908324214
1732908324243
1732908324367
1732908324489
1732908324577
1732908324612
1732908324723
1732908324861
1732908324997
1732908325045
1732908325157
1732908325279
1732908325326
1732908325368
1732908325419
1732908325579
1732908325715
1732908325765
1732908325862
1732908326030
1732908326046
1732908326082
1732908326125
1732908326263
1732908326445
1732908326471
1732908326545
1732908326686
1732908326742
1732908326771
1732908326811
1732908326935
1732908327028
1732908327077
1732908327181
1732908327302
1732908327373
1732908327407
1732908327461
1732908327562
1732908327648
1732908327692
1732908327795
1732908327955
1732908328006
1732908328058
1732908328102
1732908328228
1732908328347
1732908328380
1732908328471
1732908328615
1732908328659
1732908328691
1732908328731
1732908328869
1732908328956
1732908329004
1732908329093
1732908329247
1732908329274
1732908329309
1732908329353
1732908329492
1732908329646
1732908329703
1732908329813
1732908329906
1732908329963
1732908330009
1732908330049
1732908330177
1732908330280
1732908330337
1732908330437
1732908330565
1732908330618
1732908330647
1732908330689
1732908330827
1732908330944
1732908330997
1732908331072
1732908331215
1732908331263
1732908331303
1732908331320
1732908331418
1732908331512
1732908331563
1732908331647
1732908331785
1732908331810
1732908331860
1732908331904
1732908332042
1732908332118
1732908332158
1732908332244
1732908332398
1732908332456
1732908332522
1732908332551
1732908332686
1732908332762
1732908332797
1732908332902
1732908333031
1732908333089
1732908333125
1732908333152
1732908333285
1732908333367
1732908333403
1732908333500
1732908333619
1732908333669
1732908333707
1732908333752
1732908333884
1732908333983
1732908334018
1732908334134
1732908334261
1732908334336
1732908334384
1732908334442
1732908334576
1732908334618
1732908334690
1732908334772
1732908334917
1732908335000
1732908335070
1732908335120
1732908335234
1732908335297
1732908335334
1732908335386
1732908335476
1732908335512
1732908335541
1732908335572
1732908335662
1732908335736
1732908335761
1732908335822
1732908335950
1732908335991
1732908335998
1732908336025
1732908336122
1732908336173
1732908336217
1732908336273
1732908336361
1732908336384
1732908336415
1732908336469
1732908336533
1732908336600
1732908336626
1732908336689
1732908336773
1732908336819
1732908336871
1732908336877
1732908336961
1732908337004
1732908337038
1732908337100
1732908337173
1732908337218
1732908337239
1732908337254
1732908337337
1732908337410
1732908337449
1732908337511
1732908337609
1732908337630
1732908337659
1732908337686
1732908337767
1732908337838
1732908337859
1732908337929
1732908338006
1732908338037
1732908338063
1732908338086
1732908338175
1732908338233
1732908338280
1732908338324
1732908338412
1732908338442
1732908338469
1732908338501
1732908338596
1732908338636
1732908338680
1732908338751
1732908338823
1732908338863
1732908338883
1732908338956
1732908339007
1732908339100
1732908339108
1732908339179
1732908339280
1732908339301
1732908339339
1732908339375
1732908339460
1732908339549
1732908339589
1732908339675
1732908339765
1732908339801
1732908339838
1732908339866
1732908339984
1732908340103
1732908340126
1732908340177
1732908340262
1732908340304
1732908340344
1732908340392
1732908340492
1732908340560
1732908340578
1732908340650
1732908340753
1732908340794
1732908340840
1732908340851
1732908340962
1732908341030
1732908341074
1732908341131
1732908341259
1732908341300
1732908341336
1732908341377
1732908341471
1732908341524
1732908341553
1732908341628
1732908341733
1732908341791
1732908341859
1732908341926
1732908342052
1732908342146
1732908342174
1732908342293
1732908342387
1732908342419
1732908342449
1732908342484
1732908342591
1732908342688
1732908342730
1732908342799
1732908342906
1732908342969
1732908343022
1732908343106
1732908343251
1732908343334
1732908343352
1732908343446
1732908343549
1732908343590
1732908343617
1732908343666
1732908343783
1732908343846
1732908343870
1732908343957
1732908344132
1732908344168
1732908344199
1732908344254
1732908344359
1732908344397
1732908344440
1732908344496
1732908344588
1732908344613
1732908344642
1732908344674
1732908344766
1732908344835
1732908344879
1732908344925
1732908345015
1732908345047
1732908345073
1732908345105
1732908345203
1732908345258
1732908345307
1732908345352
1732908345467
1732908345503
1732908345523
1732908345560
1732908345650
1732908345714
1732908345755
1732908345807
1732908345903
1732908345958
1732908345976
1732908346004
1732908346096
1732908346208
1732908346213
1732908346270
1732908346346
1732908346372
1732908346399
1732908346436
1732908346522
1732908346624
1732908346633
1732908346682
1732908346835
1732908346859
1732908346897
1732908346931
1732908347035
1732908347099
1732908347130
1732908347185
1732908347286
1732908347339
1732908347432
1732908347436
1732908347575
1732908347646
1732908347663
1732908347724
1732908347814
1732908347844
1732908347901
1732908347947
1732908348016
1732908348107
1732908348167
1732908348292
1732908348430
1732908348470
1732908348532
1732908348566
1732908348685
1732908348787
1732908348828
1732908348896
1732908349027
1732908349056
1732908349092
1732908349124
1732908349287
1732908349382
1732908349437
1732908349547
1732908349693
1732908349764
1732908349792
1732908349820
1732908350013
1732908350164
1732908350195
1732908350302
1732908350398
1732908350427
1732908350481
1732908350543
1732908350716
1732908350819
1732908350849
1732908350925
1732908351119
1732908351201
1732908351249
1732908351297
1732908351421
1732908351502
1732908351543
1732908352404
1732908352721
1732908352903
1732908353112
1732908353238
1732908353794
1732908353957
1732908354302
1732908354368
1732908354445
1732908354464
1732908354484
1732908354504
1732908354590
1732908354655
1732908354705
1732908354750
1732908354778
1732908354831
1732908354833
1732908354833
1732908354834
1732908354838
1732908354839
1732908354906
1732908354942
1732908354989
1732908355007
1732908355014
1732908355058
1732908355099
1732908355106
1732908355153
1732908355242
1732908355256
1732908355288
1732908355313
1732908355557
1732908355631
1732908355667
1732908355834
1732908356025
1732908356072
1732908356133
1732908356183
1732908356458
1732908356532
1732908356573
1732908356691
1732908356856
1732908356894
1732908356956
1732908357009
1732908357141
1732908357222
1732908357283
1732908357378
1732908357499
1732908357559
1732908357596
1732908357641
1732908357811
1732908357890
1732908357939
1732908358025
1732908358184
1732908358238
1732908358284
1732908358310
1732908358445
1732908358505
1732908358567
1732908358636
1732908358744
1732908358783
1732908358820
1732908358873
1732908359011
1732908359068
1732908359109
1732908359201
1732908359312
1732908359365
1732908359433
1732908359452
1732908359571
1732908359639
1732908359681
1732908359784
1732908359937
1732908359958
1732908360010
1732908360057
1732908360191
1732908360288
1732908360339
1732908360411
1732908360525
1732908360574
1732908360617
1732908360657
1732908360771
1732908360884
1732908360931
1732908361044
1732908361167
1732908361219
1732908361248
1732908361301
1732908361433
1732908361521
1732908361548
1732908361604
1732908361762
1732908361818
1732908361848
1732908361884
1732908362015
1732908362092
1732908362143
1732908362235
1732908362361
1732908362407
1732908362444
1732908362488
1732908362625
1732908362725
1732908362768
1732908362850
1732908362947
1732908362985
1732908363031
1732908363063
1732908363155
1732908363228
1732908363250
1732908363341
1732908363458
1732908363488
1732908363529
1732908363548
1732908363667
1732908363735
1732908363756
1732908363831
1732908363962
1732908364013
1732908364042
1732908364063
1732908364175
1732908364257
1732908364314
1732908364420
1732908364560
1732908364599
1732908364629
1732908364671
1732908364823
1732908364920
1732908364945
1732908365021
1732908365147
1732908365174
1732908365207
1732908365237
1732908365345
1732908365404
1732908365445
1732908365533
1732908365651
1732908365683
1732908365723
1732908365771
1732908365879
1732908365953
1732908366005
1732908366066
1732908366188
1732908366236
1732908366252
1732908366284
1732908366399
1732908366460
1732908366482
1732908366557
1732908366654
1732908366697
1732908366726
1732908366773
1732908366928
1732908367038
1732908367078
1732908367177
1732908367333
1732908367430
1732908367434
1732908367456
1732908367592
1732908367685
1732908367748
1732908367791
1732908367904
1732908367945
1732908368073
1732908368114
1732908368249
1732908368322
1732908368362
1732908368429
1732908368538
1732908368580
1732908368614
1732908368669
1732908368772
1732908368837
1732908368877
1732908368937
1732908369037
1732908369071
1732908369104
1732908369148
1732908369250
1732908369335
1732908369377
1732908369440
1732908369555
1732908369589
1732908369627
1732908369682
1732908369816
1732908369895
1732908369919
1732908370001
1732908370083
1732908370126
1732908370170
1732908370219
1732908370324
1732908370380
1732908370422
1732908370491
1732908370581
1732908370613
1732908370644
1732908370698
1732908370832
1732908370891
1732908370913
1732908370982
1732908371079
1732908371121
1732908371159
1732908371209
1732908371294
1732908371382
1732908371401
1732908371459
1732908371573
1732908371594
1732908371630
1732908371666
1732908371765
1732908371828
1732908371854
1732908371948
1732908372031
1732908372066
1732908372107
1732908372115
1732908372216
1732908372274
1732908372327
1732908372374
1732908372473
1732908372498
1732908372545
1732908372554
1732908372653
1732908372726
1732908372757
1732908372812
1732908372941
1732908372946
1732908372986
1732908373021
1732908373114
1732908373196
1732908373206
1732908373275
1732908373366
1732908373401
1732908373440
1732908373464
1732908373569
1732908373630
1732908373660
1732908373727
1732908373830
1732908373863
1732908373908
1732908373936
1732908374021
1732908374106
1732908374146
1732908374207
1732908374300
1732908374339
1732908374370
1732908374403
1732908374492
1732908374546
1732908374574
1732908374646
1732908374729
1732908374761
1732908374794
1732908374829
1732908374928
1732908374989
1732908375019
1732908375079
1732908375175
1732908375205
1732908375237
1732908375265
1732908375358
1732908375418
1732908375455
1732908375514
1732908375613
1732908375637
1732908375678
1732908375719
1732908375805
1732908375861
1732908375892
1732908375960
1732908376054
1732908376083
1732908376111
1732908376142
1732908376246
1732908376306
1732908376343
1732908376397
1732908376507
1732908376549
1732908376587
1732908376596
1732908376690
1732908376789
1732908376849
1732908376940
1732908377038
1732908377095
1732908377119
1732908377158
1732908377232
1732908377296
1732908377348
1732908377383
1732908377479
1732908377512
1732908377539
1732908377582
1732908377666
1732908377723
1732908377768
1732908377818
1732908377917
1732908377947
1732908377994
1732908378002
1732908378102
1732908378163
1732908378193
1732908378253
1732908378347
1732908378390
1732908378421
1732908378445
1732908378538
1732908378633
1732908378690
1732908378765
1732908378907
1732908378924
1732908378971
1732908379026
1732908379132
1732908379200
1732908379257
1732908379376
1732908379517
1732908379558
1732908379585
1732908379617
1732908379726
1732908379787
1732908379802
1732908379880
1732908379978
1732908380008
1732908380039
1732908380054
1732908380151
1732908380228
1732908380273
1732908380327
1732908380400
1732908380447
1732908380467
1732908380490
1732908380596
1732908380659
1732908380691
1732908380749
1732908380837
1732908380860
1732908380898
1732908380922
1732908381037
1732908381102
1732908381112
1732908381191
1732908381279
1732908381304
1732908381337
1732908381378
1732908381469
1732908381524
1732908381567
1732908381649
1732908381752
1732908381827
1732908381899
1732908381906
1732908382055
1732908382111
1732908382143
1732908382204
1732908382305
1732908382347
1732908382377
1732908382430
1732908382557
1732908382621
1732908382653
1732908382712
1732908382801
1732908382832
1732908382861
1732908382894
1732908382983
1732908383061
1732908383089
1732908383151
1732908383246
1732908383277
1732908383307
1732908383339
1732908383411
1732908383489
1732908383511
1732908383577
1732908383667
1732908383695
1732908383751
1732908383764
1732908383847
1732908383948
1732908383956
1732908384002
1732908384137
1732908384141
1732908384180
1732908384209
1732908384293
1732908384361
1732908384391
1732908384453
1732908384561
1732908384613
1732908384642
1732908384673
1732908384802
1732908384875
1732908384929
1732908385038
1732908385139
1732908385179
1732908385222
1732908385244
1732908385343
1732908385429
1732908385464
1732908385543
1732908385623
1732908385655
1732908385708
1732908385717
1732908385812
1732908385891
1732908385922
1732908385982
1732908386076
1732908386106
1732908386135
1732908386166
1732908386251
1732908386353
1732908386374
1732908386479
1732908386555
1732908386601
1732908386664
1732908386693
1732908386790
1732908386877
1732908386910
1732908386964
1732908387093
1732908387134
1732908387172
1732908387205
1732908387314
1732908387383
1732908387433
1732908387476
1732908387571
1732908387602
1732908387634
1732908387678
1732908387774
1732908387825
1732908387856
1732908387934
1732908388037
1732908388070
1732908388101
1732908388130
1732908388222
1732908388284
1732908388314
1732908388371
1732908388466
1732908388518
1732908388550
1732908388587
1732908388681
1732908388771
1732908388779
1732908388841
1732908388950
1732908388982
1732908389029
1732908389057
1732908389160
1732908389196
1732908389231
1732908389299
1732908389396
1732908389438
1732908389462
1732908389497
1732908389589
1732908389651
1732908389682
1732908389758
1732908389866
1732908389875
1732908389904
1732908389947
1732908390031
1732908390106
1732908390120
1732908390180
1732908390286
1732908390303
1732908390358
1732908390371
1732908390452
1732908390513
1732908390542
1732908390619
1732908390782
1732908390904
1732908392068
1732908392099
1732908392153
1732908392205
1732908392210
1732908392218
1732908392230
1732908392240
1732908392241
1732908392241
1732908392293
1732908392294
1732908392294
1732908392323
1732908392323
1732908392348
1732908392363
1732908392389
1732908392408
1732908392451
1732908392452
1732908392515
1732908392549
1732908392555
1732908392574
1732908392629
1732908392682
1732908392764
1732908392781
1732908392832
1732908392934
1732908392964
1732908392993
1732908393022
1732908393113
1732908393186
1732908393225
1732908393265
1732908393351
1732908393391
1732908393422
1732908393464
1732908393557
1732908393626
1732908393659
1732908393718
1732908393819
1732908393854
1732908393871
1732908393949
1732908394083
1732908394140
1732908394159
1732908394245
1732908394367
1732908394411
1732908394445
1732908394480
1732908394597
1732908394695
1732908394714
1732908394784
1732908394868
1732908394902
1732908394932
1732908394981
1732908395067
1732908395119
1732908395183
1732908395260
1732908395377
1732908395449
1732908395479
1732908395523
1732908395623
1732908395701
1732908395741
1732908395801
1732908395895
1732908395937
1732908395982
1732908396018
1732908396124
1732908396179
1732908396212
1732908396294
1732908396417
1732908396448
1732908396502
1732908396547
1732908396651
1732908396755
1732908396790
1732908396862
1732908396965
1732908396985
1732908397014
1732908397065
1732908397204
1732908397271
1732908397305
1732908397351
1732908397455
1732908397465
1732908397496
1732908397526
1732908397628
1732908397687
1732908397704
1732908397767
1732908397863
1732908397887
1732908397918
1732908397951
1732908398044
1732908398107
1732908398152
1732908398274
1732908398352
1732908398380
1732908398404
1732908398437
1732908398533
1732908398600
1732908398628
1732908398702
1732908398796
1732908398818
1732908398850
1732908398893
1732908398981
1732908399049
1732908399085
1732908399176
1732908399293
1732908399329
1732908399361
1732908399427
1732908399554
1732908399601
1732908399634
1732908399717
1732908399853
1732908399899
1732908399926
1732908399958
1732908400049
1732908400112
1732908400145
1732908400221
1732908400328
1732908400339
1732908400365
1732908400405
1732908400491
1732908400575
1732908400584
1732908400648
1732908400764
1732908400772
1732908400803
1732908400836
1732908400925
1732908401004
1732908401038
1732908401138
1732908401298
1732908401331
1732908401338
1732908401401
1732908401537
1732908401635
1732908401688
1732908401797
1732908401896
1732908401930
1732908401963
1732908402023
1732908402162
1732908402243
1732908402319
1732908402410
1732908402620
1732908402632
1732908402681
1732908402747
1732908402891
1732908403046
1732908403079
1732908403124
1732908403240
1732908403263
1732908403315
1732908403359
1732908403500
1732908403595
1732908403605
1732908403748
1732908403829
1732908403858
1732908403909
1732908403967
1732908404056
1732908404207
1732908404241
1732908404317
1732908404476
1732908404527
1732908404562
1732908404581
1732908404686
1732908404752
1732908404794
1732908404850
1732908404952
1732908404996
1732908405086
1732908405096
1732908405201
1732908405282
1732908405320
1732908405398
1732908405497
1732908405541
1732908405585
1732908405601
1732908405700
1732908405768
1732908405804
1732908405878
1732908405976
1732908406018
1732908406073
1732908406103
1732908406197
1732908406267
1732908406297
1732908406352
1732908406443
1732908406476
1732908406507
1732908406539
1732908406647
1732908406719
1732908406760
1732908406818
1732908406936
1732908406978
1732908407042
1732908407083
1732908407207
1732908407315
1732908407392
1732908407465
1732908407592
1732908407629
1732908407706
1732908407718
1732908407815
1732908407950
1732908407975
1732908408069
1732908408220
1732908408229
1732908408285
1732908408333
1732908408514
1732908408606
1732908408639
1732908408701
1732908408808
1732908408847
1732908408906
1732908408939
1732908409101
1732908409171
1732908409231
1732908409344
1732908409539
1732908409608
1732908409646
1732908409678
1732908409771
1732908409831
1732908409863
1732908409940
1732908410018
1732908410058
1732908410084
1732908410120
1732908410216
1732908410279
1732908410309
1732908410372
1732908410461
1732908410508
1732908410555
1732908410602
1732908410697
1732908410765
1732908410823
1732908410874
1732908410983
1732908411014
1732908411043
1732908411072
1732908411171
1732908411236
1732908411295
1732908411343
1732908411463
1732908411471
1732908411508
1732908411542
1732908411641
1732908411719
1732908411807
1732908411945
1732908412071
1732908412105
1732908412129
1732908412140
1732908412373
1732908412478
1732908412546
1732908412611
1732908412846
1732908412938
1732908412985
1732908413000
1732908413093
1732908413224
1732908413262
1732908413359
1732908413546
1732908413590
1732908413638
1732908413668
1732908413816
1732908413895
1732908413927
1732908414029
1732908414118
1732908414158
1732908414189
1732908414236
1732908414325
1732908414404
1732908414428
1732908414527
1732908414660
1732908414692
1732908414734
1732908414781
1732908414873
1732908414980
1732908415013
1732908415093
1732908415193
1732908415234
1732908415273
1732908415318
1732908415464
1732908415538
1732908415578
1732908415643
1732908415734
1732908415763
1732908415795
1732908415847
1732908415925
1732908416011
1732908416040
1732908416094
1732908416204
1732908416253
1732908416309
1732908416343
1732908416445
1732908416506
1732908416540
1732908416602
1732908416695
1732908416725
1732908416755
1732908416784
1732908416874
1732908416941
1732908416973
1732908417042
1732908417152
1732908417193
1732908417222
1732908417242
1732908417334
1732908417395
1732908417425
1732908417485
1732908417584
1732908417618
1732908417651
1732908417672
1732908417777
1732908417835
1732908417867
1732908417941
1732908418027
1732908418056
1732908418117
1732908418125
1732908418213
1732908418277
1732908418322
1732908418380
1732908418479
1732908418508
1732908418529
1732908418559
1732908418652
1732908418718
1732908418751
1732908418819
1732908418897
1732908418930
1732908418951
1732908418983
1732908419089
1732908419134
1732908419167
1732908419231
1732908419328
1732908419351
1732908419371
1732908419401
1732908419490
1732908419553
1732908419587
1732908419648
1732908419746
1732908419779
1732908419837
1732908419846
1732908419956
1732908420027
1732908420054
1732908420126
1732908420213
1732908420248
1732908420295
1732908420304
1732908420402
1732908420460
1732908420492
1732908420556
1732908420650
1732908420681
1732908420706
1732908420745
1732908420823
1732908420899
1732908420913
1732908420982
1732908421079
1732908421137
1732908421167
1732908421193
1732908421327
1732908421370
1732908421381
1732908421450
1732908421522
1732908421544
1732908421573
1732908421603
1732908421699
1732908421780
1732908421790
1732908421853
1732908421953
1732908421989
1732908422037
1732908422057
1732908422148
1732908422218
1732908422235
1732908422296
1732908422383
1732908422425
1732908422436
1732908422469
1732908422560
1732908422620
1732908422652
1732908422714
1732908422801
1732908422871
1732908422879
1732908422925
1732908422993
1732908423058
1732908423088
1732908423148
1732908423238
1732908423266
1732908423321
1732908423326
1732908423435
1732908423517
1732908423553
1732908423630
1732908423763
1732908423841
1732908423874
1732908423904
1732908424034
1732908424071
1732908424103
1732908424194
1732908424303
1732908424323
1732908424370
1732908424396
1732908424483
1732908424563
1732908424596
1732908424660
1732908424763
1732908424771
1732908424801
1732908424839
1732908424916
1732908424971
1732908425001
1732908425072
1732908425190
1732908425234
1732908425281
1732908425311
1732908425431
1732908425526
1732908425545
1732908425610
1732908425700
1732908425731
1732908425760
1732908425811
1732908425891
1732908425950
1732908425980
1732908426038
1732908426144
1732908426181
1732908426210
1732908426271
1732908426332
1732908426412
1732908426421
1732908426508
1732908426607
1732908426613
1732908426642
1732908426671
1732908426783
1732908426844
1732908426876
1732908426945
1732908427064
1732908427069
1732908427117
1732908427159
1732908427284
1732908427378
1732908427405
1732908427483
1732908427595
1732908427647
1732908427700
1732908427729
1732908427926
1732908428010
1732908428032
1732908428135
1732908428281
1732908428353
1732908428399
1732908428429
1732908428615
1732908428710
1732908428747
1732908428811
1732908428908
1732908428962
1732908428989
1732908429030
1732908429184
1732908429269
1732908429301
1732908429386
1732908429525
1732908429557
1732908429585
1732908429622
1732908429710
1732908429766
1732908429812
1732908429875
1732908429977
1732908430006
1732908430036
1732908430072
1732908430159
1732908430220
1732908430263
1732908430355
1732908430432
1732908430467
1732908430516
1732908430540
1732908430645
1732908430714
1732908430775
1732908430845
1732908430925
1732908430946
1732908430976
1732908431003
1732908431124
1732908431186
1732908431214
1732908431275
1732908431369
1732908431425
1732908431434
1732908431464
1732908431562
1732908431635
1732908431703
1732908431797
1732908431898
1732908431934
1732908431968
1732908431995
1732908432088
1732908432143
1732908432176
1732908432249
1732908432346
1732908432377
1732908432403
1732908432460
1732908432556
1732908432654
1732908432706
1732908432848
1732908432996
1732908433066
1732908433090
1732908433153
1732908433283
1732908433366
1732908433409
1732908433521
1732908433655
1732908433693
1732908433721
1732908433768
1732908433870
1732908433947
1732908434037
1732908434087
1732908434216
1732908434262
1732908434280
1732908434324
1732908434432
1732908434524
1732908434567
1732908434679
1732908434801
1732908434853
1732908434915
1732908434995
1732908435107
1732908435176
1732908435184
1732908435256
1732908435369
1732908435410
1732908435447
1732908435479
1732908435606
1732908435682
1732908435690
1732908435774
1732908435910
1732908435952
1732908435990
1732908436035
1732908436128
1732908436236
1732908436273
1732908436375
1732908436497
1732908436538
1732908436562
1732908436627
1732908436733
1732908436804
1732908436866
1732908436941
1732908437076
1732908437128
1732908437154
1732908437201
1732908437343
1732908437415
1732908437458
1732908437536
1732908437663
1732908437711
1732908437756
1732908437794
1732908437940
1732908438047
1732908438076
1732908438158
1732908438319
1732908438343
1732908438419
1732908438461
1732908438613
1732908438712
1732908438745
1732908438840
1732908438955
1732908439023
1732908439079
1732908439234
1732908439401
1732908439505
1732908439555
1732908439615
1732908439726
1732908439761
1732908439793
1732908439848
1732908439970
1732908440030
1732908440060
1732908440122
1732908440240
1732908440271
1732908440313
1732908440351
1732908440430
1732908440493
1732908440521
1732908440600
1732908440727
1732908440751
1732908440797
1732908440828
1732908440956
1732908441021
1732908441051
1732908441175
1732908441325
1732908441359
1732908441378
1732908441421
1732908441528
1732908441577
1732908441610
1732908441671
1732908441797
1732908441817
1732908441865
1732908441927
1732908442068
1732908442125
1732908442166
1732908442212
1732908442329
1732908442363
1732908442392
1732908442422
1732908442539
1732908442600
1732908442634
1732908442710
1732908442798
1732908442828
1732908442858
1732908442894
1732908442998
1732908443061
1732908443068
1732908443131
1732908443244
1732908443285
1732908443310
1732908443365
1732908443436
1732908443510
1732908443535
1732908443633
1732908443740
1732908443786
1732908443812
1732908443856
1732908443960
1732908444013
1732908444044
1732908444112
1732908444215
1732908444298
1732908444355
1732908444422
1732908444588
1732908444705
1732908444787
1732908444857
1732908444977
1732908444996
1732908445030
1732908445073
1732908445193
1732908445267
1732908445310
1732908445404
1732908445555
1732908445589
1732908445628
1732908445669
1732908445793
1732908445869
1732908445902
1732908446005
1732908446141
1732908446170
1732908446202
1732908446253
1732908446379
1732908446462
1732908446481
1732908446588
1732908446673
1732908446725
1732908446827
1732908446923
1732908447048
1732908447124
1732908447180
1732908447257
1732908447391
1732908447453
1732908447497
1732908447527
1732908447662
1732908447727
1732908447757
1732908447831
1732908447951
1732908448034
1732908448041
1732908448082
1732908448167
1732908448237
1732908448271
1732908448378
1732908448562
1732908448616
1732908448639
1732908448681
1732908448811
1732908448862
1732908448902
1732908448963
1732908449048
1732908449079
1732908449108
1732908449149
1732908449319
1732908449405
1732908449481
1732908449560
1732908449711
1732908449810
1732908449882
1732908449899
1732908450008
1732908450123
1732908450144
1732908450232
1732908450359
1732908450385
1732908450427
1732908450445
1732908450563
1732908450610
1732908450654
1732908450719
1732908450835
1732908450861
1732908450916
1732908450935
1732908451065
1732908451154
1732908451185
1732908451246
1732908451339
1732908451362
1732908451394
1732908451445
1732908451551
1732908451613
1732908451663
1732908451754
1732908451857
1732908451890
1732908451918
1732908451976
1732908452082
1732908452172
1732908452202
1732908452281
1732908452395
1732908452427
1732908452458
1732908452512
1732908452589
1732908452661
1732908452702
1732908452787
1732908452914
1732908452921
1732908452952
1732908452989
1732908453084
1732908453131
1732908453185
1732908453252
1732908453384
1732908453416
1732908453450
1732908453493
1732908453604
1732908453710
1732908453718
1732908453788
1732908453920
1732908453932
1732908453970
1732908454000
1732908454104
1732908454170
1732908454220
1732908454287
1732908454359
1732908454383
1732908454409
1732908454441
1732908454586
1732908454668
1732908454717
1732908454780
1732908454864
1732908454926
1732908454936
1732908454967
1732908455072
1732908455139
1732908455181
1732908455242
1732908455350
1732908455396
1732908455458
1732908455474
1732908455587
1732908455663
1732908455714
1732908455827
1732908455984
1732908456036
1732908456169
1732908456192
1732908456286
1732908456360
1732908456401
1732908456460
1732908456558
1732908456607
1732908456622
1732908456653
1732908456744
1732908456806
1732908456837
1732908456901
1732908456995
1732908457022
1732908457063
1732908457091
1732908457205
1732908457267
1732908457287
1732908457348
1732908457425
1732908457474
1732908457506
1732908457528
1732908457624
1732908457688
1732908457718
1732908457778
1732908457863
1732908457929
1732908457936
1732908457978
1732908458072
1732908458132
1732908458210
1732908458309
1732908458425
1732908458469
1732908458504
1732908458568
1732908458755
1732908458801
1732908458868
1732908458948
1732908459164
1732908459171
1732908459230
1732908459318
1732908459415
1732908459486
1732908459554
1732908459591
1732908459756
1732908459809
1732908459858
1732908459895
1732908460055
1732908460130
1732908460168
1732908460263
1732908460411
1732908460460
1732908460489
1732908460523
1732908460644
1732908460719
1732908460761
1732908460832
1732908460952
1732908460990
1732908461015
1732908461051
1732908461167
1732908461225
1732908461261
1732908461354
1732908461427
1732908461495
1732908461520
1732908461545
1732908461666
1732908461753
1732908461807
1732908461866
1732908461965
1732908462012
1732908462066
1732908462115
1732908462261
1732908462315
1732908462372
1732908462447
1732908462576
1732908462599
1732908462653
1732908462715
1732908462799
1732908462872
1732908462915
1732908462977
1732908463119
1732908463153
1732908463204
1732908463234
1732908463366
1732908463453
1732908463479
1732908463555
1732908463701
1732908463797
1732908463814
1732908463820
1732908463987
1732908464038
1732908464087
1732908464162
1732908464275
1732908464300
1732908464366
1732908464386
1732908464508
1732908464575
1732908464616
1732908464726
1732908464819
1732908464861
1732908464909
1732908464941
1732908465088
1732908465157
1732908465185
1732908465265
1732908465393
1732908465402
1732908465446
1732908465505
1732908465623
1732908465728
1732908465777
1732908465799
1732908465897
1732908465930
1732908465968
1732908466007
1732908466122
1732908466194
1732908466234
1732908466315
