1732952095808
1732952118316
1732952118431
1732952118474
1732952118637
1732952118794
1732952118835
1732952118874
1732952118908
1732952119030
1732952119103
1732952119139
1732952119275
1732952119380
1732952119397
1732952119433
1732952119457
1732952119552
1732952119595
1732952119625
1732952119680
1732952119758
1732952119797
1732952119834
1732952119874
1732952119947
1732952119994
1732952120015
1732952120061
1732952120124
1732952120144
1732952120168
1732952120193
1732952120252
1732952120295
1732952120343
1732952120384
1732952120469
1732952120489
1732952120510
1732952120536
1732952120596
1732952120661
1732952120704
1732952120767
1732952120824
1732952120845
1732952120864
1732952120884
1732952120949
1732952120994
1732952121024
1732952121065
1732952121128
1732952121148
1732952121166
1732952121181
1732952121234
1732952121284
1732952121289
1732952121324
1732952121392
1732952121425
1732952121442
1732952121472
1732952121521
1732952121582
1732952121587
1732952121619
1732952121666
1732952121683
1732952121711
1732952121736
1732952121794
1732952121830
1732952121869
1732952121891
1732952121955
1732952121994
1732952122011
1732952122050
1732952122148
1732952122170
1732952122184
1732952122250
1732952122296
1732952122317
1732952122349
1732952122378
1732952122441
1732952122489
1732952122493
1732952122602
1732952122603
1732952122626
1732952122632
1732952122657
1732952122729
1732952122753
1732952122778
1732952122820
1732952122875
1732952122911
1732952122934
1732952122940
1732952123004
1732952123040
1732952123054
1732952123087
1732952123152
1732952123186
1732952123193
1732952123228
1732952123287
1732952123325
1732952123345
1732952123381
1732952123427
1732952123445
1732952123470
1732952123488
1732952123531
1732952123561
1732952123591
1732952123635
1732952123690
1732952123698
1732952123720
1732952123740
1732952123818
1732952123847
1732952123862
1732952123896
1732952123944
1732952123960
1732952123979
1732952123993
1732952124053
1732952124091
1732952124110
1732952124148
1732952124217
1732952124231
1732952124259
1732952124281
1732952124356
1732952124387
1732952124401
1732952124429
1732952124497
1732952124501
1732952124517
1732952124536
1732952124577
1732952124611
1732952124634
1732952124684
1732952124752
1732952124782
1732952124815
1732952124869
1732952124953
1732952124992
1732952125007
1732952125056
1732952125119
1732952125130
1732952125147
1732952125166
1732952125221
1732952125253
1732952125286
1732952125311
1732952125362
1732952125380
1732952125409
1732952125415
1732952125479
1732952125499
1732952125519
1732952125549
1732952125607
1732952125618
1732952125647
1732952125659
1732952125704
1732952125773
1732952125804
1732952125846
1732952125902
1732952125907
1732952125927
1732952125941
1732952125995
1732952126027
1732952126049
1732952126078
1732952126137
1732952126146
1732952126167
1732952126184
1732952126238
1732952126267
1732952126286
1732952126326
1732952126378
1732952126395
1732952126422
1732952126432
1732952126486
1732952126519
1732952126536
1732952126577
1732952126616
1732952126637
1732952126650
1732952126667
1732952126730
1732952126779
1732952126804
1732952126842
1732952126895
1732952126927
1732952126955
1732952126975
1732952127062
1732952127106
1732952127121
1732952127152
1732952127194
1732952127207
1732952127223
1732952127239
1732952127294
1732952127339
1732952127366
1732952127412
1732952127482
1732952127504
1732952127523
1732952127542
1732952127606
1732952127637
1732952127642
1732952127679
1732952127729
1732952127734
1732952127764
1732952127783
1732952127840
1732952127886
1732952127900
1732952127944
1732952127995
1732952128015
1732952128029
1732952128046
1732952128090
1732952128123
1732952128139
1732952128170
1732952128222
1732952128233
1732952128253
1732952128273
1732952128327
1732952128360
1732952128379
1732952128403
1732952128446
1732952128470
1732952128482
1732952128508
1732952128547
1732952128584
1732952128601
1732952128637
1732952128678
1732952128697
1732952128712
1732952128728
1732952128809
1732952128852
1732952128912
1732952128922
1732952128983
1732952129006
1732952129013
1732952129029
1732952129075
1732952129105
1732952129128
1732952129163
1732952129216
1732952129221
1732952129229
1732952129249
1732952129293
1732952129325
1732952129347
1732952129371
1732952129431
1732952129434
1732952129467
1732952129472
1732952129517
1732952129546
1732952129552
1732952129589
1732952129639
1732952129657
1732952129675
1732952129689
1732952129744
1732952129776
1732952129792
1732952129823
1732952129884
1732952129890
1732952129907
1732952129922
1732952129974
1732952130004
1732952130016
1732952130051
1732952130094
1732952130111
1732952130139
1732952130144
1732952130193
1732952130219
1732952130233
1732952130269
1732952130317
1732952130331
1732952130345
1732952130359
1732952130405
1732952130435
1732952130448
1732952130473
1732952130520
1732952130535
1732952130547
1732952130564
1732952130608
1732952130634
1732952130654
1732952130686
1732952130725
1732952130744
1732952130759
1732952130782
1732952130841
1732952130888
1732952130892
1732952130943
1732952131026
1732952131029
1732952131032
1732952131047
1732952131132
1732952131143
1732952131159
1732952131187
1732952131244
1732952131252
1732952131266
1732952131285
1732952131332
1732952131366
1732952131382
1732952131409
1732952131457
1732952131477
1732952131490
1732952131499
1732952131541
1732952131578
1732952131593
1732952131614
1732952131657
1732952131671
1732952131690
1732952131706
1732952131743
1732952131770
1732952131792
1732952131819
1732952131865
1732952131879
1732952131895
1732952131900
1732952131947
1732952131974
1732952131991
1732952132013
1732952132059
1732952132076
1732952132090
1732952132103
1732952132150
1732952132178
1732952132184
1732952132215
1732952132255
1732952132276
1732952132285
1732952132301
1732952132338
1732952132373
1732952132383
1732952132417
1732952132453
1732952132467
1732952132486
1732952132500
1732952132539
1732952132568
1732952132578
1732952132612
1732952132648
1732952132662
1732952132683
1732952132695
1732952132737
1732952132762
1732952132784
1732952132808
1732952132848
1732952132863
1732952132873
1732952132889
1732952132927
1732952132957
1732952132971
1732952133008
1732952133041
1732952133059
1732952133070
1732952133089
1732952133133
1732952133162
1732952133170
1732952133207
1732952133240
1732952133257
1732952133277
1732952133294
1732952133330
1732952133359
1732952133373
1732952133402
1732952133445
1732952133458
1732952133478
1732952133492
1732952133558
1732952133610
1732952133622
1732952133654
1732952133727
1732952133736
1732952133770
1732952133787
1732952133868
1732952133881
1732952133891
1732952133924
1732952133977
1732952133990
1732952134001
1732952134018
1732952134060
1732952134100
1732952134119
1732952134194
1732952134260
1732952134283
1732952134316
1732952134340
1732952134405
1732952134435
1732952134458
1732952134519
1732952134575
1732952134589
1732952134606
1732952134621
1732952134680
1732952134731
1732952134750
1732952134794
1732952134921
1732952134935
1732952134951
1732952134972
1732952135024
1732952135058
1732952135090
1732952135127
1732952135201
1732952135205
1732952135225
1732952135257
1732952135299
1732952135358
1732952135375
1732952135398
1732952135441
1732952135491
1732952135519
1732952135529
1732952135584
1732952135618
1732952135623
1732952135661
1732952135699
1732952135726
1732952135730
1732952135762
1732952135803
1732952135833
1732952135883
1732952135924
1732952135965
1732952135991
1732952136010
1732952136027
1732952136074
1732952136110
1732952136136
1732952136158
1732952136219
1732952136222
1732952136238
1732952136254
1732952136315
1732952136336
1732952136341
1732952136376
1732952136424
1732952136444
1732952136448
1732952136469
1732952136506
1732952136533
1732952136554
1732952136581
1732952136620
1732952136637
1732952136652
1732952136667
1732952136711
1732952136742
1732952136756
1732952136784
1732952136826
1732952136840
1732952136850
1732952136865
1732952136911
1732952136942
1732952136957
1732952136984
1732952137038
1732952137051
1732952137061
1732952137078
1732952137124
1732952137148
1732952137162
1732952137192
1732952137231
1732952137249
1732952137263
1732952137275
1732952137332
1732952137361
1732952137399
1732952137412
1732952137459
1732952137471
1732952137483
1732952137503
1732952137542
1732952137569
1732952137588
1732952137640
1732952137671
1732952137690
1732952137707
1732952137722
1732952137768
1732952137798
1732952137816
1732952137836
1732952137900
1732952137918
1732952137923
1732952137927
1732952137964
1732952137994
1732952138012
1732952138036
1732952138076
1732952138094
1732952138115
1732952138120
1732952138159
1732952138190
1732952138196
1732952138228
1732952138267
1732952138281
1732952138302
1732952138322
1732952138369
1732952138393
1732952138411
1732952138446
1732952138485
1732952138500
1732952138517
1732952138534
1732952138575
1732952138603
1732952138616
1732952138646
1732952138683
1732952138703
1732952138735
1732952138750
1732952138809
1732952138865
1732952138874
1732952138920
1732952138973
1732952139004
1732952139023
1732952139038
1732952139095
1732952139125
1732952139145
1732952139164
1732952139211
1732952139221
1732952139240
1732952139245
1732952139289
1732952139321
1732952139335
1732952139362
1732952139405
1732952139417
1732952139439
1732952139444
1732952139484
1732952139513
1732952139535
1732952139559
1732952139601
1732952139614
1732952139625
1732952139640
1732952139686
1732952139718
1732952139740
1732952139763
1732952139818
1732952139823
1732952139859
1732952139863
1732952139908
1732952139936
1732952139952
1732952139979
1732952140024
1732952140039
1732952140053
1732952140066
1732952140106
1732952140139
1732952140154
1732952140182
1732952140222
1732952140237
1732952140251
1732952140264
1732952140309
1732952140341
1732952140355
1732952140388
1732952140432
1732952140446
1732952140462
1732952140477
1732952140522
1732952140551
1732952140568
1732952140597
1732952140636
1732952140653
1732952140671
1732952140683
1732952140746
1732952140776
1732952140789
1732952140828
1732952140872
1732952140883
1732952140898
1732952140911
1732952140956
1732952140996
1732952141034
1732952141080
1732952141146
1732952141194
1732952141206
1732952141230
1732952141277
1732952141319
1732952141333
1732952141375
1732952141445
1732952141476
1732952141488
1732952141507
1732952141579
1732952141626
1732952141638
1732952141684
1732952141734
1732952141744
1732952141765
1732952141781
1732952141844
1732952141880
1732952141904
1732952141945
1732952141997
1732952142016
1732952142034
1732952142047
1732952142088
1732952142118
1732952142129
1732952142158
1732952142204
1732952142218
1732952142236
1732952142245
1732952142289
1732952142326
1732952142336
1732952142368
1732952142412
1732952142426
1732952142447
1732952142461
1732952142498
1732952142530
1732952142543
1732952142574
1732952142641
1732952142660
1732952142687
1732952142698
1732952142757
1732952142798
1732952142819
1732952142856
1732952142905
1732952142934
1732952142947
1732952142974
1732952143027
1732952143060
1732952143072
1732952143105
1732952143158
1732952143180
1732952143201
1732952143222
1732952143277
1732952143332
1732952143345
1732952143373
1732952143428
1732952143447
1732952143467
1732952143484
1732952143544
1732952143601
1732952143614
1732952143648
1732952143693
1732952143705
1732952143717
1732952143736
1732952143774
1732952143810
1732952143822
1732952143849
1732952143891
1732952143907
1732952143919
1732952143935
1732952143985
1732952144007
1732952144026
1732952144054
1732952144092
1732952144106
1732952144121
1732952144136
1732952144180
1732952144208
1732952144222
1732952144253
1732952144293
1732952144308
1732952144323
1732952144338
1732952144382
1732952144411
1732952144425
1732952144458
1732952144499
1732952144509
1732952144529
1732952144541
1732952144585
1732952144609
1732952144624
1732952144656
1732952144699
1732952144715
1732952144727
1732952144739
1732952144784
1732952144811
1732952144831
1732952144868
1732952144904
1732952144917
1732952144936
1732952144956
1732952144995
1732952145020
1732952145039
1732952145067
1732952145108
1732952145121
1732952145140
1732952145153
1732952145191
1732952145219
1732952145239
1732952145266
1732952145303
1732952145320
1732952145336
1732952145348
1732952145392
1732952145420
1732952145431
1732952145461
1732952145502
1732952145524
1732952145538
1732952145559
1732952145624
1732952145668
1732952145702
1732952145727
1732952145775
1732952145790
1732952145807
1732952145828
1732952145885
1732952145936
1732952145964
1732952146001
1732952146043
1732952146049
1732952146066
1732952146087
1732952146152
1732952146179
1732952146205
1732952146250
1732952146336
1732952146341
1732952146344
1732952146355
1732952146415
1732952146452
1732952146471
1732952146523
1732952146579
1732952146597
1732952146627
1732952146632
1732952146686
1732952146713
1732952146726
1732952146755
1732952146812
1732952146832
1732952146853
1732952146872
1732952146948
1732952146983
1732952146989
1732952147021
1732952147065
1732952147080
1732952147093
1732952147107
1732952147151
1732952147182
1732952147191
1732952147224
1732952147267
1732952147279
1732952147296
1732952147314
1732952147370
1732952147406
1732952147431
1732952147471
1732952147526
1732952147541
1732952147557
1732952147574
1732952147631
1732952147673
1732952147697
1732952147745
1732952147807
1732952147813
1732952147837
1732952147842
1732952147898
1732952147922
1732952147958
1732952147978
1732952148026
1732952148049
1732952148078
1732952148098
1732952148156
1732952148198
1732952148208
1732952148253
1732952148330
1732952148349
1732952148387
1732952148415
1732952148498
1732952148548
1732952148587
1732952148645
1732952148706
1732952148711
1732952148735
1732952148744
1732952148815
1732952148841
1732952148897
1732952148938
1732952148996
1732952149005
1732952149014
1732952149051
1732952149125
1732952149203
1732952149208
1732952149261
1732952149373
1732952149405
1732952149411
1732952149440
1732952149500
1732952149544
1732952149567
1732952149598
1732952149667
1732952149696
1732952149716
1732952149737
1732952149793
1732952149834
1732952149855
1732952149889
1732952149946
1732952149965
1732952149985
1732952150005
1732952150065
1732952150109
1732952150132
1732952150187
1732952150276
1732952150312
1732952150349
1732952150398
1732952150508
1732952150566
1732952150592
1732952150638
1732952150755
1732952150790
1732952150795
1732952150808
1732952150859
1732952150895
1732952150927
1732952150961
1732952151010
1732952151028
1732952151047
1732952151066
1732952151118
1732952151150
1732952151173
1732952151211
1732952151294
1732952151313
1732952151338
1732952151357
1732952151415
1732952151455
1732952151475
1732952151543
1732952151595
1732952151599
1732952151626
1732952151639
1732952151735
1732952151767
1732952151799
1732952151839
1732952151893
1732952151907
1732952151926
1732952151944
1732952151995
1732952152069
1732952152097
1732952152146
1732952152211
1732952152227
1732952152250
1732952152277
1732952152330
1732952152379
1732952152404
1732952152442
1732952152486
1732952152507
1732952152545
1732952152555
1732952152641
1732952152700
1732952152718
1732952152757
1732952152814
1732952152842
1732952152863
1732952152878
1732952152940
1732952152989
1732952153000
1732952153040
1732952153086
1732952153103
1732952153121
1732952153139
1732952153181
1732952153209
1732952153229
1732952153252
1732952153302
1732952153323
1732952153333
1732952153358
1732952153398
1732952153434
1732952153444
1732952153480
1732952153526
1732952153535
1732952153559
1732952153569
1732952153628
1732952153670
1732952153682
1732952153714
1732952153765
1732952153797
1732952153808
1732952153828
1732952153907
1732952153942
1732952153954
1732952153992
1732952154034
1732952154054
1732952154068
1732952154085
1732952154135
1732952154167
1732952154178
1732952154212
1732952154253
1732952154267
1732952154287
1732952154301
1732952154348
1732952154378
1732952154392
1732952154417
1732952154462
1732952154477
1732952154492
1732952154506
1732952154549
1732952154580
1732952154607
1732952154634
1732952154689
1732952154701
1732952154718
1732952154734
1732952154786
1732952154815
1732952154832
1732952154868
1732952154936
1732952154940
1732952154947
1732952154967
1732952155007
1732952155046
1732952155066
1732952155115
1732952155182
1732952155200
1732952155226
1732952155249
1732952155296
1732952155335
1732952155341
1732952155421
1732952155462
1732952155484
1732952155525
1732952155529
1732952155569
1732952155595
1732952155600
1732952155636
1732952155702
1732952155728
1732952155746
1732952155775
1732952155846
1732952155887
1732952155900
1732952155952
1732952155988
1732952156005
1732952156022
1732952156052
1732952156098
1732952156128
1732952156146
1732952156178
1732952156231
1732952156244
1732952156265
1732952156272
1732952156318
1732952156350
1732952156362
1732952156391
1732952156440
1732952156453
1732952156465
1732952156479
1732952156533
1732952156576
1732952156596
1732952156635
1732952156698
1732952156720
1732952156749
1732952156764
1732952156802
1732952156831
1732952156846
1732952156875
1732952156918
1732952156931
1732952156945
1732952156960
1732952157009
1732952157035
1732952157049
1732952157094
1732952157123
1732952157138
1732952157151
1732952157167
1732952157213
1732952157252
1732952157268
1732952157293
1732952157344
1732952157354
1732952157367
1732952157381
1732952157425
1732952157452
1732952157472
1732952157501
1732952157538
1732952157551
1732952157569
1732952157581
1732952157623
1732952157657
1732952157670
1732952157694
1732952157738
1732952157752
1732952157768
1732952157782
1732952157823
1732952157858
1732952157869
1732952157896
1732952157936
1732952157951
1732952157970
1732952157984
1732952158023
1732952158072
1732952158088
1732952158115
1732952158182
1732952158207
1732952158225
1732952158248
1732952158305
1732952158342
1732952158357
1732952158387
1732952158437
1732952158453
1732952158471
1732952158489
1732952158532
1732952158563
1732952158581
1732952158610
1732952158650
1732952158665
1732952158678
1732952158695
1732952158736
1732952158819
1732952158824
1732952158869
1732952158923
1732952158940
1732952158953
1732952158966
1732952159014
1732952159054
1732952159073
1732952159097
1732952159142
1732952159178
1732952159190
1732952159209
1732952159269
1732952159323
1732952159327
1732952159369
1732952159432
1732952159438
1732952159442
1732952159479
1732952159510
1732952159531
1732952159548
1732952159583
1732952159628
1732952159644
1732952159657
1732952159676
1732952159728
1732952159750
1732952159763
1732952159795
1732952159878
1732952159887
1732952159935
1732952159965
1732952160058
1732952160118
1732952160161
1732952160210
1732952160334
1732952160359
1732952160388
1732952160407
1732952160481
1732952160538
1732952160575
1732952160625
1732952160687
1732952160705
1732952160712
1732952160738
1732952160790
1732952160845
1732952160861
1732952160907
1732952160988
1732952161007
1732952161036
1732952161054
1732952161153
1732952161232
1732952161255
1732952161316
1732952161385
1732952161393
1732952161415
1732952161442
1732952161514
1732952161556
1732952161588
1732952161634
1732952161716
1732952161733
1732952161753
1732952161805
1732952161879
1732952161916
1732952161942
1732952162034
1732952162140
1732952162149
1732952162177
1732952162211
1732952162278
1732952162331
1732952162357
1732952162407
1732952162469
1732952162491
1732952162523
1732952162552
1732952162620
1732952162675
1732952162683
1732952162725
1732952162795
1732952162818
1732952162841
1732952162866
1732952162941
1732952162991
1732952163021
1732952163083
1732952163164
1732952163192
1732952163218
1732952163246
1732952163320
1732952163366
1732952163395
1732952163451
1732952163520
1732952163581
1732952163588
1732952163616
1732952163660
1732952163701
1732952163733
1732952163783
1732952163842
1732952163862
1732952163883
1732952163912
1732952163980
1732952164035
1732952164061
1732952164095
1732952164171
1732952164203
1732952164213
1732952164295
1732952164347
1732952164393
1732952164422
1732952164485
1732952164534
1732952164570
1732952164612
1732952164618
1732952164674
1732952164723
1732952164750
1732952164801
1732952164881
1732952164904
1732952164934
1732952164952
1732952165015
1732952165098
1732952165102
1732952165152
1732952165210
1732952165236
1732952165280
1732952165299
1732952165365
1732952165408
1732952165429
1732952165486
1732952165575
1732952165594
1732952165627
1732952165657
1732952165721
1732952165782
1732952165799
1732952165846
1732952165924
1732952165948
1732952165978
1732952165996
1732952166064
1732952166134
1732952166154
1732952166195
1732952166275
1732952166282
1732952166309
1732952166331
1732952166399
1732952166446
1732952166477
1732952166539
1732952166612
1732952166641
1732952166665
1732952166687
1732952166759
1732952166856
1732952166903
1732952167009
1732952167083
1732952167114
1732952167144
1732952167171
1732952167247
1732952167299
1732952167335
1732952167378
1732952167451
1732952167478
1732952167499
1732952167522
1732952167593
1732952167642
1732952167663
1732952167780
1732952167900
1732952167920
1732952167949
1732952167974
1732952168041
1732952168085
1732952168112
1732952168157
1732952168226
1732952168259
1732952168280
1732952168307
1732952168434
1732952168492
1732952168498
1732952168563
1732952168625
1732952168645
1732952168669
1732952168699
1732952168791
1732952168864
1732952168893
1732952168950
1732952169053
1732952169084
1732952169105
1732952169141
1732952169230
1732952169280
1732952169311
1732952169352
1732952169432
1732952169453
1732952169470
1732952169513
1732952169572
1732952169634
1732952169642
1732952169718
1732952169813
1732952169846
1732952169863
1732952169893
1732952169950
1732952170022
1732952170027
1732952170072
1732952170186
1732952170223
1732952170229
1732952170245
1732952170318
1732952170366
1732952170394
1732952170442
1732952170518
1732952170546
1732952170568
1732952170585
1732952170673
1732952170729
1732952170736
1732952170801
1732952170871
1732952170880
1732952170904
1732952170929
1732952170993
1732952171036
1732952171061
1732952171108
1732952171173
1732952171194
1732952171226
1732952171242
1732952171312
1732952171391
1732952171409
1732952171456
1732952171510
1732952171529
1732952171547
1732952171569
1732952171650
1732952171741
1732952171792
1732952171846
1732952171925
1732952171955
1732952171982
1732952171989
1732952172060
1732952172113
1732952172146
1732952172183
1732952172253
1732952172275
1732952172315
1732952172322
1732952172403
1732952172498
1732952172513
1732952172573
1732952172649
1732952172668
1732952172694
1732952172719
1732952172797
1732952172844
1732952172863
1732952172922
1732952172976
1732952173006
1732952173032
1732952173039
1732952173107
1732952173154
1732952173200
1732952173224
1732952173295
1732952173344
1732952173347
1732952173355
1732952173421
1732952173477
1732952173495
1732952173556
1732952173620
1732952173641
1732952173662
1732952173675
1732952173720
1732952173749
1732952173767
1732952173797
1732952173846
1732952173857
1732952173871
1732952173889
1732952173943
1732952173972
1732952173989
1732952174024
1732952174072
1732952174093
1732952174110
1732952174123
1732952174167
1732952174199
1732952174213
1732952174250
1732952174295
1732952174312
1732952174329
1732952174347
1732952174400
1732952174433
1732952174443
1732952174472
1732952174517
1732952174535
1732952174560
1732952174566
1732952174618
1732952174649
1732952174668
1732952174709
1732952174765
1732952174792
1732952174814
1732952174827
1732952174889
1732952174925
1732952174944
1732952174979
1732952175039
1732952175045
1732952175067
1732952175092
1732952175137
1732952175176
1732952175195
1732952175233
1732952175297
1732952175301
1732952175320
1732952175370
1732952175405
1732952175424
1732952175437
1732952175468
1732952175521
1732952175535
1732952175553
1732952175571
1732952175612
1732952175642
1732952175655
1732952175685
1732952175730
1732952175748
1732952175767
1732952175785
1732952175846
1732952175881
1732952175893
1732952175933
1732952175981
1732952176007
1732952176017
1732952176041
1732952176083
1732952176114
1732952176124
1732952176154
1732952176204
1732952176216
1732952176239
1732952176254
1732952176297
1732952176331
1732952176349
1732952176392
1732952176452
1732952176465
1732952176492
1732952176515
1732952176562
1732952176589
1732952176607
1732952176649
1732952176704
1732952176724
1732952176764
1732952176769
1732952176819
1732952176872
1732952176877
1732952176909
1732952176969
1732952176998
1732952177004
1732952177037
1732952177080
1732952177123
1732952177140
1732952177174
1732952177257
1732952177263
1732952177277
1732952177284
1732952177368
1732952177389
1732952177395
1732952177433
1732952177500
1732952177527
1732952177537
1732952177565
1732952177606
1732952177644
1732952177660
1732952177701
1732952177757
1732952177771
1732952177789
1732952177805
1732952177858
1732952177893
1732952177910
1732952177942
1732952177995
1732952178009
1732952178040
1732952178046
1732952178109
1732952178139
1732952178158
1732952178185
1732952178239
1732952178266
1732952178273
1732952178304
1732952178351
1732952178400
1732952178444
1732952178488
1732952178538
1732952178565
1732952178591
1732952178600
1732952178660
1732952178703
1732952178709
1732952178763
1732952178809
1732952178815
1732952178846
1732952178856
1732952178922
1732952178954
1732952178975
1732952179012
1732952179071
1732952179092
1732952179115
1732952179125
1732952179179
1732952179210
1732952179235
1732952179263
1732952179307
1732952179342
1732952179348
1732952179374
1732952179411
1732952179453
1732952179460
1732952179497
1732952179545
1732952179554
1732952179577
1732952179585
1732952179642
1732952179670
1732952179694
1732952179743
1732952179821
1732952179828
1732952179857
1732952179875
1732952179933
1732952179982
1732952179989
1732952180023
1732952180069
1732952180093
1732952180115
1732952180136
1732952180185
1732952180225
1732952180237
1732952180272
1732952180352
1732952180357
1732952180363
1732952180377
1732952180432
1732952180524
1732952180530
1732952180530
1732952180558
1732952180575
1732952180589
1732952180608
1732952180663
1732952180684
1732952180705
1732952180738
1732952180778
1732952180794
1732952180808
1732952180826
1732952180869
1732952180899
1732952180914
1732952180942
1732952180992
1732952181016
1732952181022
1732952181047
1732952181085
1732952181116
1732952181129
1732952181159
1732952181215
1732952181222
1732952181249
1732952181255
1732952181306
1732952181338
1732952181355
1732952181390
1732952181438
1732952181455
1732952181478
1732952181484
1732952181542
1732952181565
1732952181595
1732952181635
1732952181678
1732952181697
1732952181713
1732952181728
1732952181776
1732952181805
1732952181819
1732952181851
1732952181895
1732952181917
1732952181931
1732952181945
1732952181987
1732952182027
1732952182041
1732952182074
1732952182122
1732952182137
1732952182150
1732952182170
1732952182244
1732952182275
1732952182281
1732952182322
1732952182371
1732952182398
1732952182414
1732952182425
1732952182485
1732952182522
1732952182540
1732952182572
1732952182635
1732952182650
1732952182674
1732952182689
1732952182750
1732952182784
1732952182818
1732952182854
1732952182918
1732952182933
1732952182952
1732952182988
1732952183034
1732952183070
1732952183093
1732952183138
1732952183185
1732952183203
1732952183225
1732952183243
1732952183304
1732952183340
1732952183358
1732952183391
1732952183445
1732952183486
1732952183501
1732952183519
1732952183564
1732952183598
1732952183613
1732952183651
1732952183710
1732952183726
1732952183744
1732952183761
1732952183812
1732952183852
1732952183878
1732952183914
1732952183967
1732952183984
1732952184004
1732952184027
1732952184076
1732952184114
1732952184132
1732952184169
1732952184217
1732952184242
1732952184256
1732952184279
1732952184332
1732952184375
1732952184392
1732952184448
1732952184503
1732952184514
1732952184536
1732952184545
1732952184610
1732952184647
1732952184671
1732952184703
1732952184758
1732952184775
1732952184793
1732952184809
1732952184874
1732952184922
1732952184934
1732952184988
1732952185032
1732952185047
1732952185064
1732952185087
1732952185131
1732952185167
1732952185185
1732952185224
1732952185286
1732952185296
1732952185313
1732952185334
1732952185389
1732952185428
1732952185443
1732952185475
1732952185533
1732952185541
1732952185558
1732952185579
1732952185629
1732952185667
1732952185685
1732952185730
1732952185790
1732952185803
1732952185819
1732952185832
1732952185885
1732952185929
1732952185943
1732952185977
1732952186034
1732952186057
1732952186090
1732952186099
1732952186144
1732952186193
1732952186210
1732952186246
1732952186306
1732952186310
1732952186331
1732952186350
1732952186399
1732952186433
1732952186460
1732952186491
1732952186549
1732952186565
1732952186583
1732952186605
1732952186662
1732952186693
1732952186708
1732952186744
1732952186812
1732952186817
1732952186832
1732952186856
1732952186929
1732952186957
1732952186982
1732952187013
1732952187067
1732952187095
1732952187135
1732952187143
1732952187179
1732952187238
1732952187252
1732952187274
1732952187349
1732952187373
1732952187380
1732952187389
1732952187455
1732952187483
1732952187510
1732952187553
1732952187597
1732952187606
1732952187628
1732952187643
1732952187812
1732952188291
1732952188335
1732952188389
1732952188415
1732952188416
1732952188416
1732952188416
1732952188549
1732952188549
1732952188573
1732952188589
1732952188614
1732952188615
1732952188615
1732952188615
1732952188616
1732952188616
1732952188697
1732952188722
1732952188744
1732952188749
1732952188753
1732952188754
1732952188765
1732952188770
1732952188770
1732952188786
1732952188792
1732952188799
1732952188803
1732952188808
1732952188825
1732952188849
1732952188864
1732952188902
1732952188957
1732952188973
1732952189009
1732952189052
1732952189100
1732952189138
1732952189169
1732952189204
1732952189265
1732952189271
1732952189288
1732952189299
1732952189373
1732952189404
1732952189440
1732952189465
1732952189540
1732952189547
1732952189572
1732952189604
1732952189649
1732952189715
1732952189717
1732952189816
1732952189887
1732952189891
1732952189922
1732952189927
1732952189975
1732952189986
1732952190012
1732952190054
1732952190118
1732952190146
1732952190169
1732952190187
1732952190242
1732952190283
1732952190300
1732952190348
1732952190425
1732952190443
1732952190465
1732952190483
1732952190570
1732952190602
1732952190618
1732952190654
1732952190727
1732952190737
1732952190759
1732952190778
1732952190840
1732952190881
1732952190902
1732952190942
1732952190992
1732952191015
1732952191051
1732952191057
1732952191135
1732952191164
1732952191192
1732952191243
1732952191284
1732952191300
1732952191332
1732952191348
1732952191412
1732952191460
1732952191476
1732952191526
1732952191580
1732952191606
1732952191637
1732952191658
1732952191709
1732952191748
1732952191772
1732952191807
1732952191866
1732952191888
1732952191894
1732952191917
1732952191972
1732952192008
1732952192028
1732952192067
1732952192119
1732952192139
1732952192184
1732952192189
1732952192250
1732952192313
1732952192316
1732952192335
1732952192387
1732952192414
1732952192432
1732952192448
1732952192508
1732952192564
1732952192568
1732952192615
1732952192660
1732952192673
1732952192692
1732952192710
1732952192772
1732952192813
1732952192827
1732952192883
1732952192930
1732952192935
1732952192954
1732952192984
1732952193033
1732952193074
1732952193099
1732952193141
1732952193208
1732952193217
1732952193223
1732952193235
1732952193296
1732952193354
1732952193375
1732952193417
1732952193477
1732952193500
1732952193525
1732952193542
1732952193605
1732952193649
1732952193667
1732952193721
1732952193784
1732952193804
1732952193835
1732952193851
1732952193947
1732952193973
1732952193991
1732952194028
1732952194103
1732952194133
1732952194172
1732952194177
1732952194225
1732952194260
1732952194283
1732952194329
