1732901309737
1732901350071
1732901351282
1732901351625
1732901351984
1732901352464
1732901352605
1732901352742
1732901352928
1732901353348
1732901353653
1732901353769
1732901354005
1732901354310
1732901354406
1732901354505
1732901354564
1732901354876
1732901355032
1732901355088
1732901355282
1732901355635
1732901355685
1732901355738
1732901355782
1732901356052
1732901356239
1732901356309
1732901356575
1732901356729
1732901356893
1732901357501
1732901357573
1732901357647
1732901357734
1732901357926
1732901358014
1732901358089
1732901358138
1732901358373
1732901358512
1732901358582
1732901358738
1732901358992
1732901359085
1732901359134
1732901359173
1732901359402
1732901359541
1732901359584
1732901359686
1732901359903
1732901359988
1732901360044
1732901360136
1732901360352
1732901360524
1732901360584
1732901360807
1732901361074
1732901361131
1732901361222
1732901361542
1732901361660
1732901361724
1732901361795
1732901361991
1732901362052
1732901362073
1732901362124
1732901362258
1732901362366
1732901362422
1732901362472
1732901362647
1732901362656
1732901362703
1732901362741
1732901362838
1732901362936
1732901363108
1732901363170
1732901363316
1732901363356
1732901363418
1732901363491
1732901363620
1732901363717
1732901363766
1732901363866
1732901364019
1732901364040
1732901364402
1732901364469
1732901364602
1732901364694
1732901364752
1732901364828
1732901364861
1732901365038
1732901365127
1732901365159
1732901365287
1732901365541
1732901365568
1732901365589
1732901365655
1732901365789
1732901365910
1732901365985
1732901366067
1732901366252
1732901366323
1732901366386
1732901366451
1732901366623
1732901366731
1732901366864
1732901366986
1732901367091
1732901367146
1732901367211
1732901367462
1732901367556
1732901367626
1732901367707
1732901367867
1732901367920
1732901367979
1732901368033
1732901368203
1732901368311
1732901368407
1732901368524
1732901368632
1732901368689
1732901368721
1732901368769
1732901368936
1732901369069
1732901369157
1732901369257
1732901369441
1732901369502
1732901369558
1732901369616
1732901369816
1732901369954
1732901370007
1732901370125
1732901370326
1732901370379
1732901370764
1732901370933
1732901371007
1732901371129
1732901371355
1732901371395
1732901371421
1732901371500
1732901371676
1732901371813
1732901371878
1732901372022
1732901372197
1732901372269
1732901372349
1732901372424
1732901372577
1732901372693
1732901372769
1732901372924
1732901373118
1732901373174
1732901373229
1732901373301
1732901373458
1732901373571
1732901373674
1732901373843
1732901374032
1732901374084
1732901374587
1732901374662
1732901374790
1732901374999
1732901375053
1732901375116
1732901375217
1732901375384
1732901375522
1732901375572
1732901375706
1732901375916
1732901375981
1732901376046
1732901376118
1732901376299
1732901376431
1732901376487
1732901376611
1732901376802
1732901376864
1732901376966
1732901377020
1732901377246
1732901377391
1732901377484
1732901377623
1732901377814
1732901377872
1732901377930
