1732908265508
1732908279457
1732908279529
1732908279547
1732908279558
1732908279686
1732908279755
1732908279792
1732908279856
1732908280077
1732908280211
1732908280268
1732908280360
1732908280724
1732908280749
1732908280793
1732908280811
1732908281111
1732908281202
1732908281408
1732908281676
1732908281991
1732908282147
1732908282181
1732908282261
1732908282507
1732908282622
1732908282728
1732908282901
1732908283130
1732908283167
1732908283228
1732908283266
1732908283439
1732908283524
1732908283574
1732908283690
1732908283942
1732908283979
1732908284030
1732908284087
1732908284229
1732908284322
1732908284365
1732908284499
1732908284672
1732908284716
1732908284792
1732908284883
1732908285103
1732908285346
1732908285409
1732908285518
1732908285652
1732908285715
1732908285768
1732908285839
1732908286085
1732908286291
1732908286391
1732908286665
1732908286835
1732908286900
1732908286957
1732908287058
1732908287384
1732908287747
1732908287763
1732908287915
1732908288087
1732908288155
1732908288201
1732908288288
1732908288456
1732908288514
1732908288569
1732908288673
1732908288848
1732908288974
1732908288995
1732908289032
1732908289195
1732908289302
1732908289404
1732908289539
1732908289733
1732908289806
1732908289952
1732908289961
1732908290100
1732908290190
1732908290230
1732908290312
1732908290425
1732908290488
1732908290551
1732908290560
1732908290727
1732908290811
1732908290855
1732908290943
1732908291091
1732908291098
1732908291134
1732908291154
1732908291242
1732908291366
1732908291402
1732908291472
1732908291561
1732908291595
1732908291632
1732908291662
1732908291805
1732908291857
1732908291887
1732908291969
1732908292138
1732908292155
1732908292234
1732908292290
1732908292432
1732908292477
1732908292502
1732908292648
1732908292823
1732908292939
1732908293004
1732908293109
1732908293313
1732908293426
1732908293509
1732908293644
1732908293814
1732908293859
1732908293925
1732908293977
1732908294110
1732908294194
1732908294227
1732908294366
1732908294548
1732908294588
1732908294632
1732908294690
1732908294827
1732908294930
1732908294950
1732908295034
1732908295157
1732908295190
1732908295240
1732908295282
1732908295398
1732908295475
1732908295529
1732908295643
1732908295796
1732908295839
1732908295883
1732908295932
1732908296039
1732908296121
1732908296175
1732908296275
1732908296392
1732908296444
1732908296497
1732908296525
1732908296675
1732908296762
1732908296834
1732908296916
1732908297037
1732908297071
1732908297107
1732908297146
1732908297260
1732908297333
1732908297373
1732908297468
1732908297553
1732908297594
1732908297628
1732908297680
1732908297822
1732908297912
1732908297938
1732908298077
1732908298153
1732908298221
1732908298230
1732908298278
1732908298389
1732908298472
1732908298526
1732908298612
1732908298755
1732908298789
1732908298831
1732908298862
1732908298967
1732908299038
1732908299072
1732908299152
1732908299254
1732908299276
1732908299314
1732908299349
1732908299453
1732908299534
1732908299562
1732908299653
1732908299769
1732908299816
1732908299849
1732908299875
1732908299981
1732908300063
1732908300110
1732908300172
1732908300283
1732908300321
1732908300362
1732908300383
1732908300500
1732908300590
1732908300627
1732908300701
1732908300842
1732908300857
1732908300961
1732908301031
1732908301184
1732908301259
1732908301296
1732908301375
1732908301486
1732908301517
1732908301553
1732908301586
1732908301690
1732908301771
1732908301796
1732908301882
1732908301969
1732908301999
1732908302039
1732908302074
1732908302202
1732908302261
1732908302290
1732908302363
1732908302459
1732908302502
1732908302532
1732908302578
1732908302701
1732908302757
1732908302805
1732908302881
1732908302977
1732908303010
1732908303043
1732908303102
1732908303199
1732908303268
1732908303299
1732908303381
1732908303482
1732908303516
1732908303546
1732908303601
1732908303709
1732908303786
1732908303838
1732908303897
1732908304008
1732908304061
1732908304108
1732908304116
1732908304224
1732908304288
1732908304336
1732908304393
1732908304534
1732908304577
1732908304643
1732908304726
1732908304840
1732908304909
1732908305028
1732908305151
1732908305262
1732908305292
1732908305324
1732908305348
1732908305460
1732908305602
1732908305657
1732908305726
1732908305880
1732908305913
1732908305958
1732908305993
1732908306141
1732908306191
1732908306235
1732908306304
1732908306412
1732908306442
1732908306491
1732908306512
1732908306685
1732908306733
1732908306764
1732908306853
1732908306949
1732908306989
1732908307047
1732908307084
1732908307197
1732908307242
1732908307280
1732908307368
1732908307460
1732908307494
1732908307531
1732908307587
1732908307678
1732908307783
1732908307812
1732908307870
1732908307993
1732908308033
1732908308063
1732908308106
1732908308182
1732908308257
1732908308294
1732908308364
1732908308487
1732908308559
1732908308576
1732908308620
1732908308741
1732908308827
1732908308865
1732908308960
1732908309080
1732908309130
1732908309171
1732908309217
1732908309329
1732908309416
1732908309459
1732908309549
1732908309661
1732908309701
1732908309754
1732908309777
1732908309893
1732908309978
1732908310020
1732908310103
1732908310200
1732908310251
1732908310276
1732908310324
1732908310421
1732908310491
1732908310534
1732908310601
1732908310728
1732908310735
1732908310779
1732908310825
1732908310933
1732908310999
1732908311041
1732908311116
1732908311236
1732908311264
1732908311295
1732908311327
1732908311453
1732908311546
1732908311586
1732908311682
1732908311819
1732908311883
1732908311917
1732908311936
1732908312073
1732908312156
1732908312220
1732908312283
1732908312391
1732908312433
1732908312472
1732908312510
1732908312603
1732908312678
1732908312778
1732908312799
1732908312954
1732908313073
1732908313142
1732908313219
1732908313300
1732908313413
1732908313452
1732908313532
1732908313642
1732908313672
1732908313730
1732908313753
1732908313879
1732908314003
1732908314042
1732908314169
1732908314367
1732908314449
1732908314459
1732908314490
1732908314639
1732908314715
1732908314761
1732908314843
1732908315002
1732908315065
1732908315073
1732908315132
1732908315224
1732908315307
1732908315338
1732908315398
1732908315487
1732908315515
1732908315547
1732908315576
1732908315692
1732908315754
1732908315782
1732908315881
1732908315991
1732908316060
1732908316155
1732908316165
1732908316262
1732908316357
1732908316404
1732908316521
1732908316665
1732908316689
1732908316715
1732908316731
1732908316837
1732908316943
1732908317000
1732908317097
1732908317215
1732908317245
1732908317275
1732908317306
1732908317401
1732908317469
1732908317501
1732908317577
1732908317660
1732908317696
1732908317740
1732908317760
1732908317874
1732908317974
1732908318005
1732908318072
1732908318155
1732908318186
1732908318219
1732908318255
1732908318406
1732908318464
1732908318490
1732908318562
1732908318655
1732908318696
1732908318739
1732908318765
1732908318858
1732908318922
1732908318957
1732908319038
1732908319198
1732908319236
1732908319288
1732908319332
1732908319491
1732908319542
1732908319580
1732908319651
1732908319720
1732908319750
1732908319783
1732908319825
1732908319926
1732908319980
1732908320027
1732908320094
1732908320192
1732908320235
1732908320292
1732908320431
1732908320640
1732908320716
1732908320769
1732908320879
1732908321022
1732908321069
1732908321145
1732908321262
1732908321469
1732908321565
1732908321629
1732908321735
1732908321859
1732908321884
1732908321928
1732908321986
1732908322137
1732908322255
1732908322290
1732908322382
1732908322526
1732908322555
1732908322611
1732908322661
1732908322780
1732908322872
1732908322928
1732908323021
1732908323170
1732908323210
1732908323241
1732908323301
1732908323455
1732908323572
1732908323611
1732908323712
1732908323839
1732908323918
1732908323948
1732908323974
1732908324123
1732908324213
1732908324251
1732908324347
1732908324504
1732908324575
1732908324611
1732908324656
1732908324857
1732908324996
1732908325080
1732908325154
1732908325278
1732908325326
1732908325371
1732908325414
1732908325580
1732908325705
1732908325770
1732908325883
1732908326003
1732908326035
1732908326094
1732908326126
1732908326254
1732908326373
1732908326451
1732908326541
1732908326701
1732908326725
1732908326765
1732908326809
1732908326960
1732908327032
1732908327078
1732908327211
1732908327299
1732908327344
1732908327397
1732908327442
1732908327571
1732908327644
1732908327689
1732908327778
1732908327962
1732908328005
1732908328071
1732908328105
1732908328234
1732908328333
1732908328382
1732908328469
1732908328609
1732908328646
1732908328707
1732908328750
1732908328864
1732908328959
1732908329007
1732908329102
1732908329225
1732908329278
1732908329339
1732908329356
1732908329498
1732908329626
1732908329695
1732908329763
1732908329959
1732908329994
1732908330013
1732908330084
1732908330190
1732908330273
1732908330317
1732908330415
1732908330552
1732908330619
1732908330662
1732908330687
1732908330830
1732908330924
1732908330979
1732908331071
1732908331191
1732908331222
1732908331271
1732908331312
1732908331429
1732908331522
1732908331554
1732908331650
1732908331775
1732908331814
1732908331871
1732908331903
1732908332035
1732908332122
1732908332179
1732908332243
1732908332417
1732908332455
1732908332492
1732908332539
1732908332693
1732908332772
1732908332804
1732908332881
1732908333028
1732908333065
1732908333107
1732908333149
1732908333290
1732908333353
1732908333409
1732908333492
1732908333625
1732908333669
1732908333709
1732908333752
1732908333907
1732908333976
1732908334022
1732908334104
1732908334248
1732908334288
1732908334335
1732908334380
1732908334524
1732908334621
1732908334669
1732908334758
1732908334924
1732908335043
1732908335117
1732908335136
1732908335230
1732908335295
1732908335325
1732908335398
1732908335481
1732908335509
1732908335543
1732908335583
1732908335665
1732908335740
1732908335761
1732908335826
1732908335943
1732908335975
1732908336013
1732908336031
1732908336124
1732908336195
1732908336203
1732908336263
1732908336362
1732908336382
1732908336421
1732908336449
1732908336543
1732908336617
1732908336636
1732908336680
1732908336789
1732908336798
1732908336847
1732908336855
1732908336946
1732908337021
1732908337032
1732908337087
1732908337187
1732908337209
1732908337229
1732908337254
1732908337348
1732908337436
1732908337465
1732908337508
1732908337605
1732908337626
1732908337656
1732908337690
1732908337773
1732908337853
1732908337859
1732908337929
1732908337998
1732908338022
1732908338052
1732908338080
1732908338174
1732908338230
1732908338259
1732908338319
1732908338400
1732908338435
1732908338452
1732908338482
1732908338583
1732908338653
1732908338685
1732908338732
1732908338840
1732908338869
1732908338906
1732908338919
1732908339016
1732908339084
1732908339112
1732908339199
1732908339270
1732908339300
1732908339331
1732908339363
1732908339490
1732908339553
1732908339611
1732908339670
1732908339778
1732908339800
1732908339841
1732908339866
1732908339981
1732908340047
1732908340078
1732908340159
1732908340266
1732908340309
1732908340344
1732908340401
1732908340479
1732908340549
1732908340579
1732908340650
1732908340750
1732908340784
1732908340821
1732908340871
1732908340977
1732908341053
1732908341068
1732908341134
1732908341280
1732908341315
1732908341331
1732908341394
1732908341470
1732908341523
1732908341562
1732908341629
1732908341832
1732908341870
1732908341947
1732908342001
1732908342079
1732908342134
1732908342177
1732908342290
1732908342393
1732908342434
1732908342449
1732908342478
1732908342600
1732908342684
1732908342730
1732908342803
1732908342912
1732908342979
1732908343074
1732908343128
1732908343234
1732908343303
1732908343390
1732908343438
1732908343535
1732908343622
1732908343630
1732908343709
1732908343777
1732908343846
1732908343870
1732908344001
1732908344108
1732908344183
1732908344207
1732908344246
1732908344343
1732908344411
1732908344441
1732908344505
1732908344580
1732908344660
1732908344667
1732908344673
1732908344774
1732908344826
1732908344880
1732908344929
1732908345015
1732908345038
1732908345073
1732908345107
1732908345216
1732908345285
1732908345305
1732908345364
1732908345462
1732908345494
1732908345525
1732908345557
1732908345655
1732908345719
1732908345769
1732908345807
1732908345909
1732908345929
1732908345963
1732908346012
1732908346140
1732908346164
1732908346190
1732908346260
1732908346338
1732908346366
1732908346419
1732908346439
1732908346530
1732908346590
1732908346622
1732908346683
1732908346829
1732908346858
1732908346897
1732908346937
1732908347032
1732908347109
1732908347143
1732908347189
1732908347303
1732908347332
1732908347375
1732908347416
1732908347572
1732908347636
1732908347664
1732908347722
1732908347817
1732908347859
1732908347887
1732908347919
1732908348018
1732908348101
1732908348143
1732908348295
1732908348449
1732908348503
1732908348516
1732908348574
1732908348694
1732908348778
1732908348835
1732908348904
1732908349029
1732908349058
1732908349092
1732908349128
1732908349275
1732908349366
1732908349425
1732908349560
1732908349690
1732908349735
1732908349784
1732908349821
1732908350038
1732908350154
1732908350210
1732908350297
1732908350395
1732908350432
1732908350499
1732908350546
1732908350713
1732908350790
1732908350845
1732908350928
1732908351118
1732908351183
1732908351245
1732908351300
1732908351422
1732908351521
1732908351543
1732908351654
1732908351780
1732908351844
1732908351913
1732908351965
1732908352321
1732908352670
1732908352790
1732908352934
1732908353089
1732908353122
1732908353163
1732908353211
1732908353342
1732908353431
1732908353480
1732908353579
1732908353683
1732908353727
1732908353769
1732908353803
1732908353974
1732908354072
1732908354117
1732908354189
1732908354350
1732908354400
1732908354442
1732908354461
1732908354678
1732908354829
1732908354902
1732908355016
1732908355159
1732908355198
1732908355238
1732908355317
1732908355485
1732908355591
1732908355670
1732908355830
1732908355999
1732908356072
1732908356139
1732908356184
1732908356415
1732908356534
1732908356620
1732908356688
1732908356839
1732908356919
1732908356957
1732908357009
1732908357141
1732908357212
1732908357256
1732908357371
1732908357502
1732908357557
1732908357596
1732908357644
1732908357800
1732908357894
1732908357938
1732908358033
1732908358165
1732908358231
1732908358274
1732908358309
1732908358447
1732908358505
1732908358541
1732908358634
1732908358754
1732908358785
1732908358821
1732908358875
1732908358986
1732908359062
1732908359102
1732908359214
1732908359313
1732908359353
1732908359419
1732908359447
1732908359566
1732908359643
1732908359845
1732908360167
1732908361417
1732908361911
1732908361949
1732908361954
1732908362106
1732908362123
1732908362123
1732908362154
1732908362223
1732908362223
1732908362276
1732908362301
1732908362325
1732908362351
1732908362353
1732908362384
1732908362402
1732908362404
1732908362469
1732908362471
1732908362484
1732908362538
1732908362541
1732908362541
1732908362542
1732908362542
1732908362604
1732908362634
1732908362695
1732908362715
1732908362750
1732908362782
1732908362794
1732908362817
1732908362819
1732908362833
1732908362939
1732908362951
1732908362982
1732908363003
1732908363089
1732908363143
1732908363223
1732908363225
1732908363304
1732908363371
1732908363376
1732908363418
1732908363499
1732908363535
1732908363542
1732908363614
1732908363676
1732908363724
1732908363775
1732908363815
1732908363958
1732908363976
1732908364064
1732908364082
1732908364187
1732908364270
1732908364381
1732908364456
1732908364544
1732908364598
1732908364658
1732908364686
1732908364842
1732908364925
1732908364947
1732908365020
1732908365130
1732908365168
1732908365203
1732908365231
1732908365345
1732908365408
1732908365445
1732908365549
1732908365655
1732908365691
1732908365732
1732908365772
1732908365884
1732908365964
1732908366000
1732908366072
1732908366171
1732908366206
1732908366249
1732908366289
1732908366383
1732908366455
1732908366486
1732908366554
1732908366669
1732908366702
1732908366742
1732908366770
1732908366940
1732908367014
1732908367053
1732908367184
1732908367317
1732908367423
1732908367437
1732908367478
1732908367610
1732908367695
1732908367721
1732908367810
1732908367901
1732908367947
1732908368067
1732908368113
1732908368251
1732908368317
1732908368356
1732908368429
1732908368542
1732908368581
1732908368619
1732908368687
1732908368781
1732908368852
1732908368892
1732908368962
1732908369039
1732908369073
1732908369118
1732908369142
1732908369241
1732908369327
1732908369395
1732908369472
1732908369568
1732908369607
1732908369634
1732908369738
1732908369834
1732908369888
1732908369923
1732908369989
1732908370088
1732908370125
1732908370181
1732908370219
1732908370318
1732908370383
1732908370415
1732908370475
1732908370577
1732908370610
1732908370643
1732908370683
1732908370817
1732908370879
1732908370927
1732908370973
1732908371072
1732908371109
1732908371140
1732908371177
1732908371306
1732908371357
1732908371388
1732908371459
1732908371576
1732908371617
1732908371626
1732908371680
1732908371768
1732908371848
1732908371862
1732908371932
1732908372040
1732908372071
1732908372094
1732908372138
1732908372225
1732908372277
1732908372311
1732908372372
1732908372497
1732908372505
1732908372524
1732908372554
1732908372670
1732908372730
1732908372759
1732908372811
1732908372929
1732908372969
1732908372988
1732908373009
1732908373112
1732908373173
1732908373207
1732908373283
1732908373375
1732908373403
1732908373437
1732908373493
1732908373592
1732908373628
1732908373661
1732908373728
1732908373837
1732908373860
1732908373891
1732908373924
1732908374017
1732908374096
1732908374125
1732908374191
1732908374291
1732908374337
1732908374356
1732908374389
1732908374484
1732908374545
1732908374574
1732908374640
1732908374734
1732908374767
1732908374799
1732908374850
1732908374924
1732908375016
1732908375022
1732908375098
1732908375181
1732908375222
1732908375245
1732908375274
1732908375361
1732908375419
1732908375463
1732908375522
1732908375609
1732908375637
1732908375667
1732908375699
1732908375830
1732908375882
1732908375929
1732908375974
1732908376059
1732908376091
1732908376123
1732908376178
1732908376239
1732908376308
1732908376340
1732908376403
1732908376497
1732908376530
1732908376566
1732908376606
1732908376691
1732908376805
1732908376853
1732908376951
1732908377048
1732908377089
1732908377102
1732908377154
1732908377232
1732908377300
1732908377330
1732908377390
1732908377464
1732908377496
1732908377553
1732908377582
1732908377670
1732908377738
1732908377758
1732908377816
1732908377914
1732908377965
1732908377973
1732908378001
1732908378107
1732908378167
1732908378185
1732908378263
1732908378345
1732908378390
1732908378421
1732908378451
1732908378542
1732908378650
1732908378683
1732908378756
1732908378880
1732908378924
1732908378975
1732908379029
1732908379131
1732908379201
1732908379255
1732908379391
1732908379527
1732908379560
1732908379591
1732908379624
1732908379713
1732908379801
1732908379809
1732908379866
1732908379988
1732908380026
1732908380034
1732908380058
1732908380161
1732908380221
1732908380270
1732908380306
1732908380403
1732908380467
1732908380475
1732908380505
1732908380585
1732908380645
1732908380674
1732908380743
1732908380824
1732908380861
1732908380885
1732908380926
1732908381029
1732908381083
1732908381114
1732908381174
1732908381282
1732908381309
1732908381357
1732908381387
1732908381464
1732908381553
1732908381561
1732908381638
1732908381807
1732908381846
1732908381859
1732908381908
1732908382027
1732908382091
1732908382121
1732908382194
1732908382308
1732908382352
1732908382376
1732908382438
1732908382574
1732908382627
1732908382647
1732908382708
1732908382801
1732908382831
1732908382865
1732908382895
1732908382981
1732908383065
1732908383073
1732908383153
1732908383252
1732908383260
1732908383293
1732908383324
1732908383415
1732908383474
1732908383530
1732908383574
1732908383664
1732908383700
1732908383728
1732908383764
1732908383867
1732908383928
1732908383958
1732908384020
1732908384114
1732908384135
1732908384161
1732908384195
1732908384301
1732908384351
1732908384383
1732908384444
1732908384563
1732908384609
1732908384647
1732908384699
1732908384791
1732908384865
1732908384988
1732908385014
1732908385147
1732908385191
1732908385220
1732908385252
1732908385353
1732908385448
1732908385481
1732908385538
1732908385638
1732908385666
1732908385697
1732908385741
1732908385850
1732908385884
1732908385929
1732908385992
1732908386091
1732908386110
1732908386140
1732908386182
1732908386249
1732908386352
1732908386390
1732908386453
1732908386561
1732908386597
1732908386633
1732908386670
1732908386781
1732908386877
1732908386894
1732908386968
1732908387084
1732908387134
1732908387196
1732908387204
1732908387319
1732908387391
1732908387403
1732908387469
1732908387568
1732908387603
1732908387640
1732908387684
1732908387762
1732908387832
1732908387862
1732908387922
1732908388037
1732908388068
1732908388089
1732908388137
1732908388217
1732908388301
1732908388308
1732908388384
1732908388487
1732908388519
1732908388554
1732908388629
1732908388695
1732908388779
1732908388785
1732908388845
1732908388957
1732908388991
1732908389021
1732908389050
1732908389145
1732908389199
1732908389247
1732908389328
1732908389419
1732908389430
1732908389468
1732908389511
1732908389604
1732908389654
1732908389705
1732908389745
1732908389869
1732908389875
1732908389912
1732908389942
1732908390032
1732908390101
1732908390120
1732908390180
1732908390290
1732908390309
1732908390338
1732908390370
1732908390478
1732908390515
1732908390544
1732908390626
1732908390788
1732908390858
1732908390914
1732908390963
1732908391034
1732908391113
1732908391134
1732908391240
1732908391372
1732908391402
1732908391436
1732908391488
1732908391643
1732908391725
1732908391758
1732908391836
1732908392005
1732908392044
1732908392094
1732908392160
1732908392224
1732908392298
1732908392330
1732908392399
1732908392497
1732908392523
1732908392569
1732908392609
1732908392690
1732908392742
1732908392776
1732908392845
1732908392926
1732908392957
1732908393010
1732908393020
1732908393126
1732908393187
1732908393217
1732908393277
1732908393369
1732908393390
1732908393433
1732908393456
1732908393552
1732908393621
1732908393645
1732908393722
1732908393806
1732908393837
1732908393875
1732908393950
1732908394059
1732908394124
1732908394155
1732908394278
1732908394367
1732908394418
1732908394456
1732908394510
1732908394611
1732908394685
1732908394732
1732908394789
1732908394876
1732908394904
1732908394940
1732908394970
1732908395070
1732908395130
1732908395198
1732908395252
1732908395382
1732908395426
1732908395472
1732908395503
1732908395638
1732908395699
1732908395739
1732908395804
1732908395906
1732908395948
1732908395981
1732908396021
1732908396125
1732908396188
1732908396221
1732908396278
1732908396409
1732908396461
1732908396494
1732908396533
1732908396636
1732908396730
1732908396782
1732908396839
1732908396981
1732908397007
1732908397037
1732908397076
1732908397169
1732908397255
1732908397275
1732908397343
1732908397443
1732908397466
1732908397496
1732908397526
1732908397624
1732908397675
1732908397705
1732908397764
1732908397856
1732908397890
1732908397918
1732908397947
1732908398044
1732908398102
1732908398143
1732908398241
1732908398344
1732908398376
1732908398426
1732908398457
1732908398528
1732908398597
1732908398636
1732908398697
1732908398787
1732908398831
1732908398859
1732908398880
1732908398973
1732908399045
1732908399104
1732908399173
1732908399295
1732908399360
1732908399379
1732908399412
1732908399529
1732908399605
1732908399645
1732908399726
1732908399851
1732908399891
1732908399927
1732908399961
1732908400069
1732908400122
1732908400149
1732908400213
1732908400322
1732908400350
1732908400366
1732908400413
1732908400494
1732908400553
1732908400588
1732908400649
1732908400734
1732908400767
1732908400808
1732908400825
1732908400931
1732908400996
1732908401059
1732908401121
1732908401260
1732908401319
1732908401355
1732908401362
1732908401536
1732908401634
1732908401702
1732908401785
1732908401901
1732908401931
1732908401971
1732908402081
1732908402226
1732908402243
1732908402312
1732908402419
1732908402594
1732908402633
1732908402695
1732908402777
1732908402903
1732908402968
1732908403042
1732908403112
1732908403227
1732908403302
1732908403336
1732908403364
1732908403482
1732908403565
1732908403603
1732908403733
1732908403815
1732908403864
1732908403905
1732908403951
1732908404093
1732908404182
1732908404259
1732908404370
1732908404458
1732908404514
1732908404560
1732908404596
1732908404688
1732908404751
1732908404787
1732908404850
1732908404949
1732908404987
1732908405050
1732908405134
1732908405201
1732908405293
1732908405329
1732908405403
1732908405508
1732908405561
1732908405566
1732908405598
1732908405705
1732908405781
1732908405810
1732908405941
1732908405991
1732908406026
1732908406058
1732908406082
1732908406189
1732908406272
1732908406280
1732908406356
1732908406436
1732908406473
1732908406516
1732908406542
1732908406656
1732908406724
1732908406756
1732908406822
1732908406937
1732908406995
1732908407024
1732908407089
1732908407205
1732908407289
1732908407342
1732908407871
1732908408653
1732908408686
1732908408692
1732908408694
1732908408695
1732908408717
1732908408718
1732908408718
1732908408777
1732908408782
1732908408783
1732908408784
1732908408804
1732908408829
1732908408845
1732908408857
1732908408871
1732908408877
1732908408890
1732908408955
1732908409104
1732908409186
1732908409224
1732908409389
1732908409529
1732908409577
1732908409611
1732908409650
1732908409760
1732908409827
1732908409865
1732908409939
1732908410024
1732908410069
1732908410098
1732908410129
1732908410222
1732908410281
1732908410312
1732908410378
1732908410479
1732908410511
1732908410576
1732908410619
1732908410709
1732908410779
1732908410800
1732908410873
1732908410980
1732908411019
1732908411046
1732908411074
1732908411178
1732908411237
1732908411272
1732908411374
1732908411436
1732908411476
1732908411518
1732908411568
1732908411642
1732908411714
1732908411763
1732908411883
1732908412013
1732908412049
1732908412091
1732908412142
1732908412356
1732908412479
1732908412537
1732908412611
1732908412802
1732908412868
1732908412921
1732908412950
1732908413103
1732908413210
1732908413293
1732908413364
1732908413540
1732908413589
1732908413632
1732908413669
1732908413793
1732908413882
1732908413928
1732908414042
1732908414158
1732908414165
1732908414199
1732908414229
1732908414337
1732908414398
1732908414434
1732908414520
1732908414654
1732908414708
1732908414739
1732908414771
1732908414872
1732908414973
1732908414999
1732908415111
1732908415197
1732908415247
1732908415285
1732908415339
1732908415465
1732908415532
1732908415577
1732908415643
1732908415727
1732908415758
1732908415794
1732908415846
1732908415932
1732908415989
1732908416028
1732908416101
1732908416203
1732908416259
1732908416292
1732908416337
1732908416449
1732908416515
1732908416539
1732908416600
1732908416697
1732908416725
1732908416756
1732908416784
1732908416884
1732908416958
1732908416982
1732908417035
1732908417156
1732908417185
1732908417215
1732908417245
1732908417358
1732908417395
1732908417424
1732908417489
1732908417587
1732908417612
1732908417645
1732908417681
1732908417769
1732908417835
1732908417865
1732908417959
1732908418038
1732908418069
1732908418099
1732908418130
1732908418233
1732908418270
1732908418317
1732908418375
1732908418459
1732908418493
1732908418519
1732908418554
1732908418659
1732908418717
1732908418749
1732908418807
1732908418901
1732908418922
1732908418953
1732908418983
1732908419087
1732908419141
1732908419179
1732908419226
1732908419315
1732908419351
1732908419372
1732908419402
1732908419500
1732908419570
1732908419599
1732908419658
1732908419755
1732908419790
1732908419830
1732908419850
1732908419960
1732908420018
1732908420064
1732908420120
1732908420213
1732908420245
1732908420287
1732908420307
1732908420401
1732908420460
1732908420496
1732908420552
1732908420663
1732908420693
1732908420723
1732908420745
1732908420825
1732908420913
1732908420932
1732908420983
1732908421081
1732908421115
1732908421170
1732908421190
1732908421275
1732908421332
1732908421364
1732908421440
1732908421525
1732908421548
1732908421590
1732908421609
1732908421704
1732908421774
1732908421806
1732908421859
1732908421973
1732908422007
1732908422021
1732908422060
1732908422136
1732908422201
1732908422230
1732908422289
1732908422372
1732908422403
1732908422440
1732908422470
1732908422558
1732908422612
1732908422645
1732908422730
1732908422802
1732908422841
1732908422870
1732908422899
1732908423000
1732908423059
1732908423088
1732908423147
1732908423245
1732908423253
1732908423287
1732908423325
1732908423439
1732908423528
1732908423572
1732908423651
1732908423749
1732908423795
1732908423846
1732908423898
1732908424005
1732908424071
1732908424115
1732908424182
1732908424287
1732908424322
1732908424352
1732908424386
1732908424505
1732908424551
1732908424586
1732908424653
1732908424747
1732908424787
1732908424802
1732908424818
1732908424908
1732908424969
1732908425006
1732908425064
1732908425186
1732908425217
1732908425273
1732908425316
1732908425425
1732908425509
1732908425549
1732908425611
1732908425699
1732908425734
1732908425780
1732908425815
1732908425893
1732908425958
1732908425985
1732908426046
1732908426140
1732908426191
1732908426201
1732908426255
1732908426345
1732908426389
1732908426420
1732908426482
1732908426590
1732908426616
1732908426654
1732908426690
1732908426770
1732908426850
1732908426878
1732908426941
1732908427044
1732908427085
1732908427137
1732908427176
1732908427293
1732908427363
1732908427421
1732908427495
1732908427592
1732908427673
1732908427692
1732908427733
1732908427902
1732908427995
1732908428030
1732908428124
1732908428335
1732908428409
1732908428447
1732908428482
1732908428611
1732908428727
1732908428762
1732908428819
1732908428912
1732908428967
1732908429006
1732908429030
1732908429148
1732908429250
1732908429304
1732908429385
1732908429518
1732908429575
1732908429606
1732908429636
1732908429727
1732908429785
1732908429825
1732908429879
1732908430000
1732908430009
1732908430048
1732908430088
1732908430175
1732908430235
1732908430260
1732908430363
1732908430454
1732908430474
1732908430516
1732908430534
1732908430644
1732908430714
1732908430761
1732908430824
1732908430915
1732908430947
1732908431001
1732908431032
1732908431112
1732908431197
1732908431219
1732908431281
1732908431361
1732908431399
1732908431440
1732908431476
1732908431566
1732908431643
1732908431687
1732908431794
1732908431898
1732908431941
1732908431961
1732908432026
1732908432104
1732908432152
1732908432179
1732908432240
1732908432365
1732908432396
1732908432404
1732908432437
1732908432552
1732908432657
1732908432717
1732908432820
1732908433012
1732908433096
1732908433102
1732908433180
1732908433287
1732908433377
1732908433418
1732908433496
1732908433625
1732908433671
1732908433737
1732908433773
1732908433882
1732908433946
1732908433988
1732908434098
1732908434197
1732908434240
1732908434298
1732908434379
1732908434452
1732908434531
1732908434571
1732908434670
1732908434805
1732908434851
1732908434907
1732908434965
1732908435074
1732908435148
1732908435186
1732908435268
1732908435362
1732908435435
1732908435464
1732908435501
1732908435589
1732908435654
1732908435701
1732908435809
1732908435897
1732908435939
1732908435977
1732908436016
1732908436135
1732908436226
1732908436268
1732908436425
1732908436492
1732908436545
1732908436588
1732908436599
1732908436731
1732908436811
1732908436854
1732908436955
1732908437068
1732908437137
1732908437151
1732908437263
1732908437345
1732908437443
1732908437490
1732908437572
1732908437692
1732908437739
1732908437782
1732908437827
1732908437949
1732908438057
1732908438070
1732908438153
1732908438307
1732908438365
1732908438407
1732908438483
1732908438608
1732908438718
1732908438769
1732908438855
1732908438961
1732908439045
1732908439096
1732908439255
1732908439390
1732908439494
1732908439551
1732908439622
1732908439731
1732908439763
1732908439794
1732908439837
1732908439982
1732908440020
1732908440050
1732908440123
1732908440230
1732908440261
1732908440301
1732908440334
1732908440445
1732908440498
1732908440530
1732908440591
1732908440732
1732908440750
1732908440791
1732908440836
1732908440921
1732908441006
1732908441054
1732908441163
1732908441315
1732908441342
1732908441382
1732908441406
1732908441515
1732908441572
1732908441616
1732908441682
1732908441789
1732908441841
1732908441875
1732908441913
1732908442055
1732908442114
1732908442143
1732908442206
1732908442332
1732908442366
1732908442398
1732908442442
1732908442528
1732908442593
1732908442624
1732908442711
1732908442790
1732908442819
1732908442851
1732908442882
1732908442979
1732908443056
1732908443085
1732908443147
1732908443256
1732908443285
1732908443317
1732908443350
1732908443439
1732908443497
1732908443538
1732908443612
1732908443746
1732908443778
1732908443815
1732908443843
1732908443950
1732908444007
1732908444034
1732908444105
1732908444257
1732908444280
1732908444336
1732908444417
1732908444589
1732908444714
1732908444777
1732908444859
1732908444971
1732908445004
1732908445029
1732908445075
1732908445176
1732908445273
1732908445314
1732908445392
1732908445566
1732908445582
1732908445630
1732908445683
1732908445819
1732908445890
1732908445933
1732908445980
1732908446120
1732908446165
1732908446199
1732908446242
1732908446374
1732908446445
1732908446493
1732908446551
1732908446650
1732908446684
1732908446774
1732908446852
1732908447057
1732908447120
1732908447163
1732908447276
1732908447447
1732908447455
1732908447473
1732908447525
1732908447633
1732908447708
1732908447747
1732908447816
1732908447970
1732908447985
1732908448031
1732908448060
1732908448158
1732908448230
1732908448275
1732908448395
1732908448552
1732908448586
1732908448631
1732908448691
1732908448816
1732908448879
1732908448910
1732908448956
1732908449045
1732908449079
1732908449150
1732908449162
1732908449335
1732908449402
1732908449484
1732908449561
1732908449722
1732908449789
1732908449835
1732908449892
1732908450015
1732908450114
1732908450132
1732908450212
1732908450338
1732908450364
1732908450404
1732908450432
1732908450537
1732908450622
1732908450649
1732908450745
1732908450841
1732908450865
1732908450896
1732908450984
1732908451065
1732908451136
1732908451161
1732908451217
1732908451313
1732908451364
1732908451407
1732908451426
1732908451562
1732908451635
1732908451670
1732908451739
1732908451846
1732908451894
1732908451946
1732908451998
1732908452055
1732908452165
1732908452211
1732908452263
1732908452394
1732908452424
1732908452456
1732908452501
1732908452593
1732908452663
1732908452712
1732908452807
1732908452904
1732908452916
1732908452954
1732908452984
1732908453077
1732908453141
1732908453171
1732908453258
1732908453389
1732908453417
1732908453447
1732908453494
1732908453612
1732908453687
1732908453726
1732908453805
1732908453911
1732908453959
1732908453994
1732908454003
1732908454095
1732908454167
1732908454207
1732908454262
1732908454360
1732908454381
1732908454424
1732908454456
1732908454626
1732908454649
1732908454696
1732908454772
1732908454888
1732908454916
1732908454947
1732908454977
1732908455073
1732908455149
1732908455179
1732908455243
1732908455369
1732908455413
1732908455437
1732908455479
1732908455622
1732908455678
1732908455725
1732908455829
1732908455981
1732908456051
1732908456080
1732908456166
1732908456290
1732908456381
1732908456396
1732908456463
1732908456560
1732908456591
1732908456623
1732908456653
1732908456745
1732908456808
1732908456863
1732908456902
1732908456994
1732908457026
1732908457063
1732908457105
1732908457186
1732908457254
1732908457303
1732908457352
1732908457437
1732908457466
1732908457496
1732908457526
1732908457620
1732908457682
1732908457711
1732908457774
1732908457855
1732908457914
1732908457934
1732908457969
1732908458084
1732908458132
1732908458177
1732908458319
1732908458477
1732908458586
1732908458644
1732908458687
1732908458973
1732908459819
1732908459820
1732908459821
1732908459933
1732908459964
1732908459964
1732908459964
1732908460040
1732908460082
1732908460089
1732908460138
1732908460188
1732908460229
1732908460307
1732908460332
1732908460377
1732908460427
1732908460429
1732908460508
1732908460553
1732908460558
1732908460561
1732908460610
1732908460706
1732908460751
1732908460782
1732908460864
1732908460946
1732908460989
1732908461013
1732908461056
1732908461174
1732908461226
1732908461263
1732908461333
1732908461434
1732908461462
1732908461494
1732908461546
1732908461664
1732908461739
1732908461770
1732908461862
1732908462005
1732908462031
1732908462068
1732908462108
1732908462234
1732908462321
1732908462365
1732908462459
1732908462565
1732908462612
1732908462643
1732908462701
1732908462800
1732908462875
1732908462918
1732908463034
1732908463114
1732908463160
1732908463216
1732908463275
1732908463404
1732908463443
1732908463502
1732908463564
1732908463705
1732908463723
1732908463762
1732908463810
1732908463915
1732908464011
1732908464042
1732908464118
