1732903910515
1732903926238
1732903926310
1732903926311
1732903926325
1732903926566
1732903926575
1732903926592
1732903926604
1732903926621
1732903926640
1732903926653
1732903926674
1732903926685
1732903926685
1732903926695
1732903926703
1732903926823
1732903926838
1732903926877
1732903926932
1732903927060
1732903927116
1732903927119
1732903927140
1732903927231
1732903927323
1732903927337
1732903927405
1732903927479
1732903927527
1732903927565
1732903927572
1732903927630
1732903927696
1732903927709
1732903927776
1732903927867
1732903927894
1732903927922
1732903927949
1732903928050
1732903928077
1732903928113
1732903928150
1732903928219
1732903928244
1732903928275
1732903928296
1732903928382
1732903928442
1732903928460
1732903928519
1732903928596
1732903928626
1732903928645
1732903928666
1732903928752
1732903928850
1732903928862
1732903928871
1732903928942
1732903928968
1732903928996
1732903929028
1732903929106
1732903929160
1732903929180
1732903929226
1732903929322
1732903929327
1732903929346
1732903929374
1732903929462
1732903929500
1732903929535
1732903929572
1732903929679
1732903929696
1732903929715
1732903929766
1732903929850
1732903929890
1732903929916
1732903929963
1732903930078
1732903930097
1732903930126
1732903930148
1732903930231
1732903930266
1732903930286
1732903930324
1732903930387
1732903930404
1732903930422
1732903930458
1732903930510
1732903930543
1732903930552
1732903930591
1732903930664
1732903930682
1732903930710
1732903930732
1732903930793
1732903930823
1732903930841
1732903930898
1732903930961
1732903930967
1732903930986
1732903931012
1732903931048
1732903931100
1732903931103
1732903931131
1732903931215
1732903931230
1732903931249
1732903931256
1732903931306
1732903931349
1732903931364
1732903931400
1732903931448
1732903931456
1732903931483
1732903931495
1732903931535
1732903931571
1732903931588
1732903931621
1732903931665
1732903931681
1732903931698
1732903931715
1732903931759
1732903931800
1732903931814
1732903931840
1732903931890
1732903931905
1732903931926
1732903931949
1732903931997
1732903932029
1732903932045
1732903932072
1732903932123
1732903932158
1732903932163
1732903932171
1732903932220
1732903932248
1732903932280
1732903932324
1732903932360
1732903932375
1732903932400
1732903932421
1732903932481
1732903932544
1732903932560
1732903932611
1732903932665
1732903932680
1732903932699
1732903932716
1732903932769
1732903932805
1732903932828
1732903932853
1732903932935
1732903932956
1732903932989
1732903932994
1732903933049
1732903933074
1732903933104
1732903933190
1732903933253
1732903933284
1732903933306
1732903933333
1732903933431
1732903933485
1732903933510
1732903933557
1732903933621
1732903933642
1732903933672
1732903933694
1732903933762
1732903933816
1732903933837
1732903933878
1732903933940
1732903933966
1732903933989
1732903934012
1732903934087
1732903934130
1732903934153
1732903934202
1732903934315
1732903934321
1732903934353
1732903934368
1732903934416
1732903934462
1732903934505
1732903934536
1732903934608
1732903934631
1732903934645
1732903934666
1732903934745
1732903934798
1732903934822
1732903934884
1732903934981
1732903935000
1732903935054
1732903935077
1732903935148
1732903935210
1732903935220
1732903935269
1732903935334
1732903935362
1732903935394
1732903935414
1732903935494
1732903935528
1732903935566
1732903935647
1732903935742
1732903935748
1732903935780
1732903935805
1732903935879
1732903935922
1732903935954
1732903935997
1732903936080
1732903936090
1732903936115
1732903936149
1732903936212
1732903936255
1732903936287
1732903936360
1732903936438
1732903936474
1732903936531
1732903936541
1732903936599
1732903936659
1732903936678
1732903936723
1732903936786
1732903936801
1732903936816
1732903936842
1732903936919
1732903936979
1732903937000
1732903937045
1732903937120
1732903937141
1732903937163
1732903937220
1732903937307
1732903937375
1732903937404
1732903937440
1732903937521
1732903937560
1732903937568
1732903937591
1732903937669
1732903937718
1732903937747
1732903937803
1732903937870
1732903937890
1732903937935
1732903937959
1732903938063
1732903938177
1732903938281
1732903938339
1732903938405
1732903938442
1732903938473
1732903938478
1732903938561
1732903938583
1732903938605
1732903938651
1732903938727
1732903938770
1732903938775
1732903938797
1732903938896
1732903938936
1732903938944
1732903939001
1732903939118
1732903939125
1732903939147
1732903939183
1732903939246
1732903939290
1732903939319
1732903939370
1732903939451
1732903939477
1732903939504
1732903939540
1732903939640
1732903939690
1732903939721
1732903939779
1732903939891
1732903939922
1732903939953
1732903939977
1732903940058
1732903940116
1732903940142
1732903940194
1732903940287
1732903940297
1732903940328
1732903940356
1732903940443
1732903940509
1732903940544
1732903940611
1732903940709
1732903940737
1732903940763
1732903940802
1732903940873
1732903940940
1732903940972
1732903941043
1732903941109
1732903941137
1732903941164
1732903941212
1732903941283
1732903941366
1732903941414
1732903941450
1732903941541
1732903941570
1732903941597
1732903941637
1732903941712
1732903941764
1732903941793
1732903941860
1732903941950
1732903941973
1732903942010
1732903942022
1732903942107
1732903942160
1732903942184
1732903942232
1732903942353
1732903942359
1732903942389
1732903942413
1732903942492
1732903942551
1732903942599
1732903942635
1732903942727
1732903942761
1732903942781
1732903942813
1732903942892
1732903942957
1732903943010
1732903943056
1732903943128
1732903943145
1732903943178
1732903943201
1732903943277
1732903943364
1732903943376
1732903943429
1732903943550
1732903943576
1732903943597
1732903943640
1732903943714
1732903943774
1732903943798
1732903943867
1732903943932
1732903943963
1732903944009
1732903944025
1732903944107
1732903944171
1732903944196
1732903944258
1732903944317
1732903944348
1732903944387
1732903944464
1732903944522
1732903944551
1732903944615
1732903944634
1732903944729
1732903944753
1732903944800
1732903944814
1732903944889
1732903944940
1732903944970
1732903945042
1732903945108
1732903945134
1732903945169
1732903945210
1732903945292
1732903945369
1732903945376
1732903945460
1732903945542
1732903945551
1732903945572
1732903945600
1732903945660
1732903945685
1732903945706
1732903945749
1732903945827
1732903945851
1732903945876
1732903945898
1732903945964
1732903946024
1732903946052
1732903946102
1732903946163
1732903946180
1732903946201
1732903946219
1732903946272
1732903946304
1732903946324
1732903946354
1732903946400
1732903946420
1732903946437
1732903946459
1732903946486
1732903946521
1732903946533
1732903946574
1732903946603
1732903946623
1732903946628
1732903946646
1732903946739
1732903946780
1732903946791
1732903946821
1732903946862
1732903946876
1732903946890
1732903946903
1732903946955
1732903946984
1732903946998
1732903947025
1732903947072
1732903947088
1732903947107
1732903947117
1732903947160
1732903947187
1732903947204
1732903947240
1732903947299
1732903947302
1732903947352
1732903947355
1732903947386
1732903947405
1732903947424
1732903947442
1732903947489
1732903947502
1732903947517
1732903947532
1732903947575
1732903947601
1732903947619
1732903947654
1732903947697
1732903947726
1732903947749
1732903947774
1732903947809
1732903947840
1732903947855
1732903947899
1732903947940
1732903947960
1732903947982
1732903948001
1732903948051
1732903948106
1732903948114
1732903948153
1732903948205
1732903948223
1732903948247
1732903948270
1732903948305
1732903948349
1732903948355
1732903948385
1732903948431
1732903948446
1732903948462
1732903948480
1732903948523
1732903948561
1732903948575
1732903948607
1732903948658
1732903948671
1732903948687
1732903948701
1732903948744
1732903948774
1732903948786
1732903948821
1732903948897
1732903948942
1732903948960
1732903948995
1732903949063
1732903949093
1732903949106
1732903949153
1732903949221
1732903949249
1732903949278
1732903949292
1732903949389
1732903949419
1732903949423
1732903949466
1732903949522
1732903949561
1732903949587
1732903949620
1732903949693
1732903949737
1732903949773
1732903949829
1732903949899
1732903949912
1732903949940
1732903949954
1732903950025
1732903950100
1732903950108
1732903950152
1732903950212
1732903950223
1732903950249
1732903950279
1732903950340
1732903950393
1732903950399
1732903950431
1732903950489
1732903950503
1732903950519
1732903950545
1732903950584
1732903950619
1732903950638
1732903950706
1732903950804
1732903950829
1732903950872
1732903950915
1732903950993
1732903951065
1732903951097
1732903951135
1732903951198
1732903951219
1732903951227
1732903951246
1732903951304
1732903951357
1732903951377
1732903951418
1732903951482
1732903951488
1732903951509
1732903951525
1732903951572
1732903951613
1732903951630
1732903951662
1732903951726
1732903951739
1732903951761
1732903951767
1732903951838
1732903951872
1732903951881
1732903951924
1732903951980
1732903951994
1732903952008
1732903952034
1732903952082
1732903952116
1732903952149
1732903952186
1732903952273
1732903952302
1732903952306
1732903952335
1732903952381
1732903952423
1732903952443
1732903952503
1732903952583
1732903952591
1732903952628
1732903952688
1732903952744
1732903952801
1732903952809
1732903952847
1732903952910
1732903952953
1732903952957
1732903952986
1732903953060
1732903953109
1732903953128
1732903953171
1732903953240
1732903953257
1732903953271
1732903953290
1732903953375
1732903953398
1732903953423
1732903953454
1732903953509
1732903953536
1732903953560
1732903953573
1732903953667
1732903953710
1732903953733
1732903953785
1732903953836
1732903953869
1732903953874
1732903953895
1732903953944
1732903953982
1732903954004
1732903954030
1732903954091
1732903954109
1732903954127
1732903954141
1732903954199
1732903954265
1732903954292
1732903954341
1732903954385
1732903954449
1732903954455
1732903954495
1732903954594
1732903954662
1732903954704
1732903954770
1732903954882
1732903954897
1732903954926
1732903954972
1732903955042
1732903955100
1732903955123
1732903955163
1732903955243
1732903955274
1732903955312
1732903955357
1732903955409
1732903955476
1732903955518
1732903955567
1732903955669
1732903955692
1732903955726
1732903955751
1732903955844
1732903955929
1732903955959
1732903955997
1732903956056
1732903956085
1732903956108
1732903956127
1732903956214
1732903956263
1732903956303
1732903956385
1732903956443
1732903956460
1732903956489
1732903956510
1732903956582
1732903956633
1732903956654
1732903956693
1732903956774
1732903956796
1732903956814
1732903956837
1732903956914
1732903956944
1732903956962
1732903957011
1732903957077
1732903957098
1732903957116
1732903957136
1732903957192
1732903957237
1732903957263
1732903957307
1732903957372
1732903957377
1732903957407
1732903957424
1732903957486
1732903957511
1732903957526
1732903957555
1732903957603
1732903957620
1732903957637
1732903957655
1732903957695
1732903957725
1732903957742
1732903957770
1732903957815
1732903957831
1732903957847
1732903957860
1732903957906
1732903957934
1732903957958
1732903957981
1732903958030
1732903958035
1732903958052
1732903958098
1732903958135
1732903958165
1732903958169
1732903958197
1732903958274
1732903958280
1732903958285
1732903958348
1732903958392
1732903958422
1732903958428
1732903958438
1732903958496
1732903958522
1732903958547
1732903958553
1732903958620
1732903958636
1732903958655
1732903958686
1732903958756
1732903958763
1732903958789
1732903958797
1732903958866
1732903958899
1732903958918
1732903958946
1732903958990
1732903959010
1732903959015
1732903959038
1732903959068
1732903959102
1732903959130
1732903959145
1732903959186
1732903959202
1732903959223
1732903959250
1732903959306
1732903959344
1732903959354
1732903959393
1732903959432
1732903959438
1732903959453
1732903959474
1732903959530
1732903959546
1732903959572
1732903959601
1732903959659
1732903959694
1732903959702
1732903959727
1732903959811
1732903959865
1732903959885
1732903959938
1732903959996
1732903960030
1732903960047
1732903960064
1732903960127
1732903960163
1732903960193
1732903960221
1732903960276
1732903960294
1732903960318
1732903960338
1732903960395
1732903960431
1732903960447
1732903960483
1732903960575
1732903960581
1732903960586
1732903960624
1732903960673
1732903960707
1732903960725
1732903960755
1732903960828
1732903960843
1732903960874
1732903960894
1732903960959
1732903961002
1732903961020
1732903961065
1732903961115
1732903961135
1732903961146
1732903961166
1732903961209
1732903961244
1732903961263
1732903961301
1732903961382
1732903961399
1732903961416
1732903961441
1732903961511
1732903961558
1732903961593
1732903961620
1732903961690
1732903961701
1732903961725
1732903961744
1732903961800
1732903961830
1732903961851
1732903961883
1732903961924
1732903961946
1732903961965
1732903961998
1732903962072
1732903962135
1732903962139
1732903962175
1732903962250
1732903962285
1732903962308
1732903962341
1732903962413
1732903962469
1732903962505
1732903962544
1732903962621
1732903962642
1732903962668
1732903962696
1732903962764
1732903962810
1732903962841
1732903962874
1732903962932
1732903962953
1732903962969
1732903962995
1732903963050
1732903963094
1732903963125
1732903963167
1732903963249
1732903963273
1732903963292
1732903963322
1732903963376
1732903963404
1732903963422
1732903963467
1732903963534
1732903963574
1732903963594
1732903963613
1732903963688
1732903963742
1732903963762
1732903963819
1732903963879
1732903963900
1732903963928
1732903963946
1732903964000
1732903964028
1732903964046
1732903964081
1732903964134
1732903964148
1732903964170
1732903964188
1732903964233
1732903964268
1732903964288
1732903964316
1732903964368
1732903964384
1732903964396
1732903964418
1732903964472
1732903964504
1732903964519
1732903964550
1732903964600
1732903964616
1732903964632
1732903964648
1732903964695
1732903964723
1732903964738
1732903964764
1732903964807
1732903964824
1732903964846
1732903964872
1732903964924
1732903964969
1732903964979
1732903965025
1732903965084
1732903965105
1732903965115
1732903965151
1732903965188
1732903965224
1732903965251
1732903965280
1732903965340
1732903965352
1732903965374
1732903965385
1732903965436
1732903965471
1732903965491
1732903965521
1732903965582
1732903965595
1732903965616
1732903965627
1732903965692
1732903965723
1732903965754
1732903965783
1732903965837
1732903965864
1732903965877
1732903965896
1732903965955
1732903965991
1732903966005
1732903966050
1732903966100
1732903966123
1732903966142
1732903966158
1732903966204
1732903966242
1732903966262
1732903966301
1732903966353
1732903966370
1732903966388
1732903966414
1732903966465
1732903966501
1732903966519
1732903966566
1732903966624
1732903966642
1732903966661
1732903966670
1732903966724
1732903966757
1732903966780
1732903966828
1732903966875
1732903966903
1732903966929
1732903966948
1732903967002
1732903967040
1732903967067
1732903967120
1732903967200
1732903967238
1732903967256
1732903967274
1732903967320
1732903967361
1732903967375
1732903967415
1732903967461
1732903967478
1732903967494
1732903967520
1732903967575
1732903967614
1732903967649
1732903967694
1732903967740
1732903967751
1732903967765
1732903967782
1732903967828
1732903967887
1732903967891
1732903967934
1732903967987
1732903968028
1732903968066
1732903968110
1732903968227
1732903968274
1732903968304
1732903968367
1732903968445
1732903968490
1732903968513
1732903968553
1732903968637
1732903968711
1732903968729
1732903968794
1732903968843
1732903968888
1732903968894
1732903968922
1732903968997
1732903969041
1732903969068
1732903969098
1732903969157
1732903969177
1732903969200
1732903969225
1732903969327
1732903969380
1732903969423
1732903969433
1732903969509
1732903969543
1732903969555
1732903969580
1732903969635
1732903969708
1732903969723
1732903969758
1732903969818
1732903969839
1732903969855
1732903969873
1732903969931
1732903969993
1732903970026
1732903970048
1732903970103
1732903970117
1732903970138
1732903970165
1732903970233
1732903970265
1732903970270
1732903970302
1732903970367
1732903970377
1732903970401
1732903970407
1732903970458
1732903970536
1732903970550
1732903970585
1732903970639
1732903970658
1732903970675
1732903970700
1732903970763
1732903970791
1732903970812
1732903970847
1732903970911
1732903970918
1732903970945
1732903970953
1732903970997
1732903971074
1732903971092
1732903971122
1732903971167
1732903971190
1732903971218
1732903971241
1732903971297
1732903971349
1732903971362
1732903971401
1732903971457
1732903971479
1732903971488
1732903971514
1732903971581
1732903971626
1732903971648
1732903971699
1732903971781
1732903971804
1732903971834
1732903971842
1732903971898
1732903971956
1732903971972
1732903972003
1732903972072
1732903972092
1732903972110
1732903972126
1732903972180
1732903972214
1732903972255
1732903972279
1732903972347
1732903972374
1732903972401
1732903972405
1732903972446
1732903972487
1732903972506
1732903972545
1732903972629
1732903972645
1732903972664
1732903972677
1732903972734
1732903972761
1732903972789
1732903972852
1732903972918
1732903972931
1732903972945
1732903972961
1732903973007
1732903973060
1732903973081
1732903973119
1732903973192
1732903973216
1732903973228
1732903973244
1732903973295
1732903973336
1732903973355
1732903973406
1732903973462
1732903973478
1732903973495
1732903973523
1732903973563
1732903973615
1732903973627
1732903973681
1732903973744
1732903973761
1732903973767
1732903973781
1732903973828
1732903973875
1732903973889
1732903973934
1732903974008
1732903974021
1732903974036
1732903974052
1732903974094
1732903974125
1732903974148
1732903974199
1732903974245
1732903974265
1732903974292
1732903974307
1732903974350
1732903974392
1732903974417
1732903974463
1732903974531
1732903974548
1732903974565
1732903974577
1732903974619
1732903974653
1732903974666
1732903974698
1732903974733
1732903974749
1732903974763
1732903974778
1732903974816
1732903974863
1732903974883
1732903974917
1732903974973
1732903974996
1732903975012
1732903975028
1732903975077
1732903975103
1732903975122
1732903975141
1732903975183
1732903975196
1732903975209
1732903975222
1732903975263
1732903975296
1732903975310
1732903975344
1732903975383
1732903975400
1732903975414
1732903975434
1732903975480
1732903975505
1732903975522
1732903975551
1732903975595
1732903975610
1732903975629
1732903975642
1732903975680
1732903975718
1732903975729
1732903975761
1732903975795
1732903975808
1732903975823
1732903975836
1732903975874
1732903975902
1732903975920
1732903975944
1732903975984
1732903975997
1732903976011
1732903976028
1732903976069
1732903976103
1732903976117
1732903976148
1732903976186
1732903976198
1732903976212
1732903976223
1732903976267
1732903976298
1732903976310
1732903976340
1732903976385
1732903976404
1732903976412
1732903976428
1732903976472
1732903976498
1732903976517
1732903976543
1732903976581
1732903976593
1732903976612
1732903976642
1732903976693
1732903976726
1732903976749
1732903976784
1732903976847
1732903976863
1732903976882
1732903976893
1732903976942
1732903976974
1732903976989
1732903977017
1732903977065
1732903977077
1732903977092
1732903977107
1732903977155
1732903977181
1732903977200
1732903977228
1732903977287
1732903977310
1732903977332
1732903977356
1732903977419
1732903977451
1732903977466
1732903977499
1732903977543
1732903977557
1732903977571
1732903977589
1732903977639
1732903977668
1732903977681
1732903977717
1732903977782
1732903977797
1732903977815
1732903977836
1732903977891
1732903977921
1732903977932
1732903977971
1732903978009
1732903978028
1732903978049
1732903978056
1732903978105
1732903978126
1732903978151
1732903978188
1732903978237
1732903978252
1732903978262
1732903978281
1732903978333
1732903978358
1732903978377
1732903978397
1732903978435
1732903978448
1732903978469
1732903978483
1732903978522
1732903978551
1732903978570
1732903978615
1732903978656
1732903978669
1732903978685
1732903978706
1732903978749
1732903978789
1732903978816
1732903978842
1732903978899
1732903978922
1732903978938
1732903978961
1732903979014
1732903979055
1732903979086
1732903979128
1732903979220
1732903979247
1732903979264
1732903979291
1732903979336
1732903979392
1732903979413
1732903979443
1732903979504
1732903979531
1732903979549
1732903979567
1732903979615
1732903979657
1732903979672
1732903979698
1732903979736
1732903979752
1732903979775
1732903979789
1732903979829
1732903979850
1732903979868
1732903979890
1732903979946
1732903979963
1732903979986
1732903980002
1732903980087
1732903980109
1732903980139
1732903980167
1732903980216
1732903980219
1732903980257
1732903980269
1732903980310
1732903980333
1732903980350
1732903980378
1732903980427
1732903980442
1732903980456
1732903980473
1732903980520
1732903980547
1732903980559
1732903980587
1732903980635
1732903980643
1732903980659
1732903980676
1732903980731
1732903980770
1732903980786
1732903980824
1732903980882
1732903980901
1732903980911
1732903980925
1732903980978
1732903981010
1732903981029
1732903981077
1732903981149
1732903981173
1732903981182
1732903981213
1732903981267
1732903981300
1732903981321
1732903981345
1732903981388
1732903981400
1732903981431
1732903981441
1732903981509
1732903981557
1732903981583
1732903981634
1732903981683
1732903981698
1732903981704
1732903981721
1732903981760
1732903981790
1732903981805
1732903981839
1732903981874
1732903981888
1732903981901
1732903981915
1732903981979
1732903982028
1732903982038
1732903982075
1732903982143
1732903982161
1732903982177
1732903982189
1732903982230
1732903982271
1732903982290
1732903982339
1732903982403
1732903982421
1732903982445
1732903982465
1732903982520
1732903982556
1732903982578
1732903982627
1732903982703
1732903982722
1732903982729
1732903982766
1732903982809
1732903982844
1732903982859
1732903982906
1732903982994
1732903983013
1732903983058
1732903983106
1732903983123
1732903983168
1732903983177
1732903983221
1732903983292
1732903983311
1732903983328
1732903983362
1732903983397
1732903983427
1732903983441
1732903983473
1732903983512
1732903983537
1732903983542
1732903983560
1732903983606
1732903983636
1732903983646
1732903983686
1732903983723
1732903983745
1732903983749
1732903983779
1732903983815
1732903983867
1732903983872
1732903983891
1732903983926
1732903983941
1732903983960
1732903983974
1732903984013
1732903984041
1732903984057
1732903984089
1732903984128
1732903984159
1732903984163
1732903984179
1732903984238
1732903984246
1732903984258
1732903984288
1732903984338
1732903984354
1732903984371
1732903984383
1732903984430
1732903984461
1732903984476
1732903984507
1732903984553
1732903984566
1732903984588
1732903984597
1732903984642
1732903984676
1732903984685
1732903984723
1732903984768
1732903984781
1732903984795
1732903984824
1732903984854
1732903984891
1732903984906
1732903984925
1732903984976
1732903984980
1732903985000
1732903985012
1732903985048
1732903985076
1732903985096
1732903985119
1732903985162
1732903985179
1732903985185
1732903985211
1732903985242
1732903985271
1732903985296
1732903985316
1732903985354
1732903985375
1732903985385
1732903985401
1732903985448
1732903985480
1732903985501
1732903985531
1732903985577
1732903985589
1732903985605
1732903985620
1732903985669
1732903985699
1732903985713
1732903985751
1732903985784
1732903985802
1732903985816
1732903985855
1732903985890
1732903985900
1732903985925
1732903985946
1732903985990
1732903986004
1732903986024
1732903986035
1732903986077
1732903986105
1732903986119
1732903986146
1732903986196
1732903986202
1732903986217
1732903986235
1732903986270
1732903986298
1732903986310
1732903986342
1732903986386
1732903986399
1732903986408
1732903986421
1732903986482
1732903986511
1732903986550
1732903986578
1732903986621
1732903986629
1732903986647
1732903986673
1732903986719
1732903986748
1732903986764
1732903986808
1732903986842
1732903986868
1732903986873
1732903986916
1732903986949
1732903986972
1732903986976
1732903987015
1732903987043
1732903987091
1732903987095
1732903987095
1732903987150
1732903987159
1732903987179
1732903987203
1732903987252
1732903987267
1732903987272
1732903987286
1732903987340
1732903987360
1732903987390
1732903987410
1732903987445
1732903987473
1732903987477
1732903987495
1732903987537
1732903987566
1732903987580
1732903987604
1732903987650
1732903987661
1732903987674
1732903987695
1732903987738
1732903987765
1732903987780
1732903987809
1732903987852
1732903987865
1732903987880
1732903987896
1732903987944
1732903987968
1732903987976
1732903988008
1732903988058
1732903988075
1732903988095
1732903988111
1732903988171
1732903988185
1732903988202
1732903988236
1732903988289
1732903988307
1732903988331
1732903988362
1732903988440
1732903988480
1732903988502
1732903988538
1732903988589
1732903988609
1732903988644
1732903988662
1732903988721
1732903988772
1732903988792
1732903988839
1732903988888
1732903988896
1732903988911
1732903988936
1732903988969
1732903988999
1732903989017
1732903989044
1732903989085
1732903989099
1732903989106
1732903989120
1732903989191
1732903989230
1732903989253
1732903989277
1732903989327
1732903989354
1732903989359
1732903989375
1732903989457
1732903989462
1732903989502
1732903989513
1732903989564
1732903989595
1732903989643
1732903989646
1732903989685
1732903989727
1732903989731
1732903989772
1732903989812
1732903989839
1732903989843
1732903989854
1732903989903
1732903989931
1732903989954
1732903989976
1732903990013
1732903990027
1732903990044
1732903990058
1732903990096
1732903990127
1732903990148
1732903990166
1732903990215
1732903990222
1732903990239
1732903990253
1732903990291
1732903990319
1732903990329
1732903990363
1732903990399
1732903990411
1732903990423
1732903990437
1732903990479
1732903990516
1732903990521
1732903990546
1732903990585
1732903990599
1732903990613
1732903990627
1732903990672
1732903990701
1732903990750
1732903990765
1732903990801
1732903990805
1732903990837
1732903990842
1732903990890
1732903990920
1732903990931
1732903990967
1732903991007
1732903991019
1732903991039
1732903991050
1732903991093
1732903991120
1732903991142
1732903991168
1732903991229
1732903991233
1732903991253
1732903991266
1732903991308
1732903991360
1732903991364
1732903991397
1732903991426
1732903991437
1732903991452
1732903991461
1732903991499
1732903991529
1732903991541
1732903991564
1732903991606
1732903991619
1732903991637
1732903991657
1732903991694
1732903991717
1732903991731
1732903991768
1732903991799
1732903991812
1732903991826
1732903991844
1732903991884
1732903991916
1732903991930
1732903991991
1732903992019
1732903992036
1732903992046
1732903992068
1732903992112
1732903992149
1732903992155
1732903992194
1732903992225
1732903992252
1732903992256
1732903992279
1732903992316
1732903992347
1732903992369
1732903992399
1732903992439
1732903992444
1732903992456
1732903992480
1732903992512
1732903992549
1732903992555
1732903992601
1732903992665
1732903992673
1732903992700
1732903992714
1732903992767
1732903992798
1732903992812
1732903992834
1732903992890
1732903992895
1732903992922
1732903992927
1732903992969
1732903992999
1732903993015
1732903993045
1732903993092
1732903993098
1732903993113
1732903993127
1732903993169
1732903993202
1732903993219
1732903993247
1732903993284
1732903993296
1732903993337
1732903993380
1732903993428
1732903993477
1732903993483
1732903993500
1732903993528
1732903993554
1732903993560
1732903993583
1732903993621
1732903993642
1732903993660
1732903993684
1732903993730
1732903993736
1732903993757
1732903993773
1732903993813
1732903993836
1732903993853
1732903993878
1732903993918
1732903993932
1732903993949
1732903993954
1732903993999
1732903994022
1732903994033
1732903994061
1732903994099
1732903994119
1732903994135
1732903994145
1732903994187
1732903994215
1732903994230
1732903994259
1732903994302
1732903994315
1732903994347
1732903994351
1732903994384
1732903994419
1732903994432
1732903994454
1732903994498
1732903994528
1732903994532
1732903994549
1732903994584
1732903994610
1732903994629
1732903994649
1732903994694
1732903994705
1732903994726
1732903994731
1732903994771
1732903994797
1732903994811
1732903994844
1732903994892
1732903994907
1732903994918
1732903994930
1732903994969
1732903994994
1732903995008
1732903995039
1732903995077
1732903995088
1732903995102
1732903995115
1732903995164
1732903995189
1732903995199
1732903995230
1732903995269
1732903995280
1732903995301
1732903995316
1732903995356
1732903995424
1732903995430
1732903995455
1732903995479
1732903995485
1732903995494
1732903995513
1732903995566
1732903995590
1732903995603
1732903995631
1732903995691
1732903995715
1732903995722
1732903995747
1732903995791
1732903995797
1732903995824
1732903995865
1732903995887
1732903995892
1732903995909
1732903995930
1732903995961
1732903995988
1732903996003
1732903996031
1732903996071
1732903996095
1732903996100
1732903996113
1732903996156
1732903996194
1732903996199
1732903996235
1732903996277
1732903996282
1732903996304
1732903996313
1732903996360
1732903996388
1732903996416
1732903996443
1732903996478
1732903996503
1732903996508
1732903996527
1732903996585
1732903996618
1732903996622
1732903996652
1732903996689
1732903996709
1732903996721
1732903996740
1732903996784
1732903996818
1732903996831
1732903996859
1732903996903
1732903996923
1732903996938
1732903996946
1732903996995
1732903997018
1732903997038
1732903997065
1732903997110
1732903997124
1732903997137
1732903997150
1732903997186
1732903997221
1732903997229
1732903997262
1732903997302
1732903997318
1732903997337
1732903997357
1732903997396
1732903997428
1732903997456
1732903997473
1732903997516
1732903997531
1732903997544
1732903997561
1732903997602
1732903997632
1732903997646
1732903997675
1732903997720
1732903997739
1732903997753
1732903997763
1732903997801
1732903997834
1732903997843
1732903997873
1732903997915
1732903997935
1732903997948
1732903997969
1732903998039
1732903998078
1732903998100
1732903998138
1732903998217
1732903998230
1732903998251
1732903998279
1732903998321
1732903998352
1732903998378
1732903998405
1732903998448
1732903998453
1732903998472
1732903998489
1732903998526
1732903998566
1732903998571
1732903998604
1732903998654
1732903998668
1732903998683
1732903998707
1732903998754
1732903998783
1732903998799
1732903998832
1732903998884
1732903998899
1732903998912
1732903998924
1732903998978
1732903999009
1732903999024
1732903999052
1732903999100
1732903999115
1732903999130
1732903999144
1732903999197
1732903999230
1732903999241
1732903999272
1732903999322
1732903999337
1732903999362
1732903999367
1732903999415
1732903999449
1732903999466
1732903999497
1732903999539
1732903999555
1732903999571
1732903999593
1732903999632
1732903999672
1732903999677
1732903999711
1732903999750
1732903999768
1732903999783
1732903999799
1732903999851
1732903999886
1732903999901
1732903999941
1732903999994
1732904000011
1732904000031
1732904000072
1732904000085
1732904000110
1732904000122
1732904000158
1732904000208
1732904000227
1732904000243
1732904000256
1732904000304
1732904000332
1732904000349
1732904000381
1732904000429
1732904000447
1732904000465
1732904000486
1732904000529
1732904000564
1732904000580
1732904000619
1732904000666
1732904000689
1732904000699
1732904000716
1732904000765
1732904000824
1732904000829
1732904000859
1732904000908
1732904000932
1732904000937
1732904000966
1732904000990
1732904001017
1732904001040
1732904001070
1732904001107
1732904001112
1732904001125
1732904001146
1732904001181
1732904001217
1732904001222
1732904001249
1732904001289
1732904001315
1732904001319
1732904001332
1732904001383
1732904001415
1732904001419
1732904001447
1732904001485
1732904001506
1732904001517
1732904001544
1732904001589
1732904001616
1732904001663
1732904001672
1732904001724
1732904001729
1732904001746
1732904001771
1732904001810
1732904001831
1732904001846
1732904001879
1732904001919
1732904001944
1732904001949
1732904001966
1732904002035
1732904002044
1732904002073
1732904002101
1732904002135
1732904002146
1732904002163
1732904002175
1732904002220
1732904002248
1732904002263
1732904002286
1732904002336
1732904002352
1732904002360
1732904002374
1732904002418
1732904002455
1732904002460
1732904002491
1732904002533
1732904002548
1732904002562
1732904002571
1732904002611
1732904002640
1732904002664
1732904002686
1732904002728
1732904002742
1732904002755
1732904002775
1732904002816
1732904002850
1732904002863
1732904002888
1732904002931
1732904002940
1732904002959
1732904002975
1732904003016
1732904003049
1732904003062
1732904003112
1732904003146
1732904003167
1732904003181
1732904003191
1732904003239
1732904003272
1732904003277
1732904003309
1732904003351
1732904003377
1732904003381
1732904003407
1732904003439
1732904003474
1732904003479
1732904003506
1732904003561
1732904003574
1732904003587
1732904003600
1732904003655
1732904003684
1732904003690
1732904003734
1732904003774
1732904003779
1732904003791
1732904003816
1732904003856
1732904003882
1732904003900
1732904003934
1732904003974
1732904003993
1732904004015
1732904004019
1732904004072
1732904004110
1732904004116
1732904004147
1732904004192
1732904004213
1732904004226
1732904004240
1732904004278
1732904004306
1732904004317
1732904004353
1732904004385
1732904004405
1732904004418
1732904004439
1732904004471
1732904004499
1732904004515
1732904004545
1732904004579
1732904004593
1732904004607
1732904004620
1732904004663
1732904004698
1732904004712
1732904004734
1732904004779
1732904004795
1732904004803
1732904004827
1732904004862
1732904004893
1732904004908
1732904004938
1732904004988
1732904005025
1732904005029
1732904005053
1732904005081
1732904005105
1732904005114
1732904005151
1732904005184
1732904005194
1732904005209
1732904005229
1732904005269
1732904005294
1732904005308
1732904005335
1732904005378
1732904005389
1732904005403
1732904005419
1732904005465
1732904005489
1732904005503
1732904005531
1732904005571
1732904005590
1732904005599
1732904005614
1732904005659
1732904005688
1732904005699
1732904005726
1732904005767
1732904005780
1732904005794
1732904005814
1732904005857
1732904005879
1732904005896
1732904005924
1732904005964
1732904005981
1732904005987
1732904006001
1732904006053
1732904006082
1732904006091
1732904006131
1732904006175
1732904006179
1732904006202
1732904006208
1732904006273
1732904006285
1732904006306
1732904006331
1732904006379
1732904006385
1732904006401
1732904006414
1732904006458
1732904006486
1732904006501
1732904006531
1732904006585
1732904006592
1732904006609
1732904006637
1732904006678
1732904006706
1732904006721
1732904006757
1732904006803
1732904006817
1732904006842
1732904006858
1732904006921
1732904006951
1732904006983
1732904007004
1732904007049
1732904007074
1732904007088
1732904007101
1732904007156
1732904007192
1732904007205
1732904007245
1732904007314
1732904007329
1732904007352
1732904007380
1732904007447
1732904007506
1732904007529
1732904007595
1732904007667
1732904007684
1732904007707
1732904007721
1732904007772
1732904007820
1732904007838
1732904007896
1732904007957
1732904007975
1732904007997
1732904008024
1732904008086
1732904008133
1732904008148
1732904008190
1732904008248
1732904008273
1732904008296
1732904008307
1732904008368
1732904008404
1732904008424
1732904008463
1732904008528
1732904008548
1732904008575
1732904008593
1732904008653
1732904008681
1732904008696
1732904008733
1732904008775
1732904008791
1732904008810
1732904008826
1732904008885
1732904008918
1732904008939
1732904008972
1732904009026
1732904009205
1732904009250
1732904009250
1732904009251
1732904009251
1732904009252
1732904009905
1732904010201
1732904010201
1732904010211
1732904010217
1732904010299
1732904010301
1732904010301
1732904010336
1732904010345
1732904010345
1732904010346
1732904010346
1732904010346
1732904010347
1732904010347
1732904010385
1732904010386
1732904010386
1732904010386
1732904010402
1732904010427
1732904010428
1732904010453
1732904010454
1732904010493
1732904010508
1732904010533
1732904010539
1732904010540
1732904010580
1732904010581
1732904010601
1732904010624
1732904010630
1732904010633
1732904010641
1732904010664
1732904010694
1732904010711
1732904010755
1732904010839
1732904010865
1732904010886
1732904010902
1732904010980
1732904011046
1732904011076
1732904011107
1732904011189
1732904011212
1732904011236
1732904011256
1732904011341
1732904011401
1732904011416
1732904011448
1732904011510
1732904011533
1732904011543
1732904011568
1732904011631
1732904011670
1732904011710
1732904011743
1732904011790
1732904011809
1732904011829
1732904011853
1732904011917
1732904011955
1732904011975
1732904012017
1732904012088
1732904012136
1732904012144
1732904012182
1732904012220
1732904012273
1732904012294
1732904012336
1732904012408
1732904012438
1732904012462
1732904012471
1732904012538
1732904012590
1732904012604
1732904012653
1732904012725
1732904012750
1732904012773
1732904012796
1732904012860
1732904012901
1732904012919
1732904012954
1732904013031
1732904013062
1732904013084
1732904013102
1732904013166
1732904013208
1732904013226
1732904013251
1732904013309
1732904013332
1732904013350
1732904013367
1732904013425
1732904013462
1732904013480
1732904013526
1732904013581
1732904013598
1732904013634
1732904013643
1732904013693
1732904013732
1732904013767
1732904013799
1732904013854
1732904013860
1732904013883
1732904013888
1732904013939
1732904013969
1732904013985
1732904014018
1732904014068
1732904014085
1732904014115
1732904014133
1732904014173
1732904014212
1732904014229
1732904014256
1732904014304
1732904014339
1732904014344
1732904014367
1732904014406
1732904014441
1732904014461
1732904014493
1732904014547
1732904014564
1732904014569
1732904014597
1732904014640
1732904014672
1732904014687
1732904014724
1732904014774
1732904014794
1732904014800
1732904014820
1732904014870
1732904014902
1732904014919
1732904014944
1732904014994
1732904015011
1732904015026
1732904015043
1732904015098
1732904015130
1732904015145
1732904015180
1732904015218
1732904015235
1732904015251
1732904015274
1732904015314
1732904015357
1732904015363
1732904015405
1732904015447
1732904015463
1732904015478
1732904015495
1732904015541
1732904015567
1732904015583
1732904015620
1732904015666
1732904015682
1732904015693
1732904015709
1732904015760
1732904015794
1732904015814
1732904015846
1732904015889
1732904015910
1732904015929
1732904015934
1732904015989
1732904016014
1732904016030
1732904016070
1732904016110
1732904016125
1732904016141
1732904016157
1732904016210
1732904016241
1732904016256
1732904016285
1732904016340
1732904016355
1732904016372
1732904016389
1732904016436
1732904016468
1732904016476
1732904016509
1732904016562
1732904016574
1732904016588
1732904016604
1732904016650
1732904016684
1732904016699
1732904016737
1732904016786
1732904016803
1732904016819
1732904016835
1732904016885
1732904016908
1732904016924
1732904016955
1732904017003
1732904017024
1732904017041
1732904017057
1732904017109
1732904017134
1732904017153
1732904017176
1732904017223
1732904017249
1732904017255
1732904017271
1732904017324
1732904017357
1732904017365
1732904017399
1732904017451
1732904017466
1732904017481
1732904017498
1732904017548
1732904017578
1732904017593
1732904017617
1732904017664
1732904017681
1732904017696
1732904017712
1732904017762
1732904017794
1732904017810
1732904017841
1732904017894
1732904017910
1732904017930
1732904017936
1732904017985
1732904018024
1732904018039
1732904018065
1732904018113
1732904018130
1732904018152
1732904018170
1732904018209
1732904018242
1732904018256
1732904018286
1732904018335
1732904018351
1732904018365
1732904018382
1732904018434
1732904018464
1732904018484
1732904018514
1732904018569
1732904018575
1732904018598
1732904018605
1732904018662
1732904018691
1732904018698
1732904018731
1732904018782
1732904018798
1732904018812
1732904018830
1732904018878
1732904018902
1732904018919
1732904018959
1732904019008
1732904019024
1732904019039
1732904019054
1732904019105
1732904019137
1732904019152
1732904019182
1732904019231
1732904019237
1732904019257
1732904019279
1732904019328
1732904019355
1732904019379
1732904019405
1732904019446
1732904019474
1732904019478
1732904019500
1732904019545
1732904019570
1732904019595
1732904019616
1732904019667
1732904019675
1732904019694
1732904019715
1732904019761
1732904019791
1732904019804
1732904019832
1732904019885
1732904019901
1732904019913
1732904019927
1732904019974
1732904020019
1732904020025
1732904020058
1732904020102
1732904020119
1732904020136
1732904020158
1732904020207
1732904020238
1732904020243
1732904020276
1732904020326
1732904020344
1732904020352
1732904020369
1732904020419
1732904020448
1732904020466
1732904020504
1732904020563
1732904020589
1732904020617
1732904020631
1732904020718
1732904020751
1732904020771
1732904020818
1732904020887
1732904020919
1732904020952
1732904020971
1732904021035
1732904021082
1732904021101
1732904021136
1732904021194
1732904021203
1732904021224
1732904021249
1732904021298
1732904021328
1732904021348
1732904021382
1732904021444
1732904021451
1732904021476
1732904021495
1732904021544
1732904021576
1732904021599
1732904021638
1732904021682
1732904021714
1732904021719
1732904021738
1732904021790
1732904021823
1732904021843
1732904021877
1732904021938
1732904021948
1732904021969
1732904021984
1732904022040
1732904022071
1732904022086
1732904022131
1732904022172
1732904022194
1732904022214
1732904022223
1732904022280
1732904022315
1732904022336
1732904022370
1732904022429
1732904022446
1732904022469
1732904022475
1732904022539
1732904022566
1732904022583
1732904022612
1732904022667
1732904022687
1732904022695
1732904022721
1732904022767
1732904022795
1732904022819
1732904022847
1732904022902
1732904022927
1732904022947
1732904022955
1732904023009
1732904023051
1732904023068
1732904023106
1732904023154
1732904023174
1732904023201
1732904023224
1732904023299
1732904023362
1732904023389
1732904023422
1732904023498
1732904023527
1732904023549
1732904023562
1732904023643
1732904023691
1732904023717
1732904023764
1732904024004
1732904024004
1732904024008
1732904024012
1732904024078
1732904024147
1732904024171
1732904024535
1732904024660
1732904024660
1732904024660
1732904024660
1732904024671
1732904024725
1732904024726
1732904024732
1732904024739
1732904024739
1732904024766
1732904024828
1732904024839
1732904024849
1732904024852
1732904024855
1732904024869
1732904024870
1732904024883
1732904024916
1732904024929
1732904024974
1732904024977
1732904024995
1732904025040
1732904025060
1732904025077
1732904025094
1732904025142
1732904025179
1732904025196
1732904025234
1732904025284
1732904025301
1732904025317
1732904025334
1732904025385
1732904025418
1732904025437
1732904025468
1732904025508
1732904025530
1732904025546
1732904025563
1732904025604
1732904025645
1732904025651
1732904025685
1732904025732
1732904025750
1732904025770
1732904025790
1732904025833
1732904025867
1732904025885
1732904025918
1732904025962
1732904025977
1732904025994
1732904026010
1732904026050
1732904026089
1732904026095
1732904026128
1732904026175
1732904026192
1732904026210
1732904026226
1732904026279
1732904026309
1732904026324
1732904026351
1732904026397
1732904026413
1732904026429
1732904026448
1732904026496
1732904026522
1732904026537
1732904026568
1732904026616
1732904026631
1732904026648
1732904026664
1732904026721
1732904026748
1732904026754
1732904026792
1732904026835
1732904026851
1732904026865
1732904026881
1732904026928
1732904026950
1732904026964
1732904026995
1732904027045
1732904027060
1732904027068
1732904027085
1732904027134
1732904027165
1732904027185
1732904027215
1732904027256
1732904027270
1732904027285
1732904027300
1732904027350
1732904027384
1732904027395
1732904027428
1732904027472
1732904027489
1732904027505
1732904027522
1732904027564
1732904027595
1732904027610
1732904027648
1732904027695
1732904027710
1732904027726
1732904027742
1732904027790
1732904027817
1732904027832
1732904027874
1732904027911
1732904027929
1732904027948
1732904027975
1732904028052
1732904028110
1732904028144
1732904028196
1732904028257
1732904028279
1732904028298
1732904028316
1732904028368
1732904028401
1732904028415
1732904028443
1732904028494
1732904028515
1732904028521
1732904028540
1732904028593
1732904028619
1732904028636
1732904028667
1732904028715
1732904028733
1732904028748
1732904028763
1732904028817
1732904028848
1732904028864
1732904028895
1732904028943
1732904028958
1732904028971
1732904028984
1732904029032
1732904029064
1732904029079
1732904029111
1732904029160
1732904029175
1732904029191
1732904029207
1732904029254
1732904029290
1732904029305
1732904029337
1732904029379
1732904029395
1732904029410
1732904029426
1732904029473
1732904029506
1732904029525
1732904029556
1732904029598
1732904029619
1732904029635
1732904029650
1732904029697
1732904029728
1732904029744
1732904029776
1732904029821
1732904029840
1732904029857
1732904029863
1732904029912
1732904029943
1732904029969
1732904029999
1732904030039
1732904030055
1732904030074
1732904030096
1732904030143
1732904030169
1732904030183
1732904030214
1732904030264
1732904030282
1732904030300
1732904030313
1732904030357
1732904030389
1732904030406
1732904030430
1732904030477
1732904030493
1732904030516
1732904030526
1732904030578
1732904030616
1732904030631
1732904030660
1732904030713
1732904030735
1732904030742
1732904030759
1732904030803
1732904030839
1732904030863
1732904030886
1732904030932
1732904030962
1732904030979
1732904030986
1732904031038
1732904031078
1732904031106
1732904031146
1732904031240
1732904031265
1732904031274
1732904031296
1732904031390
1732904031414
1732904031431
1732904031469
1732904031523
1732904031558
1732904031574
1732904031601
1732904031662
1732904031741
1732904031777
1732904031820
1732904031883
1732904031902
1732904031924
1732904031938
1732904032004
1732904032051
1732904032067
1732904032105
1732904032159
1732904032183
1732904032189
1732904032210
1732904032267
1732904032306
1732904032320
1732904032359
1732904032425
1732904032443
1732904032457
1732904032486
1732904032536
1732904032576
1732904032592
1732904032626
1732904032676
1732904032694
1732904032710
1732904032728
1732904032783
1732904032812
1732904032835
1732904032929
1732904033045
1732904033069
1732904033101
1732904033116
1732904033206
1732904033247
1732904033281
1732904033332
1732904033385
1732904033408
1732904033423
1732904033445
1732904033496
1732904033535
1732904033555
1732904033596
1732904033641
1732904033662
1732904033686
1732904033692
1732904033742
1732904033775
1732904033803
1732904033823
1732904033883
1732904033908
1732904033915
1732904033939
1732904033994
1732904034019
1732904034026
1732904034057
1732904034112
1732904034140
1732904034148
1732904034169
1732904034227
1732904034258
1732904034299
1732904034308
1732904034375
1732904034382
1732904034403
1732904034422
1732904034466
1732904034507
1732904034527
1732904034558
1732904034620
1732904034639
1732904034657
1732904034676
1732904034736
1732904034775
1732904034787
1732904034825
1732904034892
1732904034899
1732904034918
1732904034936
1732904034996
1732904035022
1732904035039
1732904035075
1732904035125
1732904035149
1732904035166
1732904035184
1732904035226
1732904035258
1732904035274
1732904035335
1732904035375
1732904035396
1732904035418
1732904035439
1732904035497
1732904035535
1732904035560
1732904035593
1732904035661
1732904035681
1732904035700
1732904035713
1732904035771
1732904035805
1732904035822
1732904035858
1732904035907
1732904035924
1732904035940
1732904035957
1732904036005
1732904036038
1732904036054
1732904036078
1732904036137
1732904036152
1732904036166
1732904036184
1732904036226
1732904036261
1732904036277
1732904036307
1732904036349
1732904036365
1732904036389
1732904036396
1732904036447
1732904036478
1732904036494
1732904036536
1732904036575
1732904036591
1732904036605
1732904036620
1732904036666
1732904036696
1732904036711
1732904036744
1732904036795
1732904036811
1732904036826
1732904036836
1732904036882
1732904036915
1732904036928
1732904036969
1732904037016
1732904037034
1732904037047
1732904037066
1732904037116
1732904037155
1732904037159
1732904037196
1732904037238
1732904037263
1732904037269
1732904037286
1732904037343
1732904037369
1732904037390
1732904037437
1732904037494
1732904037516
1732904037539
1732904037565
1732904037619
1732904037670
1732904037692
1732904037727
1732904037769
1732904037796
1732904037811
1732904037826
1732904037889
1732904037934
1732904037956
1732904037986
1732904038047
1732904038059
1732904038083
1732904038110
1732904038162
1732904038196
1732904038212
1732904038245
1732904038291
1732904038308
1732904038330
1732904038344
1732904038394
1732904038433
1732904038449
1732904038482
1732904038531
1732904038554
1732904038571
1732904038590
1732904038639
1732904038673
1732904038691
1732904038726
1732904038777
1732904038800
1732904038818
1732904038840
1732904038910
1732904038943
1732904038949
1732904038996
1732904039047
1732904039066
1732904039089
1732904039108
1732904039149
1732904039196
1732904039226
1732904039262
1732904039316
1732904039591
1732904039804
1732904039804
1732904039909
1732904039915
1732904040254
1732904040350
1732904040373
1732904040383
1732904040384
1732904040384
1732904040384
1732904040385
1732904040385
1732904040385
1732904040403
1732904040403
1732904040404
1732904040405
1732904040432
1732904040432
1732904040432
1732904040433
1732904040433
1732904040433
1732904040434
1732904040434
1732904040476
1732904040482
1732904040513
1732904040522
1732904040558
1732904040561
1732904040561
1732904040562
1732904040584
1732904040598
1732904040601
1732904040625
1732904040654
1732904040657
1732904040662
1732904040680
1732904040715
1732904040749
1732904040775
1732904040797
1732904040862
1732904040877
1732904040896
1732904040926
1732904040997
1732904041030
1732904041058
1732904041111
1732904041190
1732904041214
1732904041236
1732904041267
1732904041316
1732904041385
1732904041391
1732904041440
1732904041557
1732904041589
1732904041616
1732904041632
1732904041686
1732904041739
1732904041753
1732904041794
1732904041852
1732904041866
1732904041889
1732904041907
1732904041959
1732904041998
1732904042017
1732904042065
1732904042116
1732904042137
1732904042155
1732904042173
1732904042235
1732904042260
1732904042273
1732904042316
1732904042359
1732904042377
1732904042394
1732904042421
1732904042482
1732904042517
1732904042531
1732904042578
1732904042613
1732904042629
1732904042651
1732904042671
1732904042712
1732904042743
1732904042760
1732904042792
1732904042838
1732904042862
1732904042878
1732904042893
1732904042964
1732904043018
1732904043038
1732904043078
1732904043138
1732904043152
1732904043174
1732904043186
1732904043241
1732904043272
1732904043290
1732904043322
1732904043381
1732904043401
1732904043423
1732904043429
1732904043482
1732904043510
1732904043530
1732904043566
1732904043616
1732904043634
1732904043657
1732904043666
1732904043752
1732904043811
1732904043824
1732904043901
1732904043952
1732904043958
1732904043981
1732904043987
1732904044041
1732904044082
1732904044106
1732904044147
1732904044201
1732904044218
1732904044238
1732904044254
1732904044301
1732904044337
1732904044355
1732904044416
1732904044454
1732904044478
1732904044501
1732904044507
1732904044567
1732904044604
1732904044620
1732904044661
1732904044716
1732904044736
1732904044759
1732904044779
1732904044827
1732904044861
1732904044876
1732904044916
1732904044976
1732904044995
1732904045017
1732904045024
1732904045076
1732904045107
1732904045125
1732904045156
1732904045204
1732904045225
1732904045241
1732904045256
1732904045300
1732904045338
1732904045347
1732904045378
1732904045433
1732904045448
1732904045464
1732904045480
1732904045532
1732904045565
1732904045571
1732904045603
1732904045651
1732904045667
1732904045684
1732904045700
1732904045749
1732904045781
1732904045802
1732904045840
1732904045893
1732904045901
1732904045925
1732904045943
1732904045985
1732904046020
1732904046039
1732904046096
1732904046136
1732904046156
1732904046186
1732904046193
1732904046248
1732904046270
1732904046301
1732904046336
1732904046373
1732904046396
1732904046401
1732904046441
1732904046489
1732904046498
1732904046527
1732904046573
1732904046617
1732904046629
1732904046650
1732904046700
1732904046732
1732904046768
1732904046773
1732904046815
1732904046855
1732904046866
1732904046878
1732904046902
1732904046943
1732904046974
1732904046994
1732904047032
1732904047074
1732904047091
1732904047107
1732904047129
1732904047170
1732904047203
1732904047221
1732904047256
1732904047304
1732904047320
1732904047334
1732904047347
1732904047395
1732904047424
1732904047443
1732904047473
1732904047528
1732904047535
1732904047553
1732904047572
1732904047623
1732904047649
1732904047668
1732904047697
1732904047750
1732904047766
1732904047783
1732904047802
1732904047854
1732904047878
1732904047896
1732904047927
1732904048007
1732904048042
1732904048051
1732904048070
1732904048127
1732904048167
1732904048186
1732904048224
1732904048319
1732904048337
1732904048354
1732904048372
1732904048432
1732904048458
1732904048475
1732904048516
1732904048578
1732904048602
1732904048621
1732904048638
1732904048691
1732904048736
1732904048751
1732904048788
1732904048835
1732904048849
1732904048867
1732904048895
1732904048993
1732904049021
1732904049047
1732904049081
1732904049128
1732904049144
1732904049161
1732904049177
1732904049219
1732904049253
1732904049278
1732904049302
1732904049355
1732904049378
1732904049387
1732904049406
1732904049455
1732904049492
1732904049507
1732904049542
1732904049590
1732904049611
1732904049633
1732904049660
1732904049712
1732904049751
1732904049769
1732904049801
1732904049856
1732904049873
1732904049886
1732904049901
1732904049953
1732904049987
1732904050004
1732904050039
1732904050103
1732904050128
1732904050147
1732904050163
1732904050207
1732904050240
1732904050258
1732904050288
1732904050342
1732904050364
1732904050380
1732904050393
1732904050438
1732904050479
1732904050502
1732904050523
1732904050576
1732904050591
1732904050602
1732904050625
1732904050670
1732904050697
1732904050713
1732904050752
1732904050798
1732904050807
1732904050832
1732904050840
1732904050890
1732904050922
1732904050951
1732904050982
1732904051014
1732904051039
1732904051065
1732904051071
1732904051125
1732904051153
1732904051178
1732904051211
1732904051261
1732904051276
1732904051295
1732904051312
1732904051361
1732904051409
1732904051428
1732904051466
1732904051525
1732904051542
1732904051562
1732904051582
1732904051633
1732904051668
1732904051686
1732904051719
1732904051773
1732904051791
1732904051829
1732904051854
1732904051901
1732904051947
1732904051965
1732904052015
1732904052062
1732904052085
1732904052108
1732904052128
1732904052186
1732904052223
1732904052237
1732904052269
1732904052327
1732904052334
1732904052353
1732904052369
1732904052423
1732904052460
1732904052477
1732904052500
1732904052565
1732904052568
1732904052590
1732904052606
1732904052654
1732904052678
1732904052699
1732904052736
1732904052786
1732904052792
1732904052822
1732904052829
1732904052874
1732904052908
1732904052929
1732904052959
1732904053019
1732904053024
1732904053039
1732904053064
1732904053113
1732904053145
1732904053164
1732904053190
1732904053239
1732904053258
1732904053273
1732904053289
1732904053346
1732904053380
1732904053391
1732904053432
1732904053479
1732904053499
1732904053507
1732904053529
1732904053587
1732904053611
1732904053628
1732904053661
1732904053710
1732904053727
1732904053745
1732904053762
1732904053814
1732904053848
1732904053866
1732904053911
1732904053963
1732904053970
1732904053988
1732904054005
1732904054054
1732904054096
1732904054106
1732904054141
1732904054191
1732904054207
1732904054226
1732904054239
1732904054288
1732904054318
1732904054341
1732904054367
1732904054413
1732904054426
1732904054443
1732904054459
1732904054513
1732904054542
1732904054559
1732904054590
1732904054636
1732904054653
1732904054670
1732904054687
1732904054732
1732904054780
1732904054792
1732904054846
1732904054934
1732904054969
1732904054976
1732904055001
1732904055062
1732904055104
1732904055130
1732904055166
1732904055236
1732904055249
1732904055267
1732904055289
1732904055358
1732904055427
1732904055433
1732904055480
1732904055540
1732904055556
1732904055579
1732904055604
1732904055677
1732904055717
1732904055732
1732904055776
1732904055830
1732904055865
1732904055868
1732904055900
1732904055949
1732904055995
1732904056001
1732904056056
1732904056120
1732904056128
1732904056148
1732904056167
1732904056237
1732904056268
1732904056293
1732904056326
1732904056380
1732904056403
1732904056428
1732904056448
1732904056507
1732904056562
1732904056591
1732904056608
1732904056681
1732904056712
1732904056721
1732904056783
1732904056812
1732904056835
1732904056856
1732904056904
1732904056948
1732904056972
1732904056991
1732904057013
1732904057071
1732904057116
1732904057134
1732904057183
1732904057237
1732904057258
1732904057293
1732904057305
1732904057379
1732904057418
1732904057443
1732904057486
1732904057563
1732904057588
1732904057607
1732904057627
1732904057686
1732904057729
1732904057752
1732904057800
1732904057884
1732904057933
1732904057982
1732904058016
1732904058115
1732904058190
1732904058238
1732904058288
1732904058365
1732904058386
1732904058406
1732904058426
1732904058506
1732904058538
1732904058574
1732904058612
1732904058684
1732904058717
1732904058739
1732904058763
1732904058831
1732904058877
1732904058891
1732904058930
1732904059034
1732904059048
1732904059056
1732904059083
1732904059145
1732904059198
1732904059224
1732904059252
1732904059309
1732904059336
1732904059371
1732904059381
1732904059438
1732904059485
1732904059508
1732904059551
1732904059637
1732904059645
1732904059668
1732904059690
1732904059772
1732904059824
1732904059851
1732904059888
1732904059945
1732904059966
1732904059984
1732904060006
1732904060070
1732904060107
1732904060131
1732904060172
1732904060225
1732904060243
1732904060264
1732904060306
1732904060348
1732904060398
1732904060415
1732904060452
1732904060508
1732904060526
1732904060549
1732904060566
1732904060610
1732904060650
1732904060667
1732904060703
1732904060748
1732904060784
1732904060793
1732904060821
1732904060926
1732904060969
1732904060997
1732904061038
1732904061120
1732904061139
1732904061159
1732904061188
1732904061229
1732904061265
1732904061284
1732904061321
1732904061439
1732904061472
1732904061492
1732904061523
1732904061601
1732904061664
1732904061700
1732904061752
1732904061838
1732904061864
1732904061889
1732904061918
1732904062015
1732904062051
1732904062071
1732904062124
1732904062171
1732904062193
1732904062221
1732904062250
1732904062357
1732904062411
1732904062443
1732904062491
1732904062586
1732904062593
1732904062614
1732904062640
1732904062706
1732904062755
1732904062776
1732904062824
1732904062896
1732904062926
1732904062946
1732904062964
1732904063038
1732904063108
1732904063114
1732904063158
1732904063239
1732904063293
1732904063299
1732904063338
1732904063394
1732904063451
1732904063500
1732904063529
1732904063620
1732904063657
1732904063671
1732904063683
1732904063742
1732904063780
1732904063834
1732904063878
1732904063946
1732904063959
1732904063978
1732904063996
1732904064077
1732904064135
1732904064152
1732904064206
1732904064288
1732904064308
1732904064318
1732904064339
1732904064409
1732904064434
1732904064454
1732904064516
1732904064593
1732904064620
1732904064644
1732904064687
1732904064758
1732904064820
1732904064845
1732904064899
1732904064972
1732904064990
1732904065021
1732904065053
1732904065104
1732904065155
1732904065186
1732904065263
1732904065310
1732904065338
1732904065391
1732904065414
1732904065481
1732904065537
1732904065549
1732904065599
1732904065647
1732904065668
1732904065698
1732904065718
1732904065782
1732904065819
1732904065840
1732904065877
1732904065936
1732904065954
1732904065977
1732904065996
1732904066071
1732904066103
1732904066126
1732904066164
1732904066213
1732904066232
1732904066251
1732904066272
1732904066344
1732904066369
1732904066394
1732904066430
1732904066488
1732904066508
1732904066537
1732904066547
1732904066618
1732904066657
1732904066668
1732904066717
1732904066773
1732904066790
1732904066807
1732904066830
1732904066895
1732904066925
1732904066943
1732904066988
1732904067032
1732904067050
1732904067077
1732904067100
1732904067157
1732904067194
1732904067204
1732904067235
1732904067293
1732904067317
1732904067326
1732904067346
1732904067407
1732904067443
1732904067488
1732904067516
1732904067570
1732904067592
1732904067599
1732904067619
1732904067670
1732904067707
1732904067730
1732904067763
1732904067817
1732904067825
1732904067844
1732904067860
1732904067910
1732904067950
1732904067975
1732904067999
1732904068053
1732904068083
1732904068107
1732904068113
1732904068171
1732904068211
1732904068226
1732904068269
1732904068331
1732904068357
1732904068384
1732904068404
1732904068476
1732904068516
1732904068545
1732904068611
1732904068685
1732904068722
1732904068750
1732904068778
1732904068859
1732904068907
1732904068941
1732904069007
1732904069084
1732904069113
1732904069139
1732904069170
1732904069233
1732904069275
1732904069319
1732904069339
1732904069393
1732904069411
1732904069431
1732904069450
1732904069508
1732904069558
1732904069581
1732904069626
1732904069677
1732904069687
1732904069707
1732904069729
1732904069788
1732904069834
1732904069842
1732904069894
1732904069948
1732904069969
1732904069977
1732904069997
1732904070062
1732904070111
1732904070137
1732904070188
1732904070267
1732904070287
1732904070306
1732904070323
1732904070389
1732904070426
1732904070449
1732904070500
1732904070559
1732904070575
1732904070595
1732904070617
1732904070674
1732904070709
1732904070733
1732904070762
1732904070819
1732904070840
1732904070857
1732904070876
1732904070924
1732904070957
1732904070971
1732904071008
1732904071050
1732904071066
1732904071088
1732904071096
1732904071226
1732904071327
1732904071379
1732904071432
1732904071489
1732904071509
1732904071529
1732904071559
1732904071630
1732904071686
1732904071756
1732904071794
1732904071880
1732904071888
1732904071921
1732904071926
1732904071988
1732904072013
1732904072030
1732904072069
1732904072120
1732904072152
1732904072170
1732904072197
1732904072242
1732904072277
1732904072311
1732904072339
1732904072416
1732904072421
1732904072440
1732904072465
1732904072541
1732904072571
1732904072583
1732904072623
1732904072707
1732904072717
1732904072746
1732904072773
1732904072841
1732904072905
1732904072928
1732904072977
1732904073058
1732904073075
1732904073097
1732904073123
1732904073200
1732904073219
1732904073240
1732904073297
1732904073351
1732904073373
1732904073399
1732904073423
1732904073482
1732904073527
1732904073554
1732904073611
1732904073677
1732904073696
1732904073719
1732904073749
1732904073807
1732904073861
1732904073899
1732904073925
1732904073992
1732904074010
1732904074040
1732904074062
1732904074129
1732904074175
1732904074204
1732904074237
1732904074302
1732904074329
1732904074365
1732904074373
1732904074442
1732904074482
1732904074489
1732904074531
1732904074586
1732904074619
1732904074630
1732904074659
1732904074710
1732904074740
1732904074760
1732904074808
1732904074872
1732904074891
1732904074912
1732904074941
1732904074982
1732904075021
1732904075044
1732904075080
1732904075144
1732904075170
1732904075178
1732904075197
1732904075254
1732904075296
1732904075315
1732904075357
1732904075419
1732904075437
1732904075465
1732904075487
1732904075534
1732904075580
1732904075614
1732904075641
1732904075717
1732904075738
1732904075750
1732904075776
1732904075847
1732904075878
1732904075896
