1732824345698
1732824362209
1732824362419
1732824362487
1732824362669
1732824362926
1732824362939
1732824363014
1732824363086
1732824363282
1732824363375
1732824363395
1732824363487
1732824363639
1732824363678
1732824363729
1732824363755
1732824363870
1732824363936
1732824364222
1732824364230
1732824364245
1732824364262
1732824364273
1732824364290
1732824364458
1732824364560
1732824364618
1732824364724
1732824364864
1732824364895
1732824364939
1732824364997
1732824365113
1732824365223
1732824365296
1732824365422
1732824365609
1732824365659
1732824365730
1732824365789
1732824365912
1732824365979
1732824366015
1732824366115
1732824366239
1732824366293
1732824366335
1732824366384
1732824366623
1732824366701
1732824366732
1732824366841
1732824366948
1732824366957
1732824366996
1732824367058
1732824367153
1732824367244
1732824367287
1732824367347
1732824367469
1732824367508
1732824367547
1732824367595
1732824367694
1732824367758
1732824367797
1732824367865
1732824367992
1732824368010
1732824368065
1732824368116
1732824368206
1732824368310
1732824368341
1732824368398
1732824368539
1732824368576
1732824368639
1732824368681
1732824368769
1732824368843
1732824368876
1732824368937
1732824369044
1732824369072
1732824369091
1732824369201
1732824369345
1732824369450
1732824369507
1732824369634
1732824369780
1732824369848
1732824369889
1732824369964
1732824370054
1732824370179
1732824370270
1732824370392
1732824370567
1732824370608
1732824370670
1732824370705
1732824370785
1732824370918
1732824370982
1732824371107
1732824371266
1732824371314
1732824371365
1732824371400
1732824371507
1732824371569
1732824371617
1732824371674
1732824371778
1732824371838
1732824371924
1732824372023
1732824372139
1732824372187
1732824372288
1732824372341
1732824372436
1732824372479
1732824372523
1732824372553
1732824372678
1732824372751
1732824372806
1732824372912
1732824373066
1732824373129
1732824373219
1732824373226
1732824373323
1732824373396
1732824373434
1732824373528
1732824373691
1732824373708
1732824373759
1732824373792
1732824373921
1732824373978
1732824374035
1732824374115
1732824374202
1732824374238
1732824374267
1732824374302
1732824374413
1732824374505
1732824374521
1732824374609
1732824374913
1732824375070
1732824375098
1732824375138
1732824375222
1732824375325
1732824375449
1732824375508
1732824375616
1732824375691
1732824375729
1732824375819
1732824375947
1732824376039
1732824376077
1732824376194
1732824376392
1732824376461
1732824376476
1732824376511
1732824376664
1732824376703
1732824376735
1732824376811
1732824376924
1732824376960
1732824376982
1732824377031
1732824377110
1732824377176
1732824377209
1732824377278
1732824377387
1732824377432
1732824377459
1732824377496
1732824377599
1732824377679
1732824377699
1732824377822
1732824377944
1732824378014
1732824378045
1732824378087
1732824378188
1732824378279
1732824378382
1732824378489
1732824378540
1732824378548
1732824378598
1732824378656
1732824378792
1732824378901
1732824378913
1732824378991
1732824379091
1732824379140
1732824379190
1732824379202
1732824379339
1732824379399
1732824379433
1732824379544
1732824379662
1732824379717
1732824379799
1732824379819
1732824379864
1732824379936
1732824379976
1732824380113
1732824380187
1732824380214
1732824380229
1732824380271
1732824380395
1732824380462
1732824380494
1732824380561
1732824380692
1732824380722
1732824380765
1732824380800
1732824380936
1732824381006
1732824381079
1732824381142
1732824381289
1732824381331
1732824381432
1732824381526
1732824381565
1732824381641
1732824381691
1732824381710
1732824381806
1732824381870
1732824381970
1732824381995
1732824382150
1732824382227
1732824382265
1732824382358
1732824382497
1732824382537
1732824382554
1732824382603
1732824382703
1732824382780
1732824382824
1732824382882
1732824383022
1732824383040
1732824383088
1732824383154
1732824383289
1732824383398
1732824383461
1732824383552
1732824383700
1732824383730
1732824383775
1732824383799
1732824383915
1732824383992
1732824384047
1732824384129
1732824384221
1732824384248
1732824384282
1732824384324
1732824384449
1732824384514
1732824384558
1732824384649
1732824384760
1732824384818
1732824384850
1732824384899
1732824385015
1732824385060
1732824385096
1732824385178
1732824385273
1732824385304
1732824385353
1732824385396
1732824385472
1732824385547
1732824385588
1732824385693
1732824385816
1732824385828
1732824385875
1732824385928
1732824386066
1732824386170
1732824386218
1732824386371
1732824386560
1732824386582
1732824386644
1732824386697
1732824386810
1732824386900
1732824386940
1732824387018
1732824387142
1732824387167
1732824387205
1732824387251
1732824387417
1732824387500
1732824387521
1732824387680
1732824387808
1732824387856
1732824387902
1732824387946
1732824388093
1732824388160
1732824388215
1732824388290
1732824388429
1732824388494
1732824388538
1732824388572
1732824388700
1732824388790
1732824388829
1732824388928
1732824389014
1732824389049
1732824389091
1732824389119
1732824389229
1732824389299
1732824389340
1732824389448
1732824389552
1732824389627
1732824389636
1732824389655
1732824389801
1732824389887
1732824389954
1732824390016
1732824390101
1732824390140
1732824390182
1732824390232
1732824390334
1732824390413
1732824390438
1732824390527
1732824390672
1732824390705
1732824390730
1732824390762
1732824390876
1732824390947
1732824391003
1732824391080
1732824391252
1732824391272
1732824391314
1732824391348
1732824391488
1732824391554
1732824391602
1732824391681
1732824391805
1732824391846
1732824391921
1732824391966
1732824392059
1732824392145
1732824392172
1732824392249
1732824392372
1732824392402
1732824392436
1732824392490
1732824392619
1732824392670
1732824392705
1732824392770
1732824392913
1732824392921
1732824392983
1732824392991
1732824393113
1732824393199
1732824393208
1732824393307
1732824393399
1732824393453
1732824393467
1732824393518
1732824393672
1732824393745
1732824393779
1732824394009
1732824394135
1732824394186
1732824394238
1732824394284
1732824394397
1732824394494
1732824394533
1732824394624
1732824394737
1732824394792
1732824394848
1732824394887
1732824394972
1732824395037
1732824395080
1732824395132
1732824395264
1732824395310
1732824395325
1732824395351
1732824395446
1732824395512
1732824395567
1732824395625
1732824395747
1732824395805
1732824395837
1732824395847
1732824395989
1732824396132
1732824396210
1732824396265
1732824396366
1732824396397
1732824396424
1732824396483
1732824396603
1732824396666
1732824396697
1732824396777
1732824396894
1732824396944
1732824396979
1732824397011
1732824397162
1732824397194
1732824397230
1732824397299
1732824397402
1732824397427
1732824397488
1732824397525
1732824397598
1732824397688
1732824397700
1732824397782
1732824397882
1732824397902
1732824397962
1732824397983
1732824398082
1732824398154
1732824398183
1732824398253
1732824398374
1732824398438
1732824398505
1732824398569
1732824398641
1732824398736
1732824398803
1732824398869
1732824398994
1732824399028
1732824399073
1732824399090
1732824399180
1732824399280
1732824399315
1732824399373
1732824399479
1732824399519
1732824399563
1732824399615
1732824399752
1732824399819
1732824399873
1732824399955
1732824400051
1732824400122
1732824400178
1732824400215
1732824400330
1732824400413
1732824400435
1732824400507
1732824400622
1732824400669
1732824400705
1732824400750
1732824400895
1732824400967
1732824401019
1732824401105
1732824401219
1732824401262
1732824401327
1732824401339
1732824401474
1732824401529
1732824401558
1732824401641
1732824401805
1732824401825
1732824401858
1732824401896
1732824402005
1732824402068
1732824402101
1732824402183
1732824402280
1732824402311
1732824402370
1732824402379
1732824402518
1732824402588
1732824402632
1732824402707
1732824402837
1732824402856
1732824402891
1732824402977
1732824403040
1732824403103
1732824403153
1732824403240
1732824403373
1732824403416
1732824403437
1732824403507
1732824403621
1732824403693
1732824403739
1732824403804
1732824403903
1732824403923
1732824403955
1732824403989
1732824404109
1732824404190
1732824404198
1732824404260
1732824404374
1732824404405
1732824404437
1732824404467
1732824404609
1732824404642
1732824404670
1732824404752
1732824404855
1732824404890
1732824404927
1732824404969
1732824405077
1732824405155
1732824405186
1732824405248
1732824405353
1732824405388
1732824405411
1732824405473
1732824405545
1732824405625
1732824405682
1732824405755
1732824405857
1732824405866
1732824405938
1732824405963
1732824406110
1732824406175
1732824406221
1732824406286
1732824406397
1732824406424
1732824406456
1732824406491
1732824406593
1732824406693
1732824406713
1732824406786
1732824406895
1732824406927
1732824406940
1732824406995
1732824407067
1732824407128
1732824407166
1732824407233
1732824407323
1732824407356
1732824407391
1732824407423
1732824407524
1732824407600
1732824407620
1732824407684
1732824407803
1732824407904
1732824407910
1732824407962
1732824408046
1732824408108
1732824408143
1732824408216
1732824408346
1732824408362
1732824408402
1732824408454
1732824408564
1732824408669
1732824408708
1732824408760
1732824408875
1732824408909
1732824408942
1732824408976
1732824409093
1732824409176
1732824409222
1732824409295
1732824409388
1732824409408
1732824409440
1732824409497
1732824409614
1732824409764
1732824409781
1732824409847
1732824409943
1732824409982
1732824410014
1732824410063
1732824410170
1732824410232
1732824410262
1732824410384
1732824410466
1732824410518
1732824410538
1732824410576
1732824410716
1732824410778
1732824410804
1732824410887
1732824411008
1732824411045
1732824411145
1732824411179
1732824411292
1732824411378
1732824411437
1732824411552
1732824411648
1732824411678
1732824411698
1732824411746
1732824411846
1732824411929
1732824411968
1732824412065
1732824412168
1732824412199
1732824412235
1732824412271
1732824412380
1732824412443
1732824412488
1732824412554
1732824412684
1732824412719
1732824412757
1732824412788
1732824412901
1732824412969
1732824413007
1732824413077
1732824413248
1732824413314
1732824413333
1732824413391
1732824413573
1732824413678
1732824413735
1732824413807
1732824413898
1732824413933
1732824413963
1732824414000
1732824414120
1732824414176
1732824414218
1732824414271
1732824414394
1732824414424
1732824414455
1732824414508
1732824414584
1732824414661
1732824414702
1732824414777
1732824414875
1732824414932
1732824414966
1732824415000
1732824415084
1732824415152
1732824415180
1732824415236
1732824415340
1732824415374
1732824415418
1732824415433
1732824415549
1732824415606
1732824415631
1732824415720
1732824415801
1732824415855
1732824415887
1732824415923
1732824416059
1732824416124
1732824416175
1732824416233
1732824416336
1732824416396
1732824416402
1732824416433
1732824416577
1732824416612
1732824416667
1732824416716
1732824416840
1732824416848
1732824416869
1732824416901
1732824416995
1732824417064
1732824417100
1732824417176
1732824417279
1732824417308
1732824417327
1732824417360
1732824417475
1732824417513
1732824417554
1732824417645
1732824417732
1732824417774
1732824417807
1732824417840
1732824417966
1732824418042
1732824418087
1732824418154
1732824418233
1732824418275
1732824418316
1732824418349
1732824418478
1732824418588
1732824418603
1732824418699
1732824418804
1732824418834
1732824418852
1732824418907
1732824419019
1732824419077
1732824419118
1732824419204
1732824419319
1732824419360
1732824419382
1732824419438
1732824419566
1732824419628
1732824419670
1732824419781
1732824419901
1732824419916
1732824419937
1732824419977
1732824420104
1732824420186
1732824420218
1732824420285
1732824420403
1732824420453
1732824420473
1732824420536
1732824420660
1732824420725
1732824420767
1732824420836
1732824420976
1732824421023
1732824421051
1732824421092
1732824421231
1732824421307
1732824421341
1732824421423
1732824421535
1732824421576
1732824421605
1732824421634
1732824421776
1732824421845
1732824421926
1732824422006
1732824422119
1732824422158
1732824422189
1732824422229
1732824422339
1732824422410
1732824422447
1732824422506
1732824422629
1732824422659
1732824422687
1732824422740
1732824422828
1732824422921
1732824422955
1732824423016
1732824423155
1732824423191
1732824423257
1732824423309
1732824423420
1732824423550
1732824423584
1732824423702
1732824423879
1732824423923
1732824423960
1732824423988
1732824424088
1732824424169
1732824424228
1732824424294
1732824424410
1732824424475
1732824424496
1732824424525
1732824424692
1732824424728
1732824424747
1732824424818
1732824424946
1732824424985
1732824425035
1732824425068
1732824425200
1732824425274
1732824425311
1732824425403
1732824425479
1732824425514
1732824425551
1732824425581
1732824425740
1732824425796
1732824425828
1732824425869
1732824425980
1732824426020
1732824426049
1732824426072
1732824426232
1732824426335
1732824426356
1732824426432
1732824426606
1732824426613
1732824426622
1732824426677
1732824426789
1732824426850
1732824426897
1732824426946
1732824427056
1732824427117
1732824427163
1732824427169
1732824427276
1732824427346
1732824427367
1732824427429
1732824427514
1732824427543
1732824427584
1732824427624
1732824427717
1732824427802
1732824427839
1732824427934
1732824428035
1732824428054
1732824428099
1732824428141
1732824428266
1732824428366
1732824428400
1732824428520
1732824428630
1732824428716
1732824428724
1732824428793
1732824428880
1732824428967
1732824428981
1732824429063
1732824429174
1732824429225
1732824429266
1732824429307
1732824429414
1732824429510
1732824429558
1732824429634
1732824429792
1732824429813
1732824429885
1732824429961
1732824430076
1732824430184
1732824430218
1732824430287
1732824430427
1732824430484
1732824430541
1732824430583
1732824430717
1732824430873
1732824430923
1732824431075
1732824431231
1732824431288
1732824431341
1732824431457
1732824431621
1732824431728
1732824431776
1732824431897
1732824432063
1732824432116
1732824432172
1732824432247
1732824432366
1732824432471
1732824432512
1732824432616
1732824432729
1732824432776
1732824432820
1732824432886
1732824433003
1732824433069
1732824433113
1732824433214
1732824433391
1732824433436
1732824433493
1732824433568
1732824433725
1732824433880
1732824433898
1732824434001
1732824434183
1732824434223
1732824434305
1732824434372
1732824434553
1732824434655
1732824434856
1732824434973
1732824435107
1732824435155
1732824435207
1732824435262
1732824435708
1732824435836
1732824435880
1732824436041
1732824436217
1732824436251
1732824436306
1732824437064
1732824437612
1732824437633
1732824437840
1732824438671
1732824438918
1732824438933
1732824438944
1732824438973
1732824439190
1732824439214
1732824439215
1732824439237
1732824439252
1732824439254
1732824439261
1732824439280
1732824439351
1732824439353
1732824439353
1732824439357
1732824439388
1732824439406
1732824439414
1732824439457
1732824439483
1732824439501
1732824439509
1732824439528
1732824439587
1732824439633
1732824439682
1732824439800
1732824439948
1732824440052
1732824440100
1732824440219
1732824440386
1732824440460
1732824440504
1732824440544
1732824440767
1732824440827
1732824440852
1732824441000
1732824441153
1732824441210
1732824441315
1732824441349
1732824441476
1732824441634
1732824441663
1732824441790
1732824441899
1732824441955
1732824442001
1732824442036
1732824442193
1732824442257
1732824442313
1732824442412
1732824442538
1732824442595
1732824442627
1732824442673
1732824442803
1732824442890
1732824442942
1732824443043
1732824443195
1732824443274
1732824443355
1732824443416
1732824443660
1732824443785
1732824443857
1732824444001
1732824444148
1732824444186
1732824444256
1732824444315
1732824444426
1732824444508
1732824444557
1732824444668
1732824444823
1732824444864
1732824444928
1732824444973
1732824445101
1732824445167
1732824445214
1732824445300
1732824445427
1732824445468
1732824445514
1732824445574
1732824445709
1732824445786
1732824445845
1732824445920
1732824446096
1732824446162
1732824446193
1732824446232
1732824446382
1732824446451
1732824446490
1732824446584
1732824446702
1732824446743
1732824446793
1732824446859
1732824447048
1732824447086
1732824447106
1732824447176
1732824447286
1732824447325
1732824447367
1732824447405
1732824447532
1732824447616
1732824447648
1732824447746
1732824447857
1732824447913
1732824447949
1732824448004
1732824448129
1732824448225
1732824448260
1732824448347
1732824448492
1732824448528
1732824448578
1732824448642
1732824448779
1732824448863
1732824448912
1732824448987
1732824449088
1732824449133
1732824449164
1732824449209
1732824449339
1732824449456
1732824449502
1732824449648
1732824449862
1732824449891
1732824449925
1732824449971
1732824450104
1732824450218
1732824450262
1732824450354
1732824450526
1732824450574
1732824450598
1732824450653
1732824450828
1732824450931
1732824451003
1732824451137
1732824451325
1732824451329
1732824451362
1732824451414
1732824451576
1732824451637
1732824451668
1732824451760
1732824451860
1732824451887
1732824451921
1732824451978
1732824452105
1732824452178
1732824452213
1732824452299
1732824452387
1732824452454
1732824452507
1732824452575
1732824452677
1732824452738
1732824452770
1732824452849
1732824452957
1732824452996
1732824453041
1732824453082
1732824453206
1732824453286
1732824453324
1732824453399
1732824453571
1732824453624
1732824453673
1732824453743
1732824453879
1732824453964
1732824454001
1732824454041
1732824454141
1732824454173
1732824454233
1732824454247
1732824454399
1732824454486
1732824454537
1732824454850
1732824454972
1732824454981
1732824455005
1732824455041
1732824455136
1732824455217
1732824455247
1732824455305
1732824455403
1732824455443
1732824455466
1732824455512
1732824455592
1732824455671
1732824455708
1732824455770
1732824455878
1732824455912
1732824455934
1732824455973
1732824456121
1732824456178
1732824456221
1732824456319
1732824456413
1732824456462
1732824456502
1732824456529
1732824456668
1732824456752
1732824456791
1732824456862
1732824456943
1732824456972
1732824457004
1732824457041
1732824457224
1732824457292
1732824457324
1732824457402
1732824457536
1732824457560
1732824457580
1732824457629
1732824457738
1732824457799
1732824457884
1732824457965
1732824458087
1732824458134
1732824458169
1732824458216
1732824458325
1732824458417
1732824458457
1732824458539
1732824458679
1732824458737
1732824458793
1732824458878
1732824459046
1732824459119
1732824459153
1732824459191
1732824459287
1732824459324
1732824459362
1732824459388
1732824459490
1732824459560
1732824459609
1732824459681
1732824459785
1732824459821
1732824459857
1732824459890
1732824459990
1732824460085
1732824460104
1732824460180
1732824460286
1732824460332
1732824460366
1732824460395
1732824460486
1732824460560
1732824460612
1732824460683
1732824460804
1732824460836
1732824460897
1732824460959
1732824461124
1732824461190
1732824461232
1732824461333
1732824461433
1732824461458
1732824461479
1732824461512
1732824461652
1732824461773
1732824461822
1732824461907
1732824462024
1732824462058
1732824462097
1732824462126
1732824462205
1732824462267
1732824462309
1732824462366
1732824462461
1732824462481
1732824462519
1732824462546
1732824462640
1732824462723
1732824462748
1732824462812
1732824462902
1732824462944
1732824462966
1732824462989
1732824463083
1732824463160
1732824463197
1732824463263
1732824463384
1732824463421
1732824463451
1732824463490
1732824463617
1732824463658
1732824463688
1732824463751
1732824463852
1732824463881
1732824463913
1732824463994
1732824464074
1732824464154
1732824464182
1732824464283
1732824464391
1732824464433
1732824464469
1732824464560
1732824464643
1732824464702
1732824464743
1732824464802
1732824464881
1732824464927
1732824464949
1732824464993
1732824465085
1732824465157
1732824465213
1732824465264
1732824465355
1732824465406
1732824465439
1732824465466
1732824465604
1732824465737
1732824465749
1732824465862
1732824466004
1732824466034
1732824466085
1732824466140
1732824466288
1732824466358
1732824466388
1732824466448
1732824466535
1732824466568
1732824466610
1732824466667
1732824466807
1732824466934
1732824466964
1732824467029
1732824467132
1732824467175
1732824467232
1732824467264
1732824467380
1732824467480
1732824467509
1732824467577
1732824467705
1732824467753
1732824467789
1732824467847
1732824467984
1732824468039
1732824468089
1732824468170
1732824468342
1732824468388
1732824468427
1732824468466
1732824468590
1732824468698
1732824468785
1732824468893
1732824469010
1732824469044
1732824469077
1732824469134
1732824469343
1732824469498
1732824469568
1732824469683
1732824469889
1732824469959
1732824469990
1732824470033
1732824470161
1732824470213
1732824470261
1732824470404
1732824470487
1732824470542
1732824470559
1732824470616
1732824470733
1732824470824
1732824470872
1732824470973
1732824471108
1732824471175
1732824471210
1732824471317
1732824471446
1732824471521
1732824471607
1732824471667
1732824471765
1732824471817
1732824471854
1732824471920
1732824472041
1732824472189
1732824472213
1732824472274
1732824472368
1732824472420
1732824472478
1732824472514
1732824472618
1732824472692
1732824472739
1732824472822
1732824472956
1732824472998
1732824473115
1732824473123
1732824473266
1732824473413
1732824473490
1732824473586
1732824473765
1732824473828
1732824473843
1732824473902
1732824474031
1732824474116
1732824474148
1732824474230
1732824474355
1732824474419
1732824474437
1732824474506
1732824474623
1732824474702
1732824474786
1732824474876
1732824474944
1732824475003
1732824475014
1732824475049
1732824475163
1732824475239
1732824475261
1732824475340
1732824475446
1732824475499
1732824475517
1732824475548
1732824475686
1732824475762
1732824475792
1732824475875
1732824475993
1732824476022
1732824476072
1732824476145
1732824476253
1732824476349
1732824476397
1732824476468
1732824476567
1732824476603
1732824476657
1732824476688
1732824476782
1732824476859
1732824476896
1732824476967
1732824477063
1732824477091
1732824477147
1732824477185
1732824477276
1732824477337
1732824477367
1732824477438
1732824477555
1732824477589
1732824477617
1732824477666
1732824477764
1732824477844
1732824477888
1732824477943
1732824478056
1732824478079
1732824478111
1732824478170
1732824478298
1732824478398
1732824478491
1732824478558
1732824478684
1732824478724
1732824478732
1732824478784
1732824478926
1732824478983
1732824479003
1732824479081
1732824479187
1732824479215
1732824479279
1732824479290
1732824479398
1732824479471
1732824479516
1732824479606
1732824479724
1732824479796
1732824479849
1732824479873
1732824480021
1732824480080
1732824480122
1732824480214
1732824480330
1732824480386
1732824480432
1732824480467
1732824480549
1732824480633
1732824480675
1732824480781
1732824480878
1732824480928
1732824480972
1732824481052
1732824481237
1732824481309
1732824481381
1732824481466
1732824481558
1732824481599
1732824481631
1732824481696
1732824481796
1732824481862
1732824481907
1732824481979
1732824482111
1732824482148
1732824482222
1732824482233
1732824482357
1732824482447
1732824482482
1732824482552
1732824482653
1732824482692
1732824482748
1732824482767
1732824482889
1732824482977
1732824483031
1732824483087
1732824483210
1732824483276
1732824483358
1732824483372
1732824483473
1732824483574
1732824483629
1732824483850
1732824483923
1732824483975
1732824484016
1732824484053
1732824484172
1732824484259
1732824484298
1732824484374
1732824484534
1732824484544
1732824484587
1732824484617
1732824484745
1732824484829
1732824484880
1732824484952
1732824485071
1732824485112
1732824485160
1732824485181
1732824485295
1732824485388
1732824485414
1732824485484
1732824485616
1732824485630
1732824485686
1732824485730
1732824485830
1732824485911
1732824485960
1732824486034
1732824486181
1732824486224
1732824486273
1732824486315
1732824486415
1732824486508
1732824486538
1732824486619
1732824486716
1732824486743
1732824486777
1732824486812
1732824486917
1732824486988
1732824487027
1732824487114
1732824487193
1732824487251
1732824487270
1732824487327
1732824487430
1732824487493
1732824487558
1732824487600
1732824487711
1732824487767
1732824487798
1732824487819
1732824487929
1732824487997
1732824488037
1732824488107
1732824488247
1732824488286
1732824488301
1732824488344
1732824488484
1732824488583
1732824488632
1732824488744
1732824488883
1732824488918
1732824488964
1732824488997
1732824489103
1732824489179
1732824489218
1732824489293
1732824489417
1732824489446
1732824489523
1732824489527
1732824489666
1732824489757
1732824489795
1732824489861
1732824489986
1732824490027
1732824490079
1732824490108
1732824490229
1732824490321
1732824490350
1732824490440
1732824490552
1732824490583
1732824490627
1732824490691
1732824490929
1732824491017
1732824491101
1732824491171
1732824491338
1732824491353
1732824491383
1732824491414
1732824491563
1732824491652
1732824491682
1732824491771
1732824491898
1732824491946
1732824491967
1732824492016
1732824492139
1732824492206
1732824492228
1732824492307
1732824492436
1732824492469
1732824492517
1732824492548
1732824492669
1732824492729
1732824492761
1732824492835
1732824492956
1732824492985
1732824493038
1732824493061
1732824493201
1732824493285
1732824493366
1732824493452
1732824493554
1732824493613
1732824493658
1732824493711
1732824493833
1732824493970
1732824493985
1732824494088
1732824494225
1732824494257
1732824494281
1732824494333
1732824494423
1732824494512
1732824494572
1732824494669
1732824494763
1732824494809
1732824494856
1732824494907
1732824495043
1732824495112
1732824495154
1732824495233
1732824495343
1732824495396
1732824495431
1732824495486
1732824495586
1732824495662
1732824495716
1732824495782
1732824495891
1732824495912
1732824495952
1732824495983
1732824496136
1732824496235
1732824496288
1732824496401
1732824496478
1732824496518
1732824496564
1732824496594
1732824496728
1732824496781
1732824496822
1732824496892
1732824497006
1732824497037
1732824497083
1732824497137
1732824497236
1732824497341
1732824497379
1732824497436
1732824497541
1732824497590
1732824497617
1732824497655
1732824497752
1732824497839
1732824497865
1732824498016
1732824498205
1732824498272
1732824498316
1732824498369
1732824498500
1732824498644
1732824498716
1732824498855
1732824499026
1732824499071
1732824499143
1732824499182
1732824499328
1732824499418
1732824499458
1732824499535
1732824499634
1732824499695
1732824499716
1732824499759
1732824499898
1732824499996
1732824500062
1732824500140
1732824500251
1732824500286
1732824500355
1732824500383
1732824500524
1732824500584
1732824500619
1732824500760
1732824500869
1732824500909
1732824500939
1732824501005
1732824501190
1732824501276
1732824501298
1732824501409
1732824501575
1732824501631
1732824501691
1732824501724
1732824501876
1732824501939
1732824501985
1732824502082
1732824502210
1732824502257
1732824502320
1732824502345
1732824502451
1732824502544
1732824502587
1732824502690
1732824502781
1732824502819
1732824502860
1732824502951
1732824503022
1732824503104
1732824503192
1732824503271
1732824503472
1732824503521
1732824503566
1732824503615
1732824503797
1732824503863
1732824503911
1732824503979
1732824504105
1732824504140
1732824504185
1732824504287
1732824504393
1732824504449
1732824504477
1732824504577
1732824504696
1732824504761
1732824504808
1732824504837
1732824504954
1732824505051
1732824505081
1732824505156
1732824505286
1732824505325
1732824505333
1732824505381
1732824505471
1732824505569
1732824505599
1732824505688
1732824505761
1732824505797
1732824505829
1732824505896
1732824505975
1732824506047
1732824506088
1732824506197
1732824506329
1732824506392
1732824506425
1732824506478
1732824506595
1732824506658
1732824506685
1732824506729
1732824506845
1732824506884
1732824506931
1732824506997
1732824507099
1732824507169
1732824507210
1732824507279
1732824507385
1732824507424
1732824507459
1732824507502
1732824507622
1732824507676
1732824507732
1732824507797
1732824507892
1732824507920
1732824507972
1732824508002
1732824508120
1732824508184
1732824508224
1732824508298
1732824508430
1732824508473
1732824508522
1732824508566
1732824508686
1732824508800
1732824508812
1732824508894
1732824509028
1732824509088
1732824509136
1732824509181
1732824509275
1732824509351
1732824509380
1732824509451
1732824509556
1732824509606
1732824509652
1732824509681
1732824509801
1732824510029
1732824510040
1732824510062
1732824510147
1732824510158
1732824510253
1732824510273
1732824510368
1732824510475
1732824510524
1732824510595
1732824510712
1732824510746
1732824510780
1732824510812
1732824510926
1732824511042
1732824511070
1732824511163
1732824511347
1732824511431
1732824511439
1732824511502
1732824511592
1732824511691
1732824511712
1732824511790
1732824511921
1732824511982
1732824512026
1732824512071
1732824512193
1732824512268
1732824512313
1732824512412
1732824512537
1732824512554
1732824512620
1732824512652
1732824512751
1732824512822
1732824512889
1732824512966
1732824513080
1732824513125
1732824513156
1732824513187
1732824513321
1732824513445
1732824513449
1732824513548
1732824513678
1732824513763
1732824513792
1732824513825
1732824513975
1732824514048
1732824514093
1732824514172
1732824514299
1732824514329
1732824514369
1732824514420
1732824514569
1732824514676
1732824514692
1732824514775
1732824514910
1732824514965
1732824515014
1732824515045
1732824515163
1732824515226
1732824515271
1732824515352
1732824515452
1732824515484
1732824515520
1732824515564
1732824515683
1732824515740
1732824515767
1732824515834
1732824515938
1732824515993
1732824516061
1732824516074
1732824516185
1732824516274
1732824516347
1732824516394
1732824516548
1732824516561
1732824516597
1732824516640
1732824516810
1732824516981
1732824517058
1732824517175
1732824517348
1732824517429
1732824517483
1732824517564
1732824517758
1732824517868
1732824517908
1732824518096
1732824518287
1732824518362
1732824518416
1732824518477
1732824518661
1732824518783
1732824518866
1732824518919
1732824519068
1732824519115
1732824519142
1732824519180
1732824519297
1732824519372
1732824519408
1732824519477
1732824519601
1732824519632
1732824519677
1732824519722
1732824519836
1732824519899
1732824519959
1732824520027
1732824520154
1732824520192
1732824520231
1732824520262
1732824520361
1732824520455
1732824520479
1732824520568
1732824520722
1732824520741
1732824520783
1732824520835
1732824520961
1732824521114
1732824521160
1732824521286
1732824521411
1732824521450
1732824521500
1732824521540
1732824521664
1732824521735
1732824521777
1732824521850
1732824521990
1732824522041
1732824522079
1732824522126
1732824522243
1732824522334
1732824522386
1732824522448
1732824522567
1732824522624
1732824522646
1732824522679
1732824522804
1732824522870
1732824522907
1732824522981
1732824523106
1732824523154
1732824523191
1732824523244
1732824523356
1732824523459
1732824523506
1732824523606
1732824523738
1732824523800
1732824523891
1732824523940
1732824524097
1732824524204
1732824524247
1732824524326
1732824524475
1732824524535
1732824524578
1732824524628
1732824524771
1732824524899
1732824524920
1732824525029
1732824525187
1732824525222
1732824525256
1732824525287
1732824525387
1732824525459
1732824525506
1732824525621
1732824525739
1732824525775
1732824525864
1732824525869
1732824526018
1732824526169
1732824526187
1732824526276
1732824526411
1732824526424
1732824526464
1732824526499
1732824526615
1732824526703
1732824526722
1732824526802
1732824526933
1732824526975
1732824527013
1732824527067
1732824527175
1732824527230
1732824527270
1732824527334
1732824527441
1732824527501
1732824527561
1732824527569
1732824527682
1732824527745
1732824527775
1732824527842
1732824527951
1732824527977
1732824528028
1732824528054
1732824528170
1732824528233
1732824528278
1732824528346
1732824528482
1732824528513
1732824528560
1732824528601
1732824528729
1732824528805
1732824528845
1732824528904
1732824529012
1732824529048
1732824529084
1732824529108
1732824529228
1732824529275
1732824529321
1732824529394
1732824529496
1732824529535
1732824529567
1732824529614
1732824529721
1732824529801
1732824529864
1732824529930
1732824530051
1732824530086
1732824530140
1732824530163
1732824530248
1732824530321
1732824530365
1732824530427
1732824530538
1732824530581
1732824530601
1732824530657
1732824530790
1732824530838
1732824530900
1732824530987
1732824531142
1732824531180
1732824531234
1732824531279
1732824531384
1732824531476
1732824531501
1732824531579
1732824531719
1732824531758
1732824531797
1732824531849
1732824531986
1732824532043
1732824532085
1732824532157
1732824532259
1732824532309
1732824532342
1732824532384
1732824532496
1732824532604
1732824532623
1732824532715
1732824532801
1732824532846
1732824532878
1732824532932
1732824533028
1732824533136
1732824533164
1732824533310
1732824533455
1732824533514
1732824533571
1732824533630
1732824533790
1732824533853
1732824533909
1732824533977
1732824534098
1732824534146
1732824534204
1732824534257
1732824534388
1732824534437
1732824534486
1732824534553
1732824534681
1732824534720
1732824534759
1732824534800
1732824534940
1732824535044
1732824535075
1732824535174
1732824535272
1732824535316
1732824535351
1732824535389
1732824535506
1732824535593
1732824535657
1732824535724
1732824535834
1732824535864
1732824535917
1732824535940
1732824536042
1732824536165
1732824536185
1732824536326
1732824536392
1732824536446
1732824536477
1732824536508
1732824536619
1732824536678
1732824536730
1732824536784
1732824536919
1732824536952
1732824536992
1732824537022
1732824537113
1732824537198
1732824537228
1732824537289
1732824537386
1732824537429
1732824537461
1732824537515
1732824537620
1732824537687
1732824537717
1732824537793
1732824537901
1732824537917
1732824537953
1732824537999
1732824538108
1732824538181
1732824538226
1732824538286
1732824538416
1732824538456
1732824538490
1732824538545
1732824538685
1732824538770
1732824538826
1732824538884
1732824538997
1732824539019
1732824539083
1732824539116
1732824539196
1732824539286
1732824539311
1732824539402
1732824539541
1732824539552
1732824539595
1732824539659
1732824539808
1732824539920
1732824539954
1732824540058
1732824540217
1732824540264
1732824540313
1732824540385
1732824540591
1732824540691
1732824540721
1732824540828
1732824540996
1732824541080
1732824541161
1732824541212
1732824541392
1732824541498
1732824541538
1732824541705
1732824541877
1732824541911
1732824541984
1732824542004
1732824542174
1732824542261
1732824542326
1732824542439
1732824542557
1732824542606
1732824542668
1732824542715
1732824542858
1732824542965
1732824543027
1732824543126
1732824543289
1732824543358
1732824543386
1732824543423
1732824543596
1732824543659
1732824543716
1732824543792
1732824543955
1732824544008
1732824544018
1732824544070
1732824544187
1732824544276
1732824544308
1732824544386
1732824544502
1732824544565
1732824544596
1732824544649
1732824544773
1732824544874
1732824544908
1732824545000
1732824545097
1732824545141
1732824545182
1732824545217
1732824545371
1732824545453
1732824545501
1732824545544
1732824545741
1732824545787
1732824545823
1732824545891
1732824545998
1732824546133
1732824546163
1732824546205
1732824546347
1732824546396
1732824546441
1732824546460
1732824546553
1732824546629
1732824546663
1732824546727
1732824546870
1732824546891
1732824546923
1732824546952
1732824547065
1732824547128
1732824547191
1732824547245
1732824547391
1732824547408
1732824547416
1732824547459
1732824547577
1732824547651
1732824547692
1732824547766
1732824547872
1732824547911
1732824547942
1732824548003
1732824548109
1732824548193
1732824548234
1732824548305
1732824548476
1732824548550
1732824548591
1732824548630
1732824548805
1732824548907
1732824548970
1732824549043
1732824549197
1732824549242
1732824549294
1732824549345
1732824549519
1732824549578
1732824549647
1732824549730
1732824549940
1732824549996
1732824550005
1732824550051
1732824550148
1732824550273
1732824550294
1732824550349
1732824550500
1732824550590
1732824550623
1732824550650
1732824550772
1732824550853
1732824550936
1732824551200
1732824551254
1732824551311
1732824551336
1732824551366
1732824551492
1732824551589
1732824551620
1732824551717
1732824551886
1732824551937
1732824551998
1732824552063
1732824552237
1732824552309
1732824552354
1732824552445
1732824552582
1732824552616
1732824552638
1732824552671
1732824552804
1732824552887
1732824552911
1732824552998
1732824553116
1732824553161
1732824553202
1732824553258
1732824553453
1732824553647
1732824553677
1732824553808
1732824553941
1732824553987
1732824554046
1732824554089
1732824554251
1732824554329
1732824554396
1732824554464
1732824554627
1732824554685
1732824554736
1732824554782
1732824554932
1732824555063
1732824555126
1732824555165
1732824555288
1732824555326
1732824555376
1732824555437
1732824555573
1732824555715
1732824555768
1732824555904
1732824556011
1732824556037
1732824556068
1732824556114
1732824556259
1732824556342
1732824556382
1732824556457
1732824556575
1732824556620
1732824556662
1732824556688
1732824556794
1732824556858
1732824556904
1732824556983
1732824557083
1732824557128
1732824557153
1732824557192
1732824557306
1732824557373
1732824557401
1732824557468
1732824557586
1732824557617
1732824557656
1732824557679
1732824557797
1732824557887
1732824557904
1732824557984
1732824558089
1732824558122
1732824558152
1732824558183
1732824558307
1732824558376
1732824558420
1732824558510
1732824558671
1732824558694
1732824558756
1732824558804
1732824558951
1732824559007
1732824559051
1732824559118
1732824559224
1732824559266
1732824559303
1732824559335
1732824559449
1732824559518
1732824559565
1732824559632
1732824559770
1732824559819
1732824559851
1732824559894
1732824560025
1732824560092
1732824560117
1732824560188
1732824560294
1732824560332
1732824560437
1732824560446
1732824560520
1732824560594
1732824560637
1732824560704
1732824560833
1732824560871
1732824560923
1732824560963
1732824561124
1732824561216
1732824561269
1732824561341
1732824561462
1732824561498
1732824561556
1732824561595
1732824561760
1732824561860
1732824561942
1732824562058
1732824562215
1732824562292
1732824562335
1732824562375
1732824562521
1732824562617
1732824562678
1732824562768
1732824562892
1732824562928
1732824562984
1732824563037
1732824563201
1732824563317
1732824563411
1732824563542
1732824563761
1732824563831
1732824563888
1732824563945
1732824564108
1732824564227
1732824564272
1732824564380
1732824564521
1732824564603
1732824564669
1732824564726
1732824564917
1732824565030
1732824565070
1732824565180
1732824565305
1732824565355
1732824565381
1732824565427
1732824565548
1732824565640
1732824565762
1732824565782
1732824565900
1732824565934
1732824565978
1732824566017
1732824566142
1732824566236
1732824566326
1732824566386
1732824566517
1732824566557
1732824566598
1732824566640
1732824566772
1732824566826
1732824566876
1732824566938
1732824567051
1732824567114
1732824567147
1732824567178
1732824567292
1732824567370
1732824567405
1732824567485
1732824567586
1732824567617
1732824567650
1732824567684
1732824567789
1732824567869
1732824567894
1732824567965
1732824568076
1732824568117
1732824568164
1732824568199
1732824568305
1732824568385
1732824568425
1732824568514
1732824568644
1732824568676
1732824568737
1732824568769
1732824568909
1732824568968
1732824569011
1732824569078
1732824569186
1732824569217
1732824569254
1732824569291
1732824569402
1732824569501
1732824569542
1732824569584
1732824569715
1732824569756
1732824569791
1732824569832
1732824569954
1732824570022
1732824570076
1732824570148
1732824570245
1732824570298
1732824570328
1732824570355
1732824570468
1732824570555
1732824570584
1732824570663
1732824570770
1732824570806
1732824570861
1732824570897
1732824571045
1732824571187
1732824571221
1732824571291
1732824571597
1732824571651
1732824571698
1732824571754
1732824571937
1732824572040
1732824572110
1732824572167
1732824572282
1732824572364
1732824572421
1732824572461
1732824572635
1732824572722
1732824572791
1732824572873
1732824573058
1732824573093
1732824573150
1732824573194
1732824573325
1732824573407
1732824573452
1732824573571
1732824573706
1732824573755
1732824573800
1732824573848
1732824573974
1732824574066
1732824574096
1732824574172
1732824574301
1732824574329
1732824574365
1732824574407
1732824574527
1732824574624
1732824574655
1732824574756
1732824574913
1732824574966
1732824575008
1732824575048
1732824575197
1732824575265
1732824575305
1732824575379
1732824575551
1732824575588
1732824575629
1732824575683
1732824575789
1732824575870
1732824575901
1732824575989
1732824576133
1732824576187
1732824576211
1732824576285
1732824576364
1732824576459
1732824576490
1732824576585
1732824576681
1732824576721
1732824576759
1732824576790
1732824576911
1732824576995
1732824577009
1732824577101
1732824577230
1732824577263
1732824577287
1732824577306
1732824577418
1732824577512
1732824577543
1732824577599
1732824577725
1732824577751
1732824577786
1732824577825
1732824577929
1732824578006
1732824578054
1732824578127
1732824578238
1732824578270
1732824578315
1732824578363
1732824578475
1732824578562
1732824578608
1732824578695
1732824578846
1732824578876
1732824578918
1732824578960
1732824579069
1732824579153
1732824579178
1732824579254
1732824579381
1732824579407
1732824579477
1732824579502
1732824579615
1732824579701
1732824579751
1732824579849
1732824579958
1732824579987
1732824580030
1732824580082
1732824580185
1732824580262
1732824580296
1732824580359
1732824580479
1732824580505
1732824580539
1732824580582
1732824580737
1732824580803
1732824580849
1732824580909
1732824581059
1732824581107
1732824581150
1732824581204
1732824581331
1732824581399
1732824581438
1732824581521
1732824581656
1732824581698
1732824581745
1732824581802
1732824581933
1732824582000
1732824582044
1732824582111
1732824582221
1732824582266
1732824582303
1732824582345
1732824582460
1732824582583
1732824582621
1732824582712
1732824582823
1732824582862
1732824582917
1732824582952
1732824583102
1732824583179
1732824583236
1732824583330
1732824583468
1732824583529
1732824583594
1732824583652
1732824583836
1732824583936
1732824583976
1732824584090
1732824584220
1732824584269
1732824584302
1732824584348
1732824584463
1732824584538
1732824584585
1732824584692
1732824584814
1732824584886
1732824584924
1732824584984
1732824585103
1732824585183
1732824585225
1732824585306
1732824585423
1732824585474
1732824585518
1732824585569
1732824585689
1732824585804
1732824585824
1732824585906
1732824586062
1732824586120
1732824586171
1732824586223
1732824586362
1732824586424
1732824586478
1732824586550
1732824586671
1732824586719
1732824586760
1732824586799
1732824586905
1732824586994
1732824587013
1732824587088
1732824587202
1732824587245
1732824587265
1732824587303
1732824587419
1732824587492
1732824587538
1732824587600
1732824587721
1732824587763
1732824587789
1732824587829
1732824587932
1732824588022
1732824588064
1732824588132
1732824588243
1732824588279
1732824588340
1732824588368
1732824588512
1732824588586
1732824588657
1732824588745
1732824588857
1732824588913
1732824588937
1732824588977
1732824589090
1732824589161
1732824589191
1732824589271
1732824589411
1732824589447
1732824589461
1732824589508
1732824589649
1732824589715
1732824589758
1732824589860
1732824589993
1732824590045
1732824590089
1732824590129
1732824590260
1732824590337
1732824590389
1732824590443
1732824590576
1732824590610
1732824590655
1732824590701
1732824590811
1732824590876
1732824590932
1732824591034
1732824591162
1732824591198
1732824591235
1732824591284
1732824591377
1732824591448
1732824591482
1732824591577
1732824591692
1732824591759
1732824591807
1732824591849
1732824591959
1732824592047
1732824592080
1732824592163
1732824592290
1732824592326
1732824592373
1732824592408
1732824592543
1732824592620
1732824592679
1732824592744
1732824592852
1732824592887
1732824592926
1732824592955
1732824593084
1732824593167
1732824593225
1732824593335
1732824593493
1732824593566
1732824593618
1732824593648
1732824593813
1732824593912
1732824593968
1732824594061
1732824594201
1732824594244
1732824594264
1732824594301
1732824594439
1732824594531
1732824594569
1732824594659
1732824594806
1732824594867
1732824594897
1732824594956
1732824595108
1732824595196
1732824595237
1732824595320
1732824595431
1732824595468
1732824595528
1732824595568
1732824595719
1732824595784
1732824595849
1732824595908
1732824596034
1732824596140
1732824596177
1732824596253
1732824596429
1732824596493
1732824596548
1732824596632
1732824596729
1732824596773
1732824596808
1732824596846
1732824596976
1732824597058
1732824597097
1732824597171
1732824597294
1732824597329
1732824597380
1732824597394
1732824597495
1732824597577
1732824597608
1732824597678
1732824597819
1732824597852
1732824597867
1732824597905
1732824598039
1732824598093
1732824598128
1732824598215
1732824598351
1732824598392
1732824598446
1732824598482
1732824598622
1732824598731
1732824598777
1732824598857
1732824598996
1732824599032
1732824599061
1732824599096
1732824599202
1732824599285
1732824599310
1732824599393
1732824599541
1732824599557
1732824599604
1732824599637
1732824599799
1732824599853
1732824599915
1732824599996
1732824600115
1732824600156
1732824600199
1732824600236
1732824600351
1732824600428
1732824600471
1732824600579
1732824600661
1732824600718
1732824600751
1732824600782
1732824600899
1732824601002
1732824601043
1732824601148
1732824601320
1732824601328
1732824601367
1732824601417
1732824601512
1732824601603
1732824601631
1732824601747
1732824601868
1732824601909
1732824601947
1732824601988
1732824602114
1732824602203
1732824602247
1732824602338
1732824602460
1732824602507
1732824602558
1732824602607
1732824602726
1732824602785
1732824602857
1732824602908
1732824603047
1732824603083
1732824603120
1732824603162
1732824603306
1732824603373
1732824603429
1732824603541
1732824603681
1732824603736
1732824603787
1732824603860
1732824603984
1732824604116
1732824604173
1732824604271
1732824604411
1732824604449
1732824604497
1732824604551
1732824604676
1732824604755
1732824604797
1732824604895
1732824605049
1732824605073
1732824605125
1732824605187
1732824605329
1732824605405
1732824605435
1732824605528
1732824605690
1732824605725
1732824605765
1732824605811
1732824605946
1732824606040
1732824606124
1732824606217
1732824606344
1732824606410
1732824606443
1732824606488
1732824606591
1732824606681
1732824606727
1732824606802
1732824606971
1732824606995
1732824607039
1732824607069
1732824607176
1732824607238
1732824607277
1732824607341
1732824607467
1732824607515
1732824607542
1732824607572
1732824607668
1732824607768
1732824607787
1732824607846
1732824607967
1732824608016
1732824608048
1732824608096
1732824608175
1732824608241
1732824608293
1732824608361
1732824608508
1732824608549
1732824608571
1732824608607
1732824608764
1732824608862
1732824608917
1732824609015
1732824609141
1732824609174
1732824609209
1732824609273
1732824609387
1732824609463
1732824609501
1732824609589
1732824609711
1732824609756
1732824609824
1732824609856
1732824609986
1732824610056
1732824610102
1732824610169
1732824610281
1732824610318
1732824610366
1732824610419
1732824610516
1732824610592
1732824610641
1732824610704
1732824610827
1732824610857
1732824610893
1732824610919
1732824611077
1732824611167
1732824611263
1732824611309
1732824611423
1732824611435
1732824611477
1732824611514
1732824611622
1732824611704
1732824611740
1732824611831
1732824611952
1732824612010
1732824612049
1732824612096
1732824612194
1732824612278
1732824612321
1732824612402
1732824612508
1732824612558
1732824612609
1732824612627
1732824612768
1732824612838
1732824612868
1732824612980
1732824613067
1732824613105
1732824613149
1732824613192
1732824613337
1732824613413
1732824613452
1732824613547
1732824613687
1732824613782
1732824613810
1732824613846
1732824614002
1732824614096
1732824614122
1732824614200
1732824614317
1732824614350
1732824614394
1732824614438
1732824614561
1732824614631
1732824614669
1732824614783
1732824614906
1732824614968
1732824614996
1732824615047
1732824615158
1732824615247
1732824615279
1732824615370
1732824615490
1732824615532
1732824615576
1732824615619
1732824615748
1732824615821
1732824615870
1732824615937
1732824616078
1732824616157
1732824616201
1732824616265
1732824616379
1732824616460
1732824616506
1732824616590
1732824616704
1732824616744
1732824616787
1732824616842
1732824616961
1732824617041
1732824617088
1732824617156
1732824617262
1732824617300
1732824617340
1732824617386
1732824617491
1732824617567
1732824617602
1732824617677
1732824618536
1732824618562
1732824618649
1732824618779
1732824618891
1732824618909
1732824618933
1732824618954
1732824619007
1732824619008
1732824619018
1732824619049
1732824619075
1732824619091
1732824619140
1732824619145
1732824619158
1732824619169
1732824619178
1732824619192
1732824619331
1732824619414
1732824619456
1732824619545
1732824619664
1732824619711
1732824619744
1732824619802
1732824619915
1732824620003
1732824620035
1732824620110
1732824620229
1732824620260
1732824620339
1732824620350
1732824620457
1732824620526
1732824620564
1732824620640
1732824620743
1732824620775
1732824620823
1732824620844
1732824620979
1732824621094
1732824621134
1732824621232
1732824621360
1732824621389
1732824621426
1732824621482
1732824621589
1732824621656
1732824621688
1732824621776
1732824621901
1732824621953
1732824622013
1732824622037
1732824622180
1732824622230
1732824622270
1732824622340
1732824622463
1732824622513
1732824622537
1732824622578
1732824622703
1732824622781
1732824622820
1732824622906
1732824623002
1732824623033
1732824623082
1732824623137
1732824623302
1732824623415
1732824623482
1732824623616
1732824623778
1732824623820
1732824623892
1732824623911
1732824624057
1732824624159
1732824624180
1732824624235
1732824624349
1732824624398
1732824624467
1732824624512
1732824624605
1732824624684
1732824624735
1732824624812
1732824624958
1732824625004
1732824625049
1732824625094
1732824625206
1732824625283
1732824625328
1732824625424
1732824625524
1732824625563
1732824625630
1732824625651
1732824625821
1732824625885
1732824625925
1732824626018
1732824626151
1732824626215
1732824626252
1732824626302
1732824626436
1732824626521
1732824626566
1732824626640
1732824626762
1732824626802
1732824626834
1732824626871
1732824627005
1732824627079
1732824627106
1732824627183
1732824627313
1732824627352
1732824627395
1732824627409
1732824627502
1732824627571
1732824627621
1732824627693
1732824627795
1732824627841
1732824627869
1732824627922
1732824628032
1732824628151
1732824628190
1732824628280
1732824628404
1732824628434
1732824628514
1732824628555
1732824628679
1732824628732
1732824628784
1732824628900
1732824628990
1732824629044
1732824629073
1732824629107
1732824629227
1732824629294
1732824629364
1732824629408
1732824629524
1732824629552
1732824629585
1732824629624
1732824629754
1732824629852
1732824629892
1732824629976
1732824630093
1732824630119
1732824630163
1732824630194
1732824630359
1732824630394
1732824630414
1732824630484
1732824630623
1732824630653
1732824630688
1732824630721
1732824630836
1732824630916
1732824630971
1732824631041
1732824631204
1732824631218
1732824631274
1732824631296
1732824631415
1732824631492
1732824631524
1732824631585
1732824631715
1732824631743
1732824631780
1732824631821
1732824631944
1732824632015
1732824632058
1732824632143
1732824632268
1732824632295
1732824632352
1732824632383
1732824632504
1732824632578
1732824632621
1732824632700
1732824632823
1732824632850
1732824632885
1732824632922
1732824633033
1732824633132
1732824633150
1732824633239
1732824633382
1732824633419
1732824633510
1732824633554
1732824633705
1732824633826
1732824633875
1732824633992
1732824634125
1732824634218
1732824634259
1732824634305
1732824634456
1732824634566
1732824634622
1732824634705
1732824634862
1732824634909
1732824634992
1732824635105
1732824635359
1732824635468
1732824635536
1732824635717
1732824635884
1732824635943
1732824635989
1732824636039
1732824636206
1732824636314
1732824636430
1732824636592
1732824636714
1732824636763
1732824636809
1732824636876
1732824636998
1732824637084
1732824637125
1732824637234
1732824637372
1732824637431
1732824637450
1732824637484
1732824637645
1732824637751
1732824637799
1732824637873
1732824638003
1732824638064
1732824638114
1732824638153
1732824638293
1732824638369
1732824638417
1732824638497
1732824638648
1732824638705
1732824638743
1732824638810
1732824639044
1732824639127
1732824639172
1732824639257
1732824639377
1732824639403
1732824639449
1732824639505
1732824639634
1732824639727
1732824639778
1732824639886
1732824640044
1732824640080
1732824640139
1732824640168
1732824640322
1732824640391
1732824640459
1732824640536
1732824640658
1732824640701
1732824640736
1732824640787
1732824640892
1732824640977
1732824641034
1732824641148
1732824641311
1732824641354
1732824641389
1732824641442
1732824641561
1732824641631
1732824641663
1732824641738
1732824641894
1732824641955
1732824641987
1732824642022
1732824642171
1732824642226
1732824642275
1732824642341
1732824642469
1732824642496
1732824642537
1732824642592
1732824642699
1732824642794
1732824642833
1732824642919
1732824643022
1732824643061
1732824643127
1732824643161
1732824643282
1732824643352
1732824643399
1732824643477
1732824643614
1732824643663
1732824643719
1732824643744
1732824643907
1732824643984
1732824644030
1732824644144
1732824644259
1732824644343
1732824644384
1732824644455
1732824644627
1732824644706
1732824644746
1732824644880
1732824645015
1732824645076
1732824645129
1732824645206
1732824645367
1732824645459
1732824645470
1732824645568
1732824645687
1732824645724
1732824645768
1732824645832
1732824645931
1732824646013
1732824646054
1732824646124
1732824646308
1732824646342
1732824646403
1732824646442
1732824646568
1732824646711
1732824646774
1732824646889
1732824647046
1732824647077
1732824647130
1732824647197
1732824647324
1732824647420
1732824647454
1732824647555
1732824647672
1732824647722
1732824647791
1732824647835
1732824648014
1732824648089
1732824648101
1732824648201
1732824648361
1732824648404
1732824648468
1732824648527
1732824648699
1732824648810
1732824648876
1732824648995
1732824649171
1732824649213
1732824649270
1732824649299
1732824649470
1732824649575
1732824649639
1732824649753
1732824649930
1732824650009
1732824650057
1732824650143
1732824650266
1732824650412
1732824650426
1732824650522
1732824650679
1732824650735
1732824650770
1732824650807
1732824650940
1732824651002
1732824651040
1732824651144
1732824651294
1732824651332
1732824651399
1732824651439
1732824651524
1732824651603
1732824651702
1732824651888
1732824652068
1732824652107
1732824652141
1732824652194
1732824652338
1732824652472
1732824652490
1732824652567
1732824652689
1732824652727
1732824652766
1732824652804
1732824652925
1732824653029
1732824653091
1732824653240
1732824653402
1732824653478
1732824653558
1732824653665
1732824653841
1732824653935
1732824653974
1732824654127
1732824654349
1732824654401
1732824654467
1732824654497
1732824654638
1732824654751
1732824654802
1732824654937
1732824655095
1732824655150
1732824655227
1732824655267
1732824655400
1732824655529
1732824655578
1732824655725
1732824655917
1732824655978
1732824656058
1732824656078
1732824656249
1732824656367
1732824656452
1732824656616
1732824656795
1732824656817
1732824656880
1732824656934
1732824657108
1732824657209
1732824657259
1732824657377
1732824657495
1732824657517
1732824657547
1732824657599
1732824657694
1732824657767
1732824657805
1732824657907
1732824658010
1732824658055
1732824658110
1732824658138
1732824658302
1732824658400
1732824658517
1732824658625
1732824658788
1732824658868
1732824658914
1732824659000
1732824659122
1732824659235
1732824659284
1732824659400
1732824659549
1732824659609
1732824659669
1732824659711
1732824659861
1732824659981
1732824660044
1732824660145
1732824660267
1732824660317
1732824660354
1732824660397
1732824660556
1732824660635
1732824660696
1732824660778
1732824660887
1732824660928
1732824660976
1732824661017
1732824661130
1732824661225
1732824661277
1732824661405
1732824661551
1732824661578
1732824661637
1732824661660
1732824661792
1732824661863
1732824661913
1732824661987
1732824662117
1732824662159
1732824662230
1732824662344
1732824662483
1732824662582
1732824662623
1732824662706
1732824662857
1732824662892
1732824662926
1732824663011
1732824663144
1732824663227
1732824663277
1732824663347
1732824663498
1732824663541
1732824663599
1732824663655
1732824663836
1732824663950
1732824664008
1732824664097
1732824664226
1732824664249
1732824664292
1732824664326
1732824664475
1732824664575
1732824664615
1732824664719
1732824664847
1732824664894
1732824664933
1732824665001
1732824665108
1732824665199
1732824665249
1732824665339
1732824665456
1732824665497
1732824665533
1732824665581
1732824665721
1732824665801
1732824665842
1732824665925
1732824666099
1732824666173
1732824666210
1732824666279
1732824666410
1732824666499
1732824666564
1732824666632
1732824666749
1732824666793
1732824666847
1732824666877
1732824667009
1732824667074
1732824667137
1732824667200
1732824667329
1732824667394
1732824667442
1732824667477
1732824667592
1732824667665
1732824667710
1732824667782
1732824667895
1732824667926
1732824667955
1732824667981
1732824668102
1732824668185
1732824668226
1732824668300
1732824668430
1732824668468
1732824668513
1732824668558
1732824668714
1732824668804
1732824668860
1732824668944
1732824669057
1732824669102
1732824669163
1732824669178
1732824669278
1732824669347
1732824669384
1732824669453
1732824669575
1732824669600
1732824669643
1732824669706
1732824669850
1732824669920
1732824669964
1732824670032
1732824670160
1732824670191
1732824670251
1732824670307
1732824670389
1732824670474
1732824670519
1732824670623
1732824670717
1732824670770
1732824670832
1732824670897
1732824671042
1732824671147
1732824671207
1732824671294
1732824671456
1732824671472
1732824671514
1732824671579
1732824671721
1732824671787
1732824671839
1732824671922
1732824672052
1732824672111
1732824672144
1732824672156
1732824672293
1732824672346
1732824672403
1732824672466
1732824672574
1732824672609
1732824672652
1732824672693
1732824672829
1732824672894
1732824672945
1732824673031
1732824673157
1732824673195
1732824673237
1732824673263
1732824673386
1732824673474
1732824673515
1732824673654
1732824673775
1732824673799
1732824673862
1732824673899
1732824674042
1732824674128
1732824674164
1732824674245
1732824674369
1732824674411
1732824674471
1732824674509
1732824674635
1732824674698
1732824674746
1732824674832
1732824674966
1732824675010
1732824675055
1732824675106
1732824675210
1732824675289
1732824675341
1732824675433
1732824675558
1732824675601
1732824675680
1732824675709
1732824675853
1732824675922
1732824675970
1732824676096
1732824676247
1732824676281
1732824676326
1732824676388
1732824676504
1732824676587
1732824676617
1732824676703
1732824676810
1732824676860
1732824676890
1732824676927
1732824677053
1732824677128
1732824677177
1732824677245
1732824677359
1732824677400
1732824677440
1732824677492
1732824677626
1732824677691
1732824677713
1732824677793
1732824677894
1732824677948
1732824677968
1732824678008
1732824678122
1732824678196
1732824678230
1732824678320
1732824678431
1732824678461
1732824678505
1732824678548
1732824678681
1732824678770
1732824678822
1732824678925
1732824679057
1732824679109
1732824679137
1732824679189
1732824679294
1732824679378
1732824679411
1732824679484
1732824679602
1732824679638
1732824679684
1732824679738
1732824679884
1732824679926
1732824679983
1732824680053
1732824680188
1732824680229
1732824680264
1732824680337
1732824680453
1732824680524
1732824680567
1732824680649
1732824680757
1732824680797
1732824680831
1732824680878
1732824680984
1732824681077
1732824681121
1732824681226
1732824681377
1732824681403
1732824681440
1732824681481
1732824681589
1732824681664
1732824681714
1732824681789
1732824681930
1732824681982
1732824682028
1732824682081
1732824682191
1732824682266
1732824682305
1732824682391
1732824682485
1732824682526
1732824682563
1732824682599
1732824682710
1732824682781
1732824682819
1732824682891
1732824683020
1732824683064
1732824683103
1732824683145
1732824683325
1732824683425
1732824683525
1732824683613
1732824683763
1732824683818
1732824683873
1732824683941
1732824684088
1732824684171
1732824684228
1732824684295
1732824684425
1732824684460
1732824684499
1732824684574
1732824684665
1732824684747
1732824684784
1732824684863
1732824684986
1732824685070
1732824685078
1732824685122
1732824685239
1732824685314
1732824685362
1732824685442
1732824685563
1732824685607
1732824685663
1732824685700
1732824685825
1732824685914
1732824685955
1732824686038
1732824686200
1732824686255
1732824686299
1732824686359
1732824686475
1732824686545
1732824686592
1732824686689
1732824686807
1732824686818
1732824686879
1732824686925
1732824687041
1732824687121
1732824687162
1732824687243
1732824687405
1732824687415
1732824687458
1732824687497
1732824687616
1732824687699
1732824687739
1732824687831
1732824687971
1732824688004
1732824688044
1732824688085
1732824688227
1732824688299
1732824688335
1732824688456
1732824688552
1732824688595
1732824688643
1732824688688
1732824688843
1732824688952
1732824689006
1732824689072
1732824689206
1732824689265
1732824689287
1732824689322
1732824689453
1732824689550
1732824689597
1732824689667
1732824689814
1732824689826
1732824689877
1732824689939
1732824690066
1732824690121
1732824690169
1732824690246
1732824690373
1732824690415
1732824690434
1732824690479
1732824690596
1732824690666
1732824690708
1732824690806
1732824690905
1732824690946
1732824690978
1732824691045
1732824691246
1732824691335
1732824691390
1732824691463
1732824691581
1732824691632
1732824691670
1732824691742
1732824691911
1732824691962
1732824691987
1732824692061
1732824692176
1732824692234
1732824692265
1732824692315
1732824692428
1732824692501
1732824692536
1732824692611
1732824692721
1732824692770
1732824692792
1732824692840
1732824692945
1732824693020
1732824693061
1732824693133
1732824693252
1732824693292
1732824693337
1732824693375
1732824693526
1732824693609
1732824693669
1732824693748
1732824693910
1732824693948
1732824693991
1732824694059
1732824694185
1732824694275
1732824694304
1732824694405
1732824694522
1732824694586
1732824694617
1732824694644
1732824694779
1732824694869
1732824694912
1732824695015
1732824695131
1732824695172
1732824695220
1732824695269
1732824695395
1732824695471
1732824695513
1732824695594
1732824695724
1732824695772
1732824695805
1732824695858
1732824696003
1732824696070
1732824696144
1732824696300
1732824696399
1732824696469
1732824696483
1732824696552
1732824696656
1732824696745
1732824696791
1732824696886
1732824697002
1732824697039
1732824697078
1732824697114
1732824697245
1732824697312
1732824697360
1732824697433
1732824697561
1732824697601
1732824697644
1732824697681
1732824697813
1732824697888
1732824697926
1732824697999
1732824698157
1732824698191
1732824698232
1732824698272
1732824698394
1732824698467
1732824698524
1732824698633
1732824698790
1732824698812
1732824698875
1732824698907
1732824699031
1732824699102
1732824699135
1732824699216
1732824699348
1732824699367
1732824699400
1732824699436
1732824699563
1732824699633
1732824699693
1732824699762
1732824699889
1732824699927
1732824699975
1732824700008
1732824700125
1732824700207
1732824700249
1732824700330
1732824700437
1732824700479
1732824700512
1732824700554
1732824700705
1732824700786
1732824700833
1732824700922
1732824701071
1732824701134
1732824701199
1732824701294
1732824702013
1732824702068
1732824702078
1732824702088
1732824702115
1732824702134
1732824702139
1732824702162
1732824702216
1732824702250
1732824702300
1732824702354
1732824702460
1732824702499
1732824702538
1732824702593
1732824702701
1732824702802
1732824702886
1732824702966
1732824703051
1732824703094
1732824703134
1732824703174
1732824703277
1732824703367
1732824703412
1732824703519
1732824703620
1732824703670
1732824703724
1732824703766
1732824703935
1732824704009
1732824704058
1732824704158
1732824704260
1732824704302
1732824704351
1732824704410
1732824704521
1732824704639
1732824704655
1732824704746
1732824704895
1732824704937
1732824704965
1732824705026
1732824705154
1732824705252
1732824705282
1732824705368
1732824705505
1732824705586
1732824705606
1732824705654
1732824705794
1732824705895
1732824705920
1732824705990
1732824706162
1732824706224
1732824706271
1732824706315
1732824706440
1732824706529
1732824706569
1732824706668
1732824706802
1732824706854
1732824706907
1732824706949
1732824707062
1732824707171
1732824707202
1732824707290
1732824707415
1732824707469
1732824707502
1732824707539
1732824707664
1732824707766
1732824707792
1732824707863
1732824707992
1732824708034
1732824708054
1732824708104
1732824708232
1732824708314
1732824708349
1732824708441
1732824708571
1732824708619
1732824708683
1732824708717
1732824708850
1732824708939
1732824708981
1732824709084
1732824709193
1732824709224
1732824709260
1732824709302
1732824709410
1732824709503
1732824709521
1732824709604
1732824709728
1732824709759
1732824709837
1732824709844
1732824709978
1732824710056
1732824710110
1732824710197
1732824710293
1732824710323
1732824710360
1732824710443
1732824710537
1732824710621
1732824710657
1732824710732
1732824710849
1732824710891
1732824710941
1732824710982
1732824711107
1732824711203
1732824711251
1732824711338
1732824711472
1732824711507
1732824711539
1732824711576
1732824711687
1732824711763
1732824711805
1732824711901
1732824712031
1732824712070
1732824712130
1732824712164
1732824712289
1732824712344
1732824712394
1732824712460
1732824712584
1732824712631
1732824712660
1732824712693
1732824712826
1732824712870
1732824712925
1732824713021
1732824713111
1732824713158
1732824713217
1732824713300
1732824713430
1732824713554
1732824713646
1732824713726
1732824713882
1732824713925
1732824713979
1732824714035
1732824714151
1732824714229
1732824714278
1732824714342
1732824714468
1732824714514
1732824714579
1732824714625
1732824714811
1732824714905
1732824714961
1732824715064
1732824715219
1732824715242
1732824715290
1732824715339
1732824715480
1732824715536
1732824715590
1732824715684
1732824715936
1732824716004
1732824716065
1732824716210
1732824716449
1732824716579
1732824716635
1732824716740
1732824716907
1732824716965
1732824717005
1732824717146
1732824717316
1732824717428
1732824717479
1732824717574
1732824717723
1732824717790
1732824717835
1732824717918
1732824718069
1732824718150
1732824718226
1732824718320
1732824718477
1732824718551
1732824718601
1732824718683
1732824718879
1732824718938
1732824719003
1732824719076
1732824719245
1732824719252
1732824719298
1732824719361
1732824719461
1732824719550
1732824719582
1732824719651
1732824719770
1732824719825
1732824719860
1732824719902
1732824720064
1732824720137
1732824720179
1732824720254
1732824720369
1732824720407
1732824720443
1732824720483
1732824720614
1732824720698
1732824720739
1732824720806
1732824720957
1732824721004
1732824721023
1732824721060
1732824721207
1732824721310
1732824721348
1732824721465
1732824721617
1732824721656
1732824721690
1732824721728
1732824721849
1732824721936
1732824721997
1732824722055
1732824722176
1732824722214
1732824722266
1732824722292
1732824722421
1732824722505
1732824722551
1732824722620
1732824722729
1732824722766
1732824722803
1732824722867
1732824722963
1732824723030
1732824723064
1732824723170
1732824723289
1732824723330
1732824723377
1732824723448
1732824723641
1732824723698
1732824723742
1732824723859
1732824724030
1732824724056
1732824724096
1732824724136
1732824724259
1732824724348
1732824724381
1732824724489
1732824724639
1732824724672
1732824724691
1732824724733
1732824724869
1732824725020
1732824725067
1732824725279
1732824725318
1732824725368
1732824725555
1732824725643
1732824725703
1732824725790
1732824725900
1732824725954
1732824726002
1732824726058
1732824726286
1732824726680
1732824726725
1732824726950
1732824727036
1732824727294
1732824727566
1732824727820
1732824727914
1732824727955
1732824728199
1732824728282
1732824728573
1732824728635
1732824728669
1732824729306
1732824729314
1732824729524
1732824729605
1732824729837
1732824729901
1732824730422
1732824730468
1732824730679
1732824730985
1732824731037
1732824731614
1732824731936
1732824731976
1732824732232
1732824732738
1732824732783
1732824732968
1732824733057
1732824733292
1732824733572
1732824734313
1732824734681
1732824734731
1732824735937
1732824736570
1732824739060
1732824748469
1732824759068
1732824760738
1732824761928
1732824764012
1732824767578
1732824767803
1732824767929
1732824770049
1732824770143
1732824770691
1732824770779
1732824771528
1732824772790
1732824772828
1732824774040
1732824774357
1732824776091
1732824781468
1732824782597
1732824783119
1732824785257
1732824785526
1732824785791
1732824786739
1732824788772
1732824789631
1732824792682
1732824793013
1732824793114
1732824793153
1732824793384
1732824794113
1732824794347
1732824794951
1732824795045
1732824795170
1732824795659
1732824795952
1732824795976
1732824796038
1732824796278
1732824797103
1732824798397
1732824798457
1732824798690
1732824798981
1732824800012
1732824800106
1732824800340
1732824800664
1732824801171
1732824802892
1732824802964
1732824804473
1732824806159
1732824806996
1732824809863
1732824816720
1732824820626
1732824821550
1732824822618
1732824823197
1732824823518
1732824824891
1732824829814
1732824830865
1732824831389
1732824831670
1732824832155
1732824832601
1732824888091
1732824961845
1732824961903
1732824962187
