1732908256142
1732908278922
1732908279125
1732908279195
1732908279353
1732908279605
1732908279643
1732908279747
1732908279874
1732908280102
1732908280242
1732908280261
1732908280349
1732908280521
1732908280606
1732908280688
1732908280774
1732908281111
1732908281208
1732908281281
1732908281552
1732908282027
1732908282089
1732908282184
1732908282311
1732908282500
1732908282636
1732908282693
1732908282890
1732908283135
1732908283168
1732908283215
1732908283284
1732908283444
1732908283558
1732908283588
1732908283683
1732908283951
1732908283998
1732908284039
1732908284078
1732908284224
1732908284319
1732908284393
1732908284572
1732908284694
1732908284725
1732908284773
1732908284836
1732908285116
1732908285279
1732908285392
1732908285480
1732908285672
1732908285735
1732908285805
1732908285837
1732908286096
1732908286281
1732908286398
1732908286616
1732908286809
1732908286866
1732908287113
1732908287118
1732908287417
1732908287684
1732908287749
1732908287976
1732908288097
1732908288161
1732908288221
1732908288262
1732908288426
1732908288513
1732908288563
1732908288707
1732908288907
1732908288981
1732908288993
1732908289036
1732908289152
1732908289294
1732908289381
1732908289515
1732908289758
1732908289808
1732908289886
1732908289962
1732908290091
1732908290175
1732908290219
1732908290310
1732908290421
1732908290494
1732908290516
1732908290566
1732908290727
1732908290810
1732908290856
1732908290936
1732908291044
1732908291082
1732908291110
1732908291148
1732908291264
1732908291360
1732908291390
1732908291472
1732908291563
1732908291595
1732908291629
1732908291668
1732908291796
1732908291892
1732908291929
1732908291973
1732908292101
1732908292131
1732908292202
1732908292254
1732908292407
1732908292458
1732908292548
1732908292682
1732908292834
1732908292924
1732908293045
1732908293099
1732908293280
1732908293415
1732908293499
1732908293690
1732908293843
1732908293862
1732908293904
1732908293956
1732908294152
1732908294193
1732908294223
1732908294330
1732908294514
1732908294607
1732908294628
1732908294694
1732908294815
1732908294916
1732908294971
1732908295035
1732908295152
1732908295193
1732908295242
1732908295270
1732908295408
1732908295478
1732908295546
1732908295640
1732908295854
1732908295861
1732908295952
1732908295961
1732908296066
1732908296118
1732908296209
1732908296270
1732908296394
1732908296443
1732908296482
1732908296529
1732908296654
1732908296760
1732908296823
1732908296913
1732908297042
1732908297069
1732908297110
1732908297148
1732908297262
1732908297348
1732908297366
1732908297439
1732908297571
1732908297593
1732908297638
1732908297668
1732908297845
1732908297903
1732908297934
1732908298012
1732908298131
1732908298175
1732908298203
1732908298248
1732908298384
1732908298465
1732908298501
1732908298612
1732908298752
1732908298800
1732908298832
1732908298872
1732908298982
1732908299035
1732908299072
1732908299162
1732908299243
1732908299283
1732908299311
1732908299346
1732908299454
1732908299533
1732908299564
1732908299636
1732908299756
1732908299791
1732908299835
1732908299872
1732908300007
1732908300068
1732908300133
1732908300207
1732908300323
1732908300329
1732908300351
1732908300383
1732908300500
1732908300599
1732908300641
1732908300701
1732908300828
1732908300862
1732908300947
1732908301048
1732908301183
1732908301261
1732908301299
1732908301369
1732908301490
1732908301518
1732908301570
1732908301601
1732908301697
1732908301773
1732908301824
1732908301869
1732908301965
1732908302012
1732908302041
1732908302101
1732908302201
1732908302261
1732908302290
1732908302358
1732908302462
1732908302507
1732908302568
1732908302608
1732908302707
1732908302759
1732908302795
1732908302871
1732908302986
1732908303024
1732908303066
1732908303099
1732908303199
1732908303272
1732908303303
1732908303372
1732908303478
1732908303511
1732908303546
1732908303591
1732908303707
1732908303807
1732908303824
1732908303911
1732908304007
1732908304042
1732908304078
1732908304114
1732908304228
1732908304297
1732908304323
1732908304394
1732908304527
1732908304585
1732908304620
1732908304698
1732908304841
1732908304959
1732908305054
1732908305135
1732908305248
1732908305271
1732908305315
1732908305348
1732908305465
1732908305570
1732908305652
1732908305717
1732908305883
1732908305940
1732908306001
1732908306038
1732908306158
1732908306231
1732908306259
1732908306336
1732908306478
1732908306519
1732908306576
1732908306620
1732908306673
1732908306758
1732908306778
1732908306832
1732908306965
1732908306991
1732908307041
1732908307058
1732908307204
1732908307302
1732908307316
1732908307373
1732908307465
1732908307492
1732908307529
1732908307566
1732908307702
1732908307775
1732908307821
1732908307893
1732908307976
1732908308023
1732908308038
1732908308070
1732908308182
1732908308261
1732908308288
1732908308364
1732908308519
1732908308538
1732908308591
1732908308625
1732908308740
1732908308826
1732908308897
1732908308947
1732908309132
1732908309140
1732908309171
1732908309208
1732908309334
1732908309416
1732908309458
1732908309544
1732908309672
1732908309700
1732908309750
1732908309782
1732908309891
1732908309978
1732908310015
1732908310104
1732908310209
1732908310241
1732908310282
1732908310330
1732908310418
1732908310494
1732908310531
1732908310610
1732908310704
1732908310735
1732908310775
1732908310808
1732908310954
1732908311003
1732908311046
1732908311117
1732908311215
1732908311260
1732908311292
1732908311324
1732908311457
1732908311533
1732908311586
1732908311692
1732908311809
1732908311861
1732908311886
1732908311932
1732908312072
1732908312152
1732908312204
1732908312305
1732908312405
1732908312432
1732908312480
1732908312518
1732908312601
1732908312675
1732908312714
1732908312786
1732908312951
1732908313050
1732908313103
1732908313154
1732908313308
1732908313403
1732908313461
1732908313531
1732908313655
1732908313679
1732908313713
1732908313748
1732908313936
1732908314026
1732908314120
1732908314227
1732908314385
1732908314410
1732908314457
1732908314498
1732908314635
1732908314713
1732908314756
1732908314855
1732908315008
1732908315045
1732908315076
1732908315133
1732908315223
1732908315300
1732908315320
1732908315386
1732908315485
1732908315509
1732908315543
1732908315581
1732908315684
1732908315741
1732908315810
1732908315839
1732908315953
1732908316003
1732908316066
1732908316134
1732908316259
1732908316356
1732908316404
1732908316550
1732908316625
1732908316668
1732908316698
1732908316727
1732908316856
1732908316951
1732908316988
1732908317084
1732908317222
1732908317257
1732908317280
1732908317303
1732908317412
1732908317471
1732908317495
1732908317565
1732908317675
1732908317723
1732908317758
1732908317774
1732908317885
1732908317957
1732908317989
1732908318055
1732908318152
1732908318185
1732908318215
1732908318262
1732908318398
1732908318460
1732908318494
1732908318571
1732908318660
1732908318708
1732908318740
1732908318762
1732908318861
1732908318920
1732908318956
1732908319059
1732908319181
1732908319227
1732908319273
1732908319331
1732908319488
1732908319538
1732908319572
1732908319629
1732908319714
1732908319744
1732908319779
1732908319826
1732908319931
1732908319984
1732908320024
1732908320096
1732908320192
1732908320246
1732908320273
1732908320452
1732908320639
1732908320740
1732908320793
1732908320894
1732908321041
1732908321081
1732908321138
1732908321242
1732908321458
1732908321568
1732908321613
1732908321696
1732908321836
1732908321881
1732908321925
1732908321963
1732908322132
1732908322242
1732908322285
1732908322382
1732908322516
1732908322559
1732908322637
1732908322672
1732908322808
1732908322883
1732908322919
1732908323021
1732908323180
1732908323209
1732908323261
1732908323300
1732908323461
1732908323564
1732908323602
1732908323710
1732908323837
1732908323884
1732908323930
1732908323976
1732908324115
1732908324200
1732908324251
1732908324343
1732908324490
1732908324528
1732908324594
1732908324664
1732908324883
1732908325018
1732908325046
1732908325162
1732908325279
1732908325327
1732908325372
1732908325427
1732908325592
1732908325715
1732908325780
1732908325858
1732908325995
1732908326035
1732908326109
1732908326178
1732908326280
1732908326374
1732908326429
1732908326615
1732908326697
1732908326753
1732908326775
1732908326812
1732908326938
1732908327032
1732908327084
1732908327185
1732908327313
1732908327362
1732908327381
1732908327430
1732908327577
1732908327648
1732908327693
1732908327783
1732908327959
1732908328010
1732908328086
1732908328118
1732908328228
1732908328330
1732908328407
1732908328466
1732908328608
1732908328639
1732908328692
1732908328726
1732908328886
1732908328963
1732908329023
1732908329090
1732908329219
1732908329264
1732908329319
1732908329350
1732908329508
1732908329623
1732908329702
1732908329763
1732908329910
1732908329969
1732908330034
1732908330071
1732908330182
1732908330273
1732908330321
1732908330413
1732908330562
1732908330607
1732908330646
1732908330720
1732908330850
1732908330931
1732908330964
1732908331076
1732908331190
1732908331231
1732908331265
1732908331298
1732908331423
1732908331507
1732908331552
1732908331647
1732908331771
1732908331817
1732908331854
1732908331900
1732908332039
1732908332115
1732908332179
1732908332257
1732908332393
1732908332452
1732908332491
1732908332539
1732908332668
1732908332759
1732908332791
1732908332896
1732908333060
1732908333077
1732908333121
1732908333172
1732908333276
1732908333361
1732908333406
1732908333515
1732908333616
1732908333664
1732908333707
1732908333770
1732908333878
1732908333985
1732908334016
1732908334105
1732908334245
1732908334302
1732908334333
1732908334390
1732908334535
1732908334619
1732908334679
1732908334761
1732908334919
1732908334992
1732908335069
1732908335128
1732908335226
1732908335302
1732908335322
1732908335386
1732908335478
1732908335514
1732908335548
1732908335580
1732908335677
1732908335741
1732908335761
1732908335855
1732908335952
1732908335963
1732908335989
1732908336025
1732908336129
1732908336175
1732908336206
1732908336276
1732908336354
1732908336391
1732908336428
1732908336456
1732908336533
1732908336605
1732908336627
1732908336694
1732908336769
1732908336830
1732908336837
1732908336875
1732908336952
1732908337010
1732908337035
1732908337089
1732908337180
1732908337200
1732908337226
1732908337258
1732908337338
1732908337417
1732908337459
1732908337503
1732908337591
1732908337620
1732908337648
1732908337675
1732908337770
1732908337829
1732908337867
1732908337912
1732908338012
1732908338037
1732908338056
1732908338100
1732908338203
1732908338245
1732908338261
1732908338314
1732908338394
1732908338429
1732908338459
1732908338479
1732908338589
1732908338639
1732908338668
1732908338753
1732908338831
1732908338867
1732908338888
1732908338922
1732908339005
1732908339089
1732908339110
1732908339175
1732908339279
1732908339306
1732908339335
1732908339367
1732908339463
1732908339560
1732908339593
1732908339666
1732908339793
1732908339811
1732908339849
1732908339894
1732908339978
1732908340038
1732908340082
1732908340163
1732908340277
1732908340330
1732908340382
1732908340391
1732908340491
1732908340570
1732908340582
1732908340659
1732908340750
1732908340798
1732908340842
1732908340871
1732908340982
1732908341049
1732908341084
1732908341133
1732908341271
1732908341302
1732908341332
1732908341378
1732908341471
1732908341535
1732908341560
1732908341614
1732908341735
1732908341789
1732908341858
1732908341914
1732908342060
1732908342126
1732908342175
1732908342275
1732908342439
1732908342445
1732908342493
1732908342498
1732908342591
1732908342687
1732908342746
1732908342824
1732908342930
1732908342953
1732908343085
1732908343103
1732908343262
1732908343315
1732908343335
1732908343429
1732908343532
1732908343580
1732908343627
1732908343661
1732908343819
1732908343873
1732908343911
1732908344004
1732908344117
1732908344157
1732908344198
1732908344243
1732908344342
1732908344418
1732908344447
1732908344493
1732908344583
1732908344609
1732908344646
1732908344673
1732908344788
1732908344831
1732908344878
1732908344939
1732908345008
1732908345048
1732908345089
1732908345113
1732908345204
1732908345269
1732908345309
1732908345352
1732908345452
1732908345495
1732908345538
1732908345562
1732908345650
1732908345717
1732908345750
1732908345806
1732908345903
1732908345934
1732908345964
1732908346004
1732908346104
1732908346160
1732908346190
1732908346250
1732908346347
1732908346380
1732908346396
1732908346428
1732908346524
1732908346599
1732908346620
1732908346712
1732908346826
1732908346870
1732908346903
1732908348349
1732908348442
1732908348449
1732908348454
1732908348480
1732908349530
1732908350057
1732908350585
1732908350694
1732908350761
1732908350798
1732908350837
1732908350941
1732908351053
1732908351055
1732908351055
1732908351055
1732908351155
1732908351233
1732908351277
1732908351281
1732908351282
1732908351287
1732908351287
1732908351287
1732908351288
1732908351330
1732908351464
1732908351465
1732908351554
1732908351557
1732908351557
1732908351558
1732908351627
1732908351677
1732908351725
1732908351732
1732908351733
1732908351733
1732908351733
1732908351798
1732908351811
1732908351813
1732908351816
1732908351856
1732908351857
1732908351857
1732908351858
1732908351858
1732908351875
1732908351987
1732908352014
1732908352036
1732908352059
1732908352075
1732908352084
1732908352090
1732908352101
1732908352140
1732908352143
1732908352175
1732908352196
1732908352203
1732908352205
1732908352214
1732908352301
1732908352649
1732908352785
1732908352947
1732908353094
1732908353120
1732908353164
1732908353214
1732908353334
1732908353425
1732908353469
1732908353578
1732908353683
1732908353726
1732908353770
1732908353821
1732908353978
1732908354073
1732908354117
1732908354195
1732908354339
1732908354378
1732908354423
1732908354480
1732908354686
1732908354820
1732908354889
1732908354998
1732908355166
1732908355199
1732908355236
1732908355327
1732908355484
1732908355624
1732908355684
1732908355806
1732908356004
1732908356087
1732908356146
1732908356178
1732908356389
1732908356540
1732908356578
1732908356680
1732908356857
1732908356924
1732908356956
1732908357039
1732908357157
1732908357215
1732908357293
1732908357380
1732908357525
1732908357571
1732908357625
1732908357658
1732908357846
1732908357920
1732908357946
1732908358023
1732908358186
1732908358246
1732908358280
1732908358329
1732908358460
1732908358521
1732908358566
1732908358631
1732908358748
1732908358787
1732908358818
1732908358866
1732908358987
1732908359078
1732908359110
1732908359196
1732908359331
1732908359351
1732908359406
1732908359467
1732908359576
1732908359643
1732908359684
1732908359782
1732908359926
1732908359962
1732908360030
1732908360069
1732908360199
1732908360307
1732908360343
1732908360429
1732908360524
1732908360562
1732908360615
1732908360644
1732908360772
1732908360873
1732908360926
1732908361067
1732908361193
1732908361223
1732908361270
1732908361286
1732908361455
1732908361515
1732908361539
1732908361614
1732908361748
1732908361806
1732908361855
1732908361882
1732908362035
1732908362109
1732908362149
1732908362234
1732908362374
1732908362406
1732908362468
1732908362505
1732908362619
1732908362727
1732908362788
1732908362850
1732908362960
1732908362991
1732908363018
1732908363058
1732908363174
1732908363229
1732908363260
1732908363323
1732908363429
1732908363467
1732908363499
1732908363537
1732908363667
1732908363728
1732908363759
1732908363811
1732908363917
1732908363959
1732908364010
1732908364044
1732908364189
1732908364277
1732908364310
1732908364412
1732908364542
1732908364588
1732908364626
1732908364672
1732908364822
1732908364904
1732908364949
1732908365023
1732908365129
1732908365165
1732908365194
1732908365227
1732908365332
1732908365407
1732908365443
1732908365523
1732908365649
1732908365678
1732908365723
1732908365759
1732908365874
1732908365952
1732908365990
1732908366064
1732908366161
1732908366212
1732908366238
1732908366275
1732908366385
1732908366450
1732908366487
1732908366560
1732908366662
1732908366694
1732908366727
1732908366788
1732908366927
1732908367045
1732908367053
1732908367178
1732908367337
1732908367372
1732908367402
1732908367456
1732908367633
1732908367709
1732908367746
1732908367798
1732908367902
1732908367943
1732908368009
1732908368109
1732908368247
1732908368332
1732908368378
1732908368439
1732908368547
1732908368591
1732908368637
1732908368657
1732908368763
1732908368839
1732908368875
1732908368938
1732908369041
1732908369072
1732908369107
1732908369139
1732908369249
1732908369337
1732908369364
1732908369442
1732908369553
1732908369593
1732908369631
1732908369695
1732908369811
1732908369886
1732908369919
1732908369997
1732908370082
1732908370126
1732908370170
1732908370216
1732908370321
1732908370385
1732908370416
1732908370498
1732908370592
1732908370621
1732908370650
1732908370680
1732908370841
1732908370886
1732908370917
1732908370974
1732908371067
1732908371096
1732908371140
1732908371171
1732908371284
1732908371348
1732908371407
1732908371489
1732908371588
1732908371617
1732908371650
1732908371680
1732908371777
1732908371848
1732908371876
1732908371938
1732908372032
1732908372107
1732908372116
1732908372143
1732908372213
1732908372277
1732908372313
1732908372371
1732908372463
1732908372491
1732908372525
1732908372558
1732908372668
1732908372726
1732908372751
1732908372821
1732908372914
1732908372948
1732908372981
1732908373012
1732908373105
1732908373172
1732908373207
1732908373285
1732908373379
1732908373412
1732908373444
1732908373475
1732908373566
1732908373631
1732908373665
1732908373733
1732908373829
1732908373883
1732908373917
1732908373938
1732908374016
1732908374097
1732908374157
1732908374259
1732908374323
1732908374341
1732908374370
1732908374399
1732908374491
1732908374550
1732908374607
1732908374640
1732908374740
1732908374761
1732908374795
1732908374838
1732908374937
1732908375001
1732908375018
1732908375106
1732908375175
1732908375204
1732908375237
1732908375269
1732908375371
1732908375438
1732908375459
1732908375521
1732908375612
1732908375641
1732908375672
1732908375702
1732908375795
1732908375870
1732908375892
1732908375978
1732908376046
1732908376097
1732908376121
1732908376162
1732908376245
1732908376331
1732908376370
1732908376428
1732908376527
1732908376536
1732908376587
1732908376613
1732908376715
1732908376820
1732908376854
1732908376953
1732908377067
1732908377091
1732908377112
1732908377145
1732908377231
1732908377294
1732908377329
1732908377375
1732908377493
1732908377499
1732908377555
1732908377566
1732908377660
1732908377723
1732908377771
1732908377827
1732908377923
1732908377950
1732908377971
1732908378003
1732908378093
1732908378168
1732908378191
1732908378254
1732908378345
1732908378394
1732908378425
1732908378458
1732908378541
1732908378633
1732908378679
1732908378766
1732908378886
1732908378921
1732908378994
1732908379033
1732908379132
1732908379209
1732908379282
1732908379375
1732908379527
1732908379559
1732908379599
1732908379640
1732908379713
1732908379769
1732908379807
1732908379866
1732908379969
1732908380003
1732908380023
1732908380054
1732908380179
1732908380213
1732908380273
1732908380316
1732908380401
1732908380432
1732908380469
1732908380535
1732908380586
1732908380667
1732908380690
1732908380752
1732908380837
1732908380858
1732908380899
1732908380923
1732908381019
1732908381082
1732908381120
1732908381178
1732908381277
1732908381308
1732908381339
1732908381370
1732908381492
1732908381537
1732908381561
1732908381641
1732908381787
1732908381848
1732908381867
1732908381885
1732908382001
1732908382081
1732908382128
1732908382195
1732908382303
1732908382340
1732908382381
1732908382424
1732908382528
1732908382618
1732908382639
1732908382699
1732908382800
1732908382850
1732908382878
1732908382902
1732908382982
1732908383042
1732908383070
1732908383133
1732908383237
1732908383294
1732908383300
1732908383340
1732908383422
1732908383474
1732908383506
1732908383587
1732908383679
1732908383709
1732908383739
1732908383774
1732908383862
1732908383913
1732908383943
1732908384012
1732908384114
1732908384145
1732908384161
1732908384203
1732908384298
1732908384369
1732908384395
1732908384457
1732908384550
1732908384599
1732908384636
1732908384677
1732908384798
1732908384895
1732908384929
1732908385036
1732908385142
1732908385173
1732908385202
1732908385235
1732908385343
1732908385434
1732908385487
1732908385539
1732908385633
1732908385662
1732908385692
1732908385732
1732908385829
1732908385897
1732908385929
1732908385991
1732908386079
1732908386109
1732908386140
1732908386170
1732908386274
1732908386339
1732908386388
1732908386448
1732908386567
1732908386619
1732908386652
1732908386686
1732908386784
1732908386862
1732908386918
1732908386967
1732908387103
1732908387186
1732908387195
1732908387234
1732908387327
1732908387389
1732908387450
1732908387495
1732908387590
1732908387633
1732908387661
1732908387670
1732908387765
1732908387832
1732908387862
1732908387926
1732908388022
1732908388054
1732908388084
1732908388116
1732908388229
1732908388289
1732908388327
1732908388375
1732908388474
1732908388510
1732908388548
1732908388583
1732908388697
1732908388746
1732908388782
1732908388846
1732908388945
1732908388979
1732908389013
1732908389042
1732908389134
1732908389218
1732908389255
1732908389308
1732908389401
1732908389433
1732908389473
1732908389501
1732908389584
1732908389653
1732908389697
1732908389748
1732908389851
1732908389888
1732908389919
1732908389950
1732908390041
1732908390101
1732908390130
1732908390181
1732908390273
1732908390325
1732908390366
1732908390373
1732908390468
1732908390515
1732908390544
1732908391055
1732908391496
1732908391564
1732908391566
1732908391631
1732908391710
1732908391739
1732908391741
1732908391741
1732908391779
1732908391796
1732908391798
1732908391805
1732908391882
1732908391915
1732908391920
1732908391944
1732908392007
1732908392024
1732908392065
1732908392113
1732908392216
1732908392294
1732908392332
1732908392401
1732908392492
1732908392521
1732908392557
1732908392584
1732908392681
1732908392757
1732908392788
1732908392856
1732908392933
1732908392965
1732908392995
1732908393023
1732908393116
1732908393169
1732908393201
1732908393262
1732908393358
1732908393394
1732908393422
1732908393462
1732908393555
1732908393632
1732908393645
1732908393708
1732908393807
1732908393837
1732908393923
1732908393954
1732908394065
1732908394135
1732908394166
1732908394259
1732908394368
1732908394404
1732908394446
1732908394490
1732908394599
1732908394667
1732908394712
1732908394773
1732908394876
1732908394906
1732908394946
1732908394978
1732908395067
1732908395128
1732908395198
1732908395263
1732908395393
1732908395412
1732908395454
1732908395493
1732908395622
1732908395701
1732908395793
1732908395877
1732908395914
1732908395955
1732908396011
1732908396048
1732908396126
1732908396186
1732908396226
1732908396278
1732908396411
1732908396476
1732908396490
1732908396524
1732908396640
1732908396740
1732908396767
1732908396841
1732908396965
1732908397017
1732908397056
1732908397080
1732908397176
1732908397242
1732908397295
1732908397337
1732908397434
1732908397473
1732908397493
1732908397527
1732908397613
1732908397689
1732908397708
1732908397771
1732908397873
1732908397891
1732908397924
1732908397963
1732908398056
1732908398123
1732908398152
1732908398235
1732908398356
1732908398400
1732908398428
1732908398439
1732908398545
1732908398616
1732908398626
1732908398690
1732908398783
1732908398810
1732908398853
1732908398876
1732908398971
1732908399039
1732908399085
1732908399169
1732908399275
1732908399325
1732908399400
1732908399450
1732908399530
1732908399609
1732908399633
1732908399726
1732908399867
1732908399898
1732908399929
1732908399961
1732908400055
1732908400139
1732908400168
1732908400229
1732908400309
1732908400336
1732908400369
1732908400430
1732908400498
1732908400565
1732908400588
1732908400651
1732908400743
1732908400767
1732908400825
1732908400832
1732908400938
1732908401057
1732908401088
1732908401138
1732908401271
1732908401303
1732908401324
1732908401367
1732908401508
1732908401677
1732908401686
1732908401760
1732908401891
1732908401932
1732908401964
1732908402058
1732908402176
1732908402240
1732908402308
1732908402423
1732908402574
1732908402687
1732908402746
1732908402793
1732908402915
1732908403007
1732908403019
1732908403110
1732908403224
1732908403291
1732908403309
1732908403355
1732908403497
1732908403564
1732908403602
1732908403696
1732908403857
1732908403875
1732908403901
1732908403941
1732908404063
1732908404197
1732908404231
1732908404317
1732908404460
1732908404511
1732908404553
1732908404578
1732908404680
1732908404753
1732908404808
1732908404875
1732908405039
1732908405069
1732908405089
1732908405124
1732908405209
1732908405284
1732908405321
1732908405392
1732908405499
1732908405534
1732908405572
1732908405610
1732908405703
1732908405772
1732908405807
1732908405880
1732908405977
1732908406017
1732908406046
1732908406094
1732908406182
1732908406248
1732908406277
1732908406345
1732908406433
1732908406471
1732908406506
1732908406540
1732908406647
1732908406722
1732908406766
1732908406847
1732908406957
1732908406990
1732908407024
1732908407081
1732908407204
1732908407289
1732908407338
1732908407427
1732908407561
1732908407608
1732908407651
1732908407689
1732908407824
1732908407942
1732908407971
1732908408051
1732908408192
1732908408234
1732908408292
1732908408337
1732908408542
1732908408594
1732908408656
1732908408700
1732908408819
1732908408868
1732908408890
1732908408924
1732908409110
1732908409175
1732908409220
1732908409330
1732908409519
1732908409581
1732908409615
1732908409650
1732908409766
1732908409871
1732908409884
1732908409947
1732908410018
1732908410048
1732908410089
1732908410135
1732908410231
1732908410287
1732908410324
1732908410373
1732908410470
1732908410507
1732908410558
1732908410620
1732908410695
1732908410775
1732908410801
1732908410883
1732908410978
1732908411014
1732908411044
1732908411070
1732908411175
1732908411246
1732908411290
1732908411344
1732908411437
1732908411484
1732908411526
1732908411560
1732908411651
1732908411747
1732908411792
1732908411856
1732908411996
1732908412058
1732908412095
1732908412153
1732908412358
1732908412481
1732908412550
1732908412615
1732908412812
1732908412884
1732908412957
1732908412971
1732908413152
1732908413239
1732908413275
1732908413349
1732908413541
1732908413580
1732908413634
1732908413662
1732908413795
1732908413901
1732908413919
1732908414023
1732908414120
1732908414154
1732908414203
1732908414229
1732908414326
1732908414392
1732908414425
1732908414514
1732908414644
1732908414685
1732908414726
1732908414791
1732908414933
1732908414991
1732908414998
1732908415089
1732908415217
1732908415253
1732908415316
1732908415340
1732908415460
1732908415561
1732908415605
1732908415638
1732908415752
1732908415764
1732908415794
1732908415821
1732908415925
1732908415992
1732908416025
1732908416092
1732908416210
1732908416244
1732908416304
1732908416356
1732908416450
1732908416511
1732908416547
1732908416609
1732908416701
1732908416732
1732908416761
1732908416792
1732908416892
1732908416940
1732908416985
1732908417042
1732908417163
1732908417191
1732908417221
1732908417251
1732908417342
1732908417397
1732908417431
1732908417491
1732908417583
1732908417612
1732908417664
1732908417692
1732908417790
1732908417860
1732908417878
1732908417933
1732908418023
1732908418060
1732908418097
1732908418129
1732908418221
1732908418280
1732908418313
1732908418372
1732908418479
1732908418487
1732908418516
1732908418554
1732908418661
1732908418702
1732908418754
1732908418795
1732908418888
1732908418926
1732908418969
1732908418998
1732908419075
1732908419132
1732908419186
1732908419234
1732908419310
1732908419365
1732908419373
1732908419417
1732908419513
1732908419555
1732908419584
1732908419667
1732908419748
1732908419784
1732908419847
1732908419865
1732908419969
1732908420024
1732908420049
1732908420128
1732908420223
1732908420246
1732908420273
1732908420322
1732908420406
1732908420482
1732908420505
1732908420566
1732908420655
1732908420688
1732908420721
1732908420744
1732908420830
1732908420891
1732908420922
1732908421000
1732908421088
1732908421139
1732908421167
1732908421181
1732908421274
1732908421346
1732908421375
1732908421437
1732908421521
1732908421543
1732908421572
1732908421618
1732908421699
1732908421767
1732908421790
1732908421851
1732908421955
1732908422006
1732908422015
1732908422051
1732908422141
1732908422206
1732908422258
1732908422309
1732908422375
1732908422407
1732908422437
1732908422463
1732908422564
1732908422624
1732908422660
1732908422705
1732908422802
1732908422835
1732908422871
1732908422900
1732908422993
1732908423056
1732908423077
1732908423136
1732908423226
1732908423253
1732908423287
1732908423323
1732908423466
1732908423538
1732908423555
1732908423636
1732908423754
1732908423810
1732908423853
1732908423907
1732908424017
1732908424082
1732908424112
1732908424173
1732908424291
1732908424327
1732908424354
1732908424385
1732908424486
1732908424548
1732908424588
1732908424639
1732908424746
1732908424783
1732908424799
1732908424820
1732908424925
1732908424985
1732908425008
1732908425076
1732908425198
1732908425228
1732908425262
1732908425319
1732908425451
1732908425514
1732908425555
1732908425606
1732908425700
1732908425730
1732908425760
1732908425813
1732908425904
1732908425946
1732908425972
1732908426032
1732908426155
1732908426164
1732908426202
1732908426243
1732908426333
1732908426394
1732908426430
1732908426488
1732908426584
1732908426627
1732908426655
1732908426685
1732908426777
1732908426840
1732908426877
1732908426965
1732908427051
1732908427096
1732908427110
1732908427154
1732908427273
1732908427373
1732908427439
1732908427484
1732908427598
1732908427633
1732908427689
1732908427745
1732908427936
1732908428022
1732908428053
1732908428152
1732908428344
1732908428358
1732908428385
1732908428429
1732908428604
1732908428713
1732908428744
1732908428826
1732908428965
1732908428997
1732908429025
1732908429048
1732908429163
1732908429258
1732908429310
1732908429392
1732908429520
1732908429553
1732908429593
1732908429615
1732908429718
1732908429785
1732908429813
1732908429871
1732908429969
1732908430005
1732908430039
1732908430077
1732908430163
1732908430219
1732908430265
1732908430341
1732908430475
1732908430483
1732908430502
1732908430554
1732908430643
1732908430730
1732908430770
1732908430827
1732908430909
1732908430941
1732908430972
1732908431016
1732908431122
1732908431167
1732908431199
1732908431264
1732908431366
1732908431393
1732908431430
1732908431465
1732908431554
1732908431658
1732908431685
1732908431781
1732908431896
1732908431930
1732908431976
1732908432021
1732908432099
1732908432150
1732908432177
1732908432242
1732908432349
1732908432385
1732908432419
1732908432440
1732908432543
1732908432700
1732908432722
1732908432898
1732908432990
1732908433045
1732908433096
1732908433279
1732908433318
1732908433368
1732908433449
1732908433487
1732908433616
1732908433665
1732908433745
1732908433760
1732908433876
1732908433946
1732908434027
1732908434064
1732908434196
1732908434226
1732908434285
1732908434332
1732908434432
1732908434521
1732908434585
1732908434671
1732908434863
1732908434899
1732908434929
1732908434983
1732908435133
1732908435166
1732908435208
1732908435256
1732908435366
1732908435422
1732908435448
1732908435478
1732908435598
1732908435652
1732908435693
1732908435774
1732908435915
1732908435937
1732908435975
1732908436008
1732908436131
1732908436227
1732908436278
1732908436362
1732908436488
1732908436532
1732908436588
1732908436619
1732908436739
1732908436845
1732908436864
1732908436946
1732908437074
1732908437118
1732908437175
1732908437208
1732908437365
1732908437423
1732908437478
1732908437557
1732908437775
1732908437785
1732908437794
1732908437852
1732908437998
1732908438042
1732908438072
1732908438157
1732908438298
1732908438366
1732908438416
1732908438460
1732908438606
1732908438691
1732908438747
1732908438844
1732908438995
1732908439061
1732908439117
1732908439220
1732908439427
1732908439502
1732908439582
1732908439612
1732908439743
1732908439772
1732908439798
1732908439832
1732908439951
1732908440021
1732908440053
1732908440119
1732908440226
1732908440288
1732908440311
1732908440334
1732908440433
1732908440494
1732908440524
1732908440604
1732908440726
1732908440755
1732908440789
1732908440822
1732908440921
1732908441006
1732908441068
1732908441223
1732908441319
1732908441346
1732908441370
1732908441406
1732908441505
1732908441586
1732908441608
1732908441679
1732908441790
1732908441835
1732908441877
1732908441907
1732908442052
1732908442110
1732908442140
1732908442211
1732908442329
1732908442360
1732908442418
1732908442424
1732908442527
1732908442606
1732908442635
1732908442699
1732908442802
1732908442833
1732908442866
1732908442895
1732908442998
1732908443046
1732908443079
1732908443136
1732908443259
1732908443281
1732908443324
1732908443355
1732908443443
1732908443516
1732908443550
1732908443629
1732908443762
1732908443791
1732908443820
1732908443850
1732908443969
1732908444012
1732908444044
1732908444100
1732908444232
1732908444302
1732908444348
1732908444410
1732908444601
1732908444728
1732908444747
1732908444834
1732908444954
1732908444989
1732908445026
1732908445062
1732908445173
1732908445290
1732908445298
1732908445391
1732908445544
1732908445627
1732908445662
1732908445704
1732908445793
1732908445882
1732908445916
1732908445979
1732908446102
1732908446174
1732908446223
1732908446291
1732908446369
1732908446431
1732908446481
1732908446552
1732908446655
1732908446687
1732908446780
1732908446876
1732908447087
1732908447134
1732908447164
1732908447286
1732908447390
1732908447434
1732908447477
1732908447509
1732908447656
1732908447712
1732908447759
1732908447817
1732908447949
1732908447982
1732908448026
1732908448068
1732908448155
1732908448253
1732908448339
1732908448384
1732908448539
1732908448581
1732908448629
1732908448671
1732908448812
1732908448877
1732908448899
1732908448955
1732908449043
1732908449080
1732908449119
1732908449164
1732908449331
1732908449403
1732908449457
1732908449590
1732908449711
1732908449795
1732908449845
1732908449890
1732908450015
1732908450096
1732908450155
1732908450218
1732908450329
1732908450376
1732908450407
1732908450436
1732908450544
1732908450634
1732908450646
1732908450731
1732908450829
1732908450880
1732908450909
1732908450943
1732908451074
1732908451136
1732908451175
1732908451225
1732908451321
1732908451353
1732908451396
1732908451441
1732908451544
1732908451623
1732908451666
1732908451734
1732908451861
1732908451898
1732908451931
1732908451961
1732908452067
1732908452154
1732908452196
1732908452298
1732908452390
1732908452421
1732908452451
1732908452488
1732908452609
1732908452684
1732908452715
1732908452780
1732908452904
1732908452913
1732908452964
1732908452995
1732908453063
1732908453131
1732908453174
1732908453285
1732908453366
1732908453407
1732908453444
1732908453491
1732908453600
1732908453678
1732908453727
1732908453815
1732908453910
1732908453940
1732908453972
1732908454014
1732908454112
1732908454166
1732908454199
1732908454274
1732908454361
1732908454389
1732908454418
1732908454444
1732908454569
1732908454646
1732908454697
1732908454767
1732908454891
1732908454901
1732908454951
1732908454978
1732908455096
1732908455154
1732908455200
1732908455250
1732908455352
1732908455394
1732908455434
1732908455497
1732908455588
1732908455663
1732908455720
1732908455842
1732908455980
1732908456036
1732908456119
1732908456175
1732908456300
1732908456376
1732908456410
1732908456460
1732908456569
1732908456596
1732908456620
1732908456674
1732908456765
1732908456823
1732908456844
1732908456901
1732908456996
1732908457023
1732908457064
1732908457094
1732908457195
1732908457242
1732908457272
1732908457337
1732908457422
1732908457452
1732908457486
1732908457520
1732908457638
1732908457689
1732908457720
1732908457785
1732908457853
1732908457914
1732908457920
1732908457956
1732908458066
1732908458132
1732908458175
1732908458285
1732908458441
1732908458472
1732908458531
1732908458553
1732908458702
1732908458804
1732908458850
1732908458943
1732908459085
1732908459120
1732908459174
1732908459208
1732908459352
1732908459452
1732908459513
1732908459589
1732908459739
1732908459806
1732908459836
1732908459893
1732908460039
1732908460138
1732908460172
1732908460265
1732908460415
1732908460465
1732908460500
1732908460532
1732908460661
1732908460722
1732908460756
1732908460845
1732908460962
1732908460986
1732908461020
1732908461051
1732908461161
1732908461223
1732908461260
1732908461345
1732908461435
1732908461461
1732908461497
1732908461556
1732908461665
1732908461735
1732908461831
1732908461893
1732908461998
1732908462015
1732908462063
1732908462113
1732908462238
1732908462332
1732908462364
1732908462448
1732908462569
1732908462629
1732908462663
1732908462691
1732908462818
1732908462894
1732908462945
1732908463004
1732908463110
1732908463160
1732908463195
1732908463247
1732908463364
1732908463453
1732908463487
1732908463590
1732908463695
1732908463720
1732908463759
1732908463822
1732908463915
1732908463998
1732908464048
1732908464111
1732908464254
1732908464306
1732908464343
1732908464386
1732908464564
1732908464616
1732908464644
1732908464709
1732908464812
1732908464860
1732908464900
1732908464945
1732908465066
1732908465133
1732908465173
1732908465242
1732908465354
1732908465387
1732908465455
1732908465490
1732908465634
1732908465679
1732908465713
1732908465788
1732908465911
1732908465944
1732908465964
1732908466012
1732908466121
1732908466204
1732908466252
1732908466306
1732908466457
1732908466467
1732908466536
1732908466564
1732908466689
1732908466755
1732908466797
1732908466871
1732908466987
1732908467017
1732908467050
1732908467130
1732908467217
1732908467288
1732908467343
1732908467407
1732908467533
1732908467552
1732908467583
1732908467620
1732908467743
1732908467824
1732908467854
1732908467937
1732908468083
1732908468105
1732908468126
1732908468169
1732908468285
1732908468368
1732908468403
1732908468526
1732908468599
1732908468633
1732908468703
1732908468731
1732908468832
1732908468908
1732908468940
1732908469026
1732908469120
1732908469187
1732908469206
1732908469302
1732908469443
1732908469512
1732908469552
1732908469638
1732908469764
1732908469851
1732908469910
1732908469928
1732908470037
1732908470113
1732908470189
1732908470236
1732908470394
1732908470398
1732908470439
1732908470465
1732908470576
1732908470645
1732908470675
1732908470750
1732908470874
1732908470941
1732908470970
1732908471016
1732908471116
1732908471198
1732908471268
1732908471371
1732908471631
1732908471687
1732908471725
1732908471779
1732908471921
1732908471968
1732908472012
1732908472115
1732908472264
1732908472319
1732908472366
1732908472413
1732908472539
1732908472650
1732908472716
1732908472818
1732908473035
1732908473069
1732908473094
1732908473175
1732908473276
1732908473341
1732908473373
1732908473486
1732908473708
1732908473774
1732908473806
1732908473880
1732908473962
1732908474057
1732908474077
1732908474156
1732908474269
1732908474316
1732908474338
1732908474387
1732908474485
1732908474559
1732908474594
1732908474732
1732908474850
1732908474858
1732908474897
1732908474958
1732908475050
1732908475141
1732908475183
1732908475289
1732908475429
1732908475450
1732908475457
1732908475489
1732908475580
1732908475650
1732908475701
1732908475791
1732908475904
1732908475940
1732908475971
1732908476002
1732908476114
1732908476198
1732908476230
1732908476302
1732908476407
1732908476430
1732908476484
1732908476518
1732908476625
1732908476680
1732908476725
1732908476811
1732908476938
1732908476969
1732908477016
1732908477067
1732908477163
1732908477243
1732908477282
1732908477370
1732908477476
1732908477514
1732908477548
1732908477580
1732908477690
1732908477760
1732908477814
1732908477871
1732908477990
1732908478014
1732908478064
1732908478083
1732908478213
1732908478289
1732908478340
1732908478417
1732908478559
1732908478563
1732908478593
1732908478636
1732908478769
1732908478854
1732908478880
1732908478947
1732908479065
1732908479095
1732908479130
1732908479173
1732908479272
1732908479336
1732908479396
1732908479465
1732908479579
1732908479600
1732908479624
1732908479682
1732908479765
1732908479837
1732908479870
1732908479979
1732908480092
1732908480120
1732908480150
1732908480188
1732908480327
1732908480375
1732908480428
1732908480489
1732908480604
1732908480636
1732908480697
1732908480719
1732908480839
1732908480895
1732908480933
1732908480994
1732908481126
1732908481147
1732908481177
1732908481222
1732908481330
1732908481399
1732908481437
1732908481495
1732908481652
1732908481686
1732908481719
1732908481747
1732908481882
1732908481965
1732908481974
1732908482038
1732908482173
1732908482202
1732908482254
1732908482261
1732908482370
1732908482472
1732908482502
1732908482593
1732908482676
1732908482710
1732908482752
1732908482795
1732908482901
1732908482976
1732908483022
1732908483109
1732908483229
1732908483257
1732908483305
1732908483337
1732908483482
1732908483562
1732908483581
1732908483658
1732908483808
1732908483857
1732908483880
1732908483966
1732908484062
1732908484164
1732908484209
1732908484301
1732908484434
1732908484524
1732908484590
1732908484653
1732908484804
1732908484931
1732908484997
1732908485087
1732908485210
1732908485290
1732908485297
1732908485328
1732908485462
1732908485578
1732908485642
1732908485687
1732908485818
1732908485862
1732908485928
1732908486000
1732908486120
1732908486218
1732908486262
1732908486412
1732908486626
1732908486669
1732908486787
1732908486863
1732908487046
1732908487164
1732908487227
1732908487335
1732908487488
1732908487561
1732908487588
1732908487641
1732908487791
1732908487906
1732908487937
1732908488034
1732908488191
1732908488239
1732908488283
1732908488317
1732908488470
1732908488564
1732908488621
1732908488691
1732908488798
1732908488834
1732908488880
1732908488938
1732908489024
1732908489096
1732908489130
1732908489208
1732908489324
1732908489348
1732908489390
1732908489422
1732908489537
1732908489621
1732908489651
1732908489715
1732908489827
1732908489892
1732908489904
1732908489957
1732908490086
1732908490176
1732908490185
1732908490262
1732908490382
1732908490418
1732908490428
1732908490472
1732908490572
1732908490669
1732908490705
1732908490788
1732908490882
1732908490914
1732908490957
1732908490983
1732908491112
1732908491175
1732908491197
1732908491274
1732908491376
1732908491417
1732908491445
1732908491487
1732908491593
1732908491669
1732908491709
1732908491803
1732908491926
1732908491945
1732908491988
1732908492015
1732908492142
1732908492212
1732908492253
1732908492321
1732908492445
1732908492477
1732908492516
1732908492590
1732908492683
1732908492762
1732908492836
1732908492901
1732908493032
1732908493064
1732908493117
1732908493150
1732908493280
1732908493366
1732908493407
1732908493489
1732908493621
1732908493668
1732908493706
1732908493742
1732908493876
1732908493993
1732908494013
1732908494095
1732908494215
1732908494245
1732908494267
1732908494306
1732908494421
1732908494522
1732908494552
1732908494620
1732908494741
1732908494774
1732908494829
1732908494851
1732908494962
1732908495049
1732908495094
1732908495186
1732908495310
1732908495342
1732908495375
1732908495403
1732908495521
1732908495584
1732908495624
1732908495693
1732908495803
1732908495833
1732908495877
1732908495910
1732908496027
1732908496144
1732908496192
1732908496241
1732908496355
1732908496414
1732908496463
1732908496470
1732908496589
1732908496659
1732908496689
1732908496780
1732908496868
1732908496909
1732908496947
1732908496985
1732908497167
1732908497267
1732908497315
1732908497394
1732908497492
1732908497548
1732908497587
1732908497624
1732908497761
1732908497880
1732908497902
1732908497998
1732908498124
1732908498166
1732908498209
1732908498253
1732908498372
