1732952104510
1732952118324
1732952118417
1732952118507
1732952118616
1732952118777
1732952118842
1732952118883
1732952118909
1732952119058
1732952119106
1732952119141
1732952119311
1732952119360
1732952119394
1732952119426
1732952119463
1732952119547
1732952119598
1732952119634
1732952119693
1732952119791
1732952119798
1732952119834
1732952119874
1732952119959
1732952119999
1732952120018
1732952120058
1732952120145
1732952120150
1732952120199
1732952120219
1732952120322
1732952120329
1732952120358
1732952120397
1732952120480
1732952120488
1732952120508
1732952120530
1732952120599
1732952120660
1732952120704
1732952120787
1732952120817
1732952120835
1732952120853
1732952120881
1732952120950
1732952120993
1732952121025
1732952121067
1732952121125
1732952121149
1732952121166
1732952121183
1732952121241
1732952121269
1732952121289
1732952121326
1732952121394
1732952121414
1732952121447
1732952121462
1732952121519
1732952121555
1732952121578
1732952121607
1732952121664
1732952121686
1732952121704
1732952121726
1732952121801
1732952121843
1732952121848
1732952121884
1732952121952
1732952121977
1732952122005
1732952122035
1732952122132
1732952122189
1732952122200
1732952122240
1732952122296
1732952122314
1732952122344
1732952122363
1732952122418
1732952122454
1732952122483
1732952122521
1732952122577
1732952122597
1732952122616
1732952122640
1732952122733
1732952122753
1732952122775
1732952122851
1732952122888
1732952122910
1732952122930
1732952122944
1732952122997
1732952123059
1732952123062
1732952123096
1732952123147
1732952123174
1732952123196
1732952123214
1732952123269
1732952123320
1732952123345
1732952123379
1732952123427
1732952123444
1732952123461
1732952123485
1732952123529
1732952123567
1732952123592
1732952123634
1732952123682
1732952123701
1732952123722
1732952123740
1732952123830
1732952123867
1732952123871
1732952123903
1732952123958
1732952123962
1732952123974
1732952123988
1732952124051
1732952124090
1732952124124
1732952124157
1732952124208
1732952124241
1732952124265
1732952124279
1732952124339
1732952124374
1732952124392
1732952124443
1732952124477
1732952124496
1732952124509
1732952124527
1732952124577
1732952124609
1732952124625
1732952124678
1732952124750
1732952124798
1732952124820
1732952124881
1732952124955
1732952124990
1732952125034
1732952125062
1732952125117
1732952125130
1732952125147
1732952125169
1732952125220
1732952125253
1732952125274
1732952125308
1732952125363
1732952125379
1732952125397
1732952125415
1732952125466
1732952125497
1732952125517
1732952125549
1732952125596
1732952125615
1732952125630
1732952125643
1732952125706
1732952125799
1732952125802
1732952125854
1732952125916
1732952125923
1732952125946
1732952125955
1732952126017
1732952126029
1732952126051
1732952126083
1732952126133
1732952126148
1732952126166
1732952126186
1732952126236
1732952126266
1732952126285
1732952126327
1732952126379
1732952126394
1732952126412
1732952126433
1732952126484
1732952126516
1732952126535
1732952126566
1732952126621
1732952126633
1732952126648
1732952126666
1732952126730
1732952126780
1732952126810
1732952126851
1732952126897
1732952126913
1732952126959
1732952126979
1732952127054
1732952127098
1732952127121
1732952127146
1732952127194
1732952127206
1732952127220
1732952127235
1732952127298
1732952127342
1732952127361
1732952127422
1732952127488
1732952127500
1732952127518
1732952127536
1732952127597
1732952127630
1732952127656
1732952127679
1732952127717
1732952127733
1732952127747
1732952127766
1732952127836
1732952127897
1732952127917
1732952127944
1732952127996
1732952128009
1732952128035
1732952128051
1732952128096
1732952128121
1732952128139
1732952128171
1732952128238
1732952128253
1732952128259
1732952128276
1732952128324
1732952128361
1732952128374
1732952128406
1732952128445
1732952128465
1732952128480
1732952128499
1732952128550
1732952128589
1732952128605
1732952128636
1732952128682
1732952128697
1732952128713
1732952128733
1732952128806
1732952128841
1732952128866
1732952128917
1732952128975
1732952129000
1732952129012
1732952129031
1732952129074
1732952129101
1732952129131
1732952129159
1732952129202
1732952129222
1732952129233
1732952129253
1732952129290
1732952129327
1732952129344
1732952129372
1732952129417
1732952129435
1732952129447
1732952129466
1732952129507
1732952129537
1732952129556
1732952129583
1732952129633
1732952129653
1732952129673
1732952129687
1732952129737
1732952129776
1732952129789
1732952129824
1732952129877
1732952129892
1732952129908
1732952129925
1732952129972
1732952130000
1732952130014
1732952130051
1732952130093
1732952130113
1732952130125
1732952130140
1732952130196
1732952130219
1732952130237
1732952130266
1732952130325
1732952130333
1732952130346
1732952130363
1732952130414
1732952130430
1732952130446
1732952130471
1732952130513
1732952130535
1732952130546
1732952130557
1732952130604
1732952130633
1732952130649
1732952130690
1732952130739
1732952130759
1732952130776
1732952130789
1732952130837
1732952130869
1732952130887
1732952130928
1732952130990
1732952131017
1732952131034
1732952131057
1732952131103
1732952131137
1732952131153
1732952131183
1732952131233
1732952131252
1732952131268
1732952131323
1732952131362
1732952131380
1732952131393
1732952131417
1732952131453
1732952131472
1732952131486
1732952131497
1732952131537
1732952131573
1732952131587
1732952131618
1732952131657
1732952131672
1732952131689
1732952131699
1732952131748
1732952131770
1732952131790
1732952131816
1732952131858
1732952131878
1732952131891
1732952131901
1732952131942
1732952131972
1732952131983
1732952132013
1732952132055
1732952132072
1732952132089
1732952132099
1732952132144
1732952132173
1732952132182
1732952132212
1732952132252
1732952132267
1732952132285
1732952132295
1732952132337
1732952132367
1732952132380
1732952132411
1732952132457
1732952132467
1732952132485
1732952132498
1732952132537
1732952132569
1732952132581
1732952132608
1732952132647
1732952132666
1732952132679
1732952132691
1732952132734
1732952132761
1732952132774
1732952132802
1732952132845
1732952132859
1732952132872
1732952132891
1732952132928
1732952132959
1732952132972
1732952133003
1732952133043
1732952133054
1732952133072
1732952133084
1732952133126
1732952133154
1732952133175
1732952133197
1732952133245
1732952133256
1732952133275
1732952133286
1732952133335
1732952133358
1732952133376
1732952133407
1732952133445
1732952133460
1732952133474
1732952133487
1732952133559
1732952133593
1732952133609
1732952133654
1732952133713
1732952133742
1732952133760
1732952133780
1732952133842
1732952133881
1732952133919
1732952133958
1732952133991
1732952134016
1732952134021
1732952134045
1732952134091
1732952134127
1732952134130
1732952134213
1732952134259
1732952134285
1732952134315
1732952134346
1732952134413
1732952134442
1732952134455
1732952134493
1732952134571
1732952134590
1732952134604
1732952134622
1732952134670
1732952134710
1732952134759
1732952134786
1732952134919
1732952134947
1732952134968
1732952134977
1732952135025
1732952135057
1732952135079
1732952135108
1732952135165
1732952135199
1732952135219
1732952135250
1732952135297
1732952135332
1732952135353
1732952135387
1732952135440
1732952135485
1732952135503
1732952135527
1732952135574
1732952135615
1732952135633
1732952135662
1732952135709
1732952135714
1732952135727
1732952135746
1732952135798
1732952135845
1732952135864
1732952135917
1732952135974
1732952136009
1732952136015
1732952136040
1732952136081
1732952136111
1732952136130
1732952136155
1732952136198
1732952136224
1732952136231
1732952136248
1732952136292
1732952136331
1732952136345
1732952136373
1732952136416
1732952136436
1732952136453
1732952136468
1732952136512
1732952136533
1732952136547
1732952136576
1732952136625
1732952136641
1732952136652
1732952136668
1732952136710
1732952136738
1732952136752
1732952136782
1732952136827
1732952136841
1732952136850
1732952136870
1732952136911
1732952136939
1732952136955
1732952136983
1732952137035
1732952137053
1732952137067
1732952137082
1732952137125
1732952137148
1732952137162
1732952137188
1732952137232
1732952137245
1732952137263
1732952137286
1732952137338
1732952137375
1732952137379
1732952137415
1732952137461
1732952137475
1732952137488
1732952137504
1732952137547
1732952137571
1732952137586
1732952137617
1732952137668
1732952137690
1732952137703
1732952137721
1732952137768
1732952137798
1732952137812
1732952137835
1732952137884
1732952137895
1732952137905
1732952137924
1732952137966
1732952137995
1732952138013
1732952138033
1732952138075
1732952138089
1732952138103
1732952138117
1732952138157
1732952138189
1732952138203
1732952138227
1732952138281
1732952138285
1732952138298
1732952138315
1732952138362
1732952138392
1732952138408
1732952138447
1732952138491
1732952138498
1732952138514
1732952138528
1732952138570
1732952138596
1732952138616
1732952138639
1732952138684
1732952138700
1732952138722
1732952138756
1732952138811
1732952138852
1732952138876
1732952138918
1732952138976
1732952138997
1732952139019
1732952139043
1732952139091
1732952139120
1732952139134
1732952139163
1732952139204
1732952139217
1732952139237
1732952139248
1732952139289
1732952139321
1732952139342
1732952139363
1732952139400
1732952139414
1732952139427
1732952139441
1732952139485
1732952139514
1732952139525
1732952139554
1732952139603
1732952139619
1732952139657
1732952139662
1732952139694
1732952139724
1732952139751
1732952139780
1732952139813
1732952139829
1732952139847
1732952139865
1732952139914
1732952139950
1732952139955
1732952139979
1732952140021
1732952140044
1732952140049
1732952140076
1732952140108
1732952140137
1732952140155
1732952140187
1732952140224
1732952140237
1732952140254
1732952140275
1732952140310
1732952140349
1732952140354
1732952140389
1732952140438
1732952140448
1732952140467
1732952140477
1732952140526
1732952140557
1732952140562
1732952140597
1732952140635
1732952140657
1732952140664
1732952140686
1732952140736
1732952140779
1732952140789
1732952140827
1732952140877
1732952140905
1732952140909
1732952140914
1732952140973
1732952141028
1732952141049
1732952141087
1732952141148
1732952141184
1732952141205
1732952141237
1732952141288
1732952141320
1732952141342
1732952141367
1732952141456
1732952141467
1732952141489
1732952141507
1732952141586
1732952141636
1732952141643
1732952141680
1732952141733
1732952141744
1732952141766
1732952141777
1732952141846
1732952141881
1732952141907
1732952141945
1732952141999
1732952142021
1732952142031
1732952142043
1732952142088
1732952142113
1732952142134
1732952142159
1732952142203
1732952142223
1732952142236
1732952142249
1732952142288
1732952142320
1732952142336
1732952142368
1732952142417
1732952142436
1732952142442
1732952142457
1732952142501
1732952142526
1732952142541
1732952142574
1732952142635
1732952142657
1732952142682
1732952142699
1732952142772
1732952142802
1732952142812
1732952142845
1732952142905
1732952142927
1732952142958
1732952142987
1732952143033
1732952143063
1732952143078
1732952143106
1732952143160
1732952143186
1732952143215
1732952143221
1732952143278
1732952143334
1732952143343
1732952143375
1732952143420
1732952143441
1732952143470
1732952143490
1732952143553
1732952143601
1732952143622
1732952143645
1732952143687
1732952143702
1732952143719
1732952143736
1732952143775
1732952143806
1732952143827
1732952143857
1732952143894
1732952143910
1732952143924
1732952143939
1732952143975
1732952144010
1732952144022
1732952144049
1732952144097
1732952144105
1732952144124
1732952144136
1732952144185
1732952144216
1732952144226
1732952144252
1732952144299
1732952144310
1732952144329
1732952144341
1732952144385
1732952144414
1732952144425
1732952144455
1732952144493
1732952144508
1732952144529
1732952144542
1732952144585
1732952144617
1732952144623
1732952144655
1732952144696
1732952144709
1732952144725
1732952144740
1732952144783
1732952144814
1732952144830
1732952144863
1732952144908
1732952144923
1732952144937
1732952144946
1732952144997
1732952145025
1732952145048
1732952145072
1732952145112
1732952145120
1732952145134
1732952145152
1732952145187
1732952145223
1732952145232
1732952145259
1732952145302
1732952145318
1732952145332
1732952145346
1732952145389
1732952145422
1732952145442
1732952145467
1732952145507
1732952145515
1732952145536
1732952145559
1732952145621
1732952145670
1732952145686
1732952145726
1732952145773
1732952145789
1732952145804
1732952145829
1732952145895
1732952145936
1732952145955
1732952145995
1732952146035
1732952146049
1732952146066
1732952146079
1732952146142
1732952146183
1732952146205
1732952146250
1732952146306
1732952146322
1732952146345
1732952146354
1732952146406
1732952146447
1732952146475
1732952146517
1732952146577
1732952146596
1732952146616
1732952146630
1732952146678
1732952146708
1732952146725
1732952146754
1732952146812
1732952146836
1732952146852
1732952146873
1732952146934
1732952146971
1732952146986
1732952147020
1732952147068
1732952147082
1732952147098
1732952147105
1732952147148
1732952147176
1732952147195
1732952147224
1732952147266
1732952147278
1732952147294
1732952147305
1732952147368
1732952147405
1732952147427
1732952147471
1732952147521
1732952147537
1732952147551
1732952147568
1732952147630
1732952147677
1732952147695
1732952147740
1732952147794
1732952147807
1732952147823
1732952147842
1732952147888
1732952147922
1732952147938
1732952147971
1732952148029
1732952148046
1732952148070
1732952148093
1732952148158
1732952148199
1732952148212
1732952148263
1732952148328
1732952148354
1732952148384
1732952148412
1732952148506
1732952148553
1732952148580
1732952148641
1732952148694
1732952148714
1732952148726
1732952148748
1732952148810
1732952148872
1732952148875
1732952148920
1732952148968
1732952148985
1732952149033
1732952149065
1732952149168
1732952149176
1732952149190
1732952149261
1732952149352
1732952149394
1732952149412
1732952149439
1732952149502
1732952149541
1732952149563
1732952149598
1732952149668
1732952149700
1732952149719
1732952149738
1732952149794
1732952149826
1732952149848
1732952149886
1732952149938
1732952149960
1732952149981
1732952150001
1732952150070
1732952150116
1732952150143
1732952150189
1732952150279
1732952150305
1732952150369
1732952150406
1732952150521
1732952150567
1732952150589
1732952150641
1732952150730
1732952150761
1732952150794
1732952150807
1732952150865
1732952150896
1732952150923
1732952150966
1732952151008
1732952151029
1732952151055
1732952151059
1732952151113
1732952151156
1732952151183
1732952151210
1732952151295
1732952151331
1732952151338
1732952151363
1732952151427
1732952151455
1732952151477
1732952151520
1732952151587
1732952151605
1732952151626
1732952151655
1732952151730
1732952151798
1732952151815
1732952151851
1732952151891
1732952151909
1732952151923
1732952151949
1732952152007
1732952152057
1732952152090
1732952152145
1732952152216
1732952152242
1732952152255
1732952152270
1732952152326
1732952152362
1732952152387
1732952152442
1732952152481
1732952152515
1732952152531
1732952152555
1732952152645
1732952152692
1732952152720
1732952152755
1732952152814
1732952152837
1732952152859
1732952152881
1732952152941
1732952152986
1732952153006
1732952153040
1732952153086
1732952153103
1732952153122
1732952153135
1732952153179
1732952153209
1732952153226
1732952153257
1732952153301
1732952153317
1732952153334
1732952153352
1732952153402
1732952153428
1732952153446
1732952153478
1732952153527
1732952153540
1732952153558
1732952153572
1732952153629
1732952153677
1732952153683
1732952153725
1732952153773
1732952153797
1732952153813
1732952153826
1732952153894
1732952153932
1732952153953
1732952153987
1732952154034
1732952154056
1732952154078
1732952154083
1732952154137
1732952154165
1732952154182
1732952154210
1732952154253
1732952154265
1732952154283
1732952154295
1732952154345
1732952154378
1732952154390
1732952154419
1732952154461
1732952154475
1732952154490
1732952154510
1732952154551
1732952154581
1732952154595
1732952154633
1732952154686
1732952154706
1732952154723
1732952154735
1732952154784
1732952154819
1732952154836
1732952154868
1732952154919
1732952154934
1732952154948
1732952154965
1732952155003
1732952155041
1732952155067
1732952155114
1732952155228
1732952155242
1732952155246
1732952155251
1732952155311
1732952155332
1732952155362
1732952155420
1732952155475
1732952155480
1732952155507
1732952155513
1732952155569
1732952155595
1732952155601
1732952155636
1732952155701
1732952155721
1732952155745
1732952155775
1732952155865
1732952155898
1732952155903
1732952155935
1732952155991
1732952156007
1732952156031
1732952156046
1732952156102
1732952156129
1732952156143
1732952156180
1732952156253
1732952156259
1732952156262
1732952156283
1732952156326
1732952156348
1732952156365
1732952156395
1732952156435
1732952156448
1732952156462
1732952156476
1732952156536
1732952156582
1732952156599
1732952156638
1732952156705
1732952156725
1732952156752
1732952156757
1732952156808
1732952156837
1732952156851
1732952156877
1732952156922
1732952156937
1732952156945
1732952156963
1732952157005
1732952157037
1732952157045
1732952157076
1732952157121
1732952157136
1732952157157
1732952157171
1732952157218
1732952157251
1732952157265
1732952157345
1732952157368
1732952157372
1732952157389
1732952157393
1732952157431
1732952157450
1732952157466
1732952157497
1732952157543
1732952157556
1732952157575
1732952157580
1732952157625
1732952157652
1732952157668
1732952157694
1732952157745
1732952157757
1732952157772
1732952157785
1732952157823
1732952157851
1732952157865
1732952157899
1732952157937
1732952157951
1732952157968
1732952157989
1732952158030
1732952158071
1732952158086
1732952158116
1732952158188
1732952158237
1732952158240
1732952158270
1732952158326
1732952158341
1732952158358
1732952158395
1732952158436
1732952158450
1732952158469
1732952158487
1732952158535
1732952158560
1732952158573
1732952158605
1732952158660
1732952158666
1732952158691
1732952158698
1732952158740
1732952158794
1732952158816
1732952158849
1732952158917
1732952158939
1732952158954
1732952158978
1732952159022
1732952159054
1732952159066
1732952159092
1732952159143
1732952159165
1732952159184
1732952159216
1732952159273
1732952159311
1732952159323
1732952159355
1732952159404
1732952159418
1732952159436
1732952159450
1732952159496
1732952159529
1732952159545
1732952159578
1732952159629
1732952159643
1732952159659
1732952159673
1732952159720
1732952159751
1732952159763
1732952159792
1732952159869
1732952159888
1732952159921
1732952159953
1732952160077
1732952160125
1732952160141
1732952160219
1732952160335
1732952160354
1732952160386
1732952160411
1732952160495
1732952160541
1732952160562
1732952160600
1732952160664
1732952160685
1732952160719
1732952160728
1732952160815
1732952160838
1732952160858
1732952160904
1732952160990
1732952161007
1732952161031
1732952161051
1732952161153
1732952161229
1732952161256
1732952161302
1732952161375
1732952161392
1732952161413
1732952161437
1732952161510
1732952161563
1732952161585
1732952161645
1732952161703
1732952161724
1732952161752
1732952161777
1732952161849
1732952161907
1732952161936
1732952162015
1732952162155
1732952162161
1732952162173
1732952162202
1732952162278
1732952162327
1732952162383
1732952162406
1732952162498
1732952162522
1732952162534
1732952162539
1732952162613
1732952162657
1732952162692
1732952162733
1732952162794
1732952162833
1732952162852
1732952162873
1732952162960
1732952162994
1732952163019
1732952163090
1732952163172
1732952163224
1732952163259
1732952163266
1732952163383
1732952163395
1732952163424
1732952163475
1732952163517
1732952163542
1732952163574
1732952163604
1732952163656
1732952163703
1732952163728
1732952163782
1732952163845
1732952163861
1732952163881
1732952163907
1732952163975
1732952164026
1732952164046
1732952164105
1732952164170
1732952164189
1732952164225
1732952164267
1732952164343
1732952164396
1732952164421
1732952164469
1732952164535
1732952164559
1732952164578
1732952164604
1732952164702
1732952164736
1732952164752
1732952164820
1732952164872
1732952164904
1732952164917
1732952164942
1732952165022
1732952165059
1732952165081
1732952165131
1732952165209
1732952165262
1732952165272
1732952165291
1732952165362
1732952165409
1732952165429
1732952165479
1732952165568
1732952165604
1732952165642
1732952165656
1732952165737
1732952165776
1732952165803
1732952165846
1732952165941
1732952165950
1732952165975
1732952165995
1732952166073
1732952166121
1732952166157
1732952166182
1732952166258
1732952166281
1732952166310
1732952166333
1732952166408
1732952166456
1732952166475
1732952166544
1732952166605
1732952166649
1732952166676
1732952166683
1732952166857
1732952166890
1732952166909
1732952166956
1732952167075
1732952167111
1732952167143
1732952167176
1732952167262
1732952167323
1732952167338
1732952167386
1732952167450
1732952167476
1732952167496
1732952167522
1732952167600
1732952167642
1732952167673
1732952167750
1732952167923
1732952167933
1732952167963
1732952167974
1732952168048
1732952168122
1732952168130
1732952168157
1732952168231
1732952168250
1732952168277
1732952168301
1732952168409
1732952168482
1732952168514
1732952168543
1732952168630
1732952168649
1732952168677
1732952168702
1732952168787
1732952168852
1732952168894
1732952168947
1732952169059
1732952169075
1732952169109
1732952169142
1732952169228
1732952169283
1732952169298
1732952169376
1732952169442
1732952169450
1732952169473
1732952169503
1732952169574
1732952169618
1732952169647
1732952169717
1732952169825
1732952169845
1732952169884
1732952169887
1732952169951
1732952170025
1732952170048
1732952170085
1732952170176
1732952170203
1732952170212
1732952170239
1732952170320
1732952170368
1732952170395
1732952170462
1732952170518
1732952170546
1732952170564
1732952170587
1732952170670
1732952170712
1732952170735
1732952170801
1732952170853
1732952170877
1732952170902
1732952170934
1732952171001
1732952171077
1732952171079
1732952171113
1732952171178
1732952171198
1732952171220
1732952171239
1732952171315
1732952171365
1732952171387
1732952171444
1732952171511
1732952171525
1732952171551
1732952171569
1732952171643
1732952171699
1732952171759
1732952171848
1732952171930
1732952171945
1732952171972
1732952172009
1732952172058
1732952172110
1732952172133
1732952172171
1732952172253
1732952172282
1732952172291
1732952172322
1732952172405
1732952172496
1732952172520
1732952172564
1732952172640
1732952172684
1732952172713
1732952172719
1732952172796
1732952172848
1732952172868
1732952172916
1732952172980
1732952172994
1732952173018
1732952173037
1732952173107
1732952173165
1732952173182
1732952173234
1732952173289
1732952173325
1732952173334
1732952173355
1732952173431
1732952173469
1732952173499
1732952173560
1732952173615
1732952173638
1732952173663
1732952173675
1732952173720
1732952173750
1732952173769
1732952173799
1732952173841
1732952173865
1732952173874
1732952173894
1732952173948
1732952173975
1732952173992
1732952174018
1732952174074
1732952174094
1732952174103
1732952174124
1732952174166
1732952174197
1732952174217
1732952174248
1732952174296
1732952174311
1732952174333
1732952174354
1732952174396
1732952174424
1732952174445
1732952174472
1732952174523
1732952174540
1732952174556
1732952174565
1732952174613
1732952174648
1732952174668
1732952174706
1732952174767
1732952174790
1732952174811
1732952174827
1732952174892
1732952174931
1732952174955
1732952174978
1732952175026
1732952175045
1732952175068
1732952175097
1732952175137
1732952175177
1732952175190
1732952175227
1732952175288
1732952175307
1732952175316
1732952175335
1732952175390
1732952175420
1732952175437
1732952175469
1732952175515
1732952175534
1732952175554
1732952175573
1732952175615
1732952175640
1732952175656
1732952175685
1732952175730
1732952175746
1732952175776
1732952175789
1732952175853
1732952175877
1732952175902
1732952175935
1732952175982
1732952176003
1732952176018
1732952176039
1732952176089
1732952176108
1732952176122
1732952176162
1732952176201
1732952176220
1732952176245
1732952176259
1732952176305
1732952176336
1732952176357
1732952176388
1732952176443
1732952176465
1732952176492
1732952176513
1732952176558
1732952176598
1732952176617
1732952176649
1732952176705
1732952176723
1732952176744
1732952176761
1732952176822
1732952176856
1732952176874
1732952176908
1732952176968
1732952176986
1732952177008
1732952177027
1732952177093
1732952177111
1732952177133
1732952177167
1732952177224
1732952177245
1732952177280
1732952177287
1732952177332
1732952177373
1732952177398
1732952177431
1732952177495
1732952177513
1732952177546
1732952177577
1732952177607
1732952177659
1732952177702
1732952177711
1732952177756
1732952177773
1732952177788
1732952177810
1732952177867
1732952177903
1732952177909
1732952177941
1732952177991
1732952178023
1732952178028
1732952178053
1732952178100
1732952178134
1732952178148
1732952178190
1732952178242
1732952178279
1732952178283
1732952178301
1732952178349
1732952178416
1732952178426
1732952178510
1732952178536
1732952178559
1732952178579
1732952178601
1732952178657
1732952178690
1732952178712
1732952178755
1732952178796
1732952178817
1732952178835
1732952178857
1732952178914
1732952178974
1732952178979
1732952179011
1732952179073
1732952179090
1732952179112
1732952179143
1732952179183
1732952179213
1732952179231
1732952179274
1732952179317
1732952179329
1732952179348
1732952179360
1732952179418
1732952179451
1732952179467
1732952179492
1732952179542
1732952179555
1732952179571
1732952179586
1732952179631
1732952179668
1732952179693
1732952179744
1732952179813
1732952179833
1732952179853
1732952179878
1732952179936
1732952179971
1732952179993
1732952180026
1732952180069
1732952180095
1732952180114
1732952180142
1732952180186
1732952180221
1732952180252
1732952180271
1732952180325
1732952180352
1732952180363
1732952180382
1732952180431
1732952180463
1732952180483
1732952180511
1732952180561
1732952180573
1732952180592
1732952180614
1732952180664
1732952180684
1732952180704
1732952180729
1732952180783
1732952180789
1732952180815
1732952180821
1732952180868
1732952180898
1732952180922
1732952180945
1732952180997
1732952181007
1732952181020
1732952181037
1732952181080
1732952181112
1732952181135
1732952181163
1732952181210
1732952181226
1732952181238
1732952181257
1732952181314
1732952181339
1732952181360
1732952181391
1732952181497
1732952181497
1732952181501
1732952181528
1732952181561
1732952181571
1732952181590
1732952181636
1732952181682
1732952181702
1732952181712
1732952181729
1732952181778
1732952181810
1732952181825
1732952181855
1732952181897
1732952181911
1732952181929
1732952181940
1732952181988
1732952182026
1732952182040
1732952182065
1732952182111
1732952182131
1732952182154
1732952182170
1732952182240
1732952182262
1732952182282
1732952182323
1732952182372
1732952182389
1732952182412
1732952182423
1732952182483
1732952182523
1732952182539
1732952182582
1732952182630
1732952182650
1732952182666
1732952182685
1732952182742
1732952182795
1732952182817
1732952182854
1732952182915
1732952182930
1732952182950
1732952182971
1732952183035
1732952183071
1732952183090
1732952183129
1732952183185
1732952183202
1732952183235
1732952183254
1732952183330
1732952183338
1732952183357
1732952183389
1732952183459
1732952183464
1732952183502
1732952183516
1732952183569
1732952183602
1732952183613
1732952183659
1732952183711
1732952183720
1732952183740
1732952183758
1732952183811
1732952183859
1732952183873
1732952183913
1732952183968
1732952183985
1732952184009
1732952184017
1732952184077
1732952184113
1732952184127
1732952184165
1732952184216
1732952184230
1732952184247
1732952184266
1732952184359
1732952184370
1732952184388
1732952184432
1732952184496
1732952184518
1732952184525
1732952184553
1732952184610
1732952184643
1732952184664
1732952184702
1732952184768
1732952184780
1732952184803
1732952184812
1732952184873
1732952184920
1732952184934
1732952184978
1732952185034
1732952185047
1732952185062
1732952185082
1732952185141
1732952185168
1732952185186
1732952185225
1732952185279
1732952185303
1732952185320
1732952185331
1732952185393
1732952185421
1732952185437
1732952185479
1732952185528
1732952185545
1732952185557
1732952185578
1732952185629
1732952185673
1732952185687
1732952185731
1732952185802
1732952185807
1732952185814
1732952185831
1732952185886
1732952185923
1732952185941
1732952185977
1732952186042
1732952186057
1732952186076
1732952186094
1732952186144
1732952186184
1732952186226
1732952186253
1732952186290
1732952186304
1732952186334
1732952186344
1732952186402
1732952186433
1732952186457
1732952186498
1732952186543
1732952186562
1732952186584
1732952186605
1732952186675
1732952186703
1732952186712
1732952186755
1732952186800
1732952186823
1732952186842
1732952186864
1732952186923
1732952186963
1732952186986
1732952187018
1732952187078
1732952187083
1732952187126
1732952187131
1732952187177
1732952187225
1732952187236
1732952187275
1732952187337
1732952187348
1732952187362
1732952187383
1732952187446
1732952187478
1732952187494
1732952187537
1732952187587
1732952187605
1732952187624
1732952187642
1732952187695
1732952187737
1732952187751
1732952187790
1732952187842
1732952187877
1732952187889
1732952187906
1732952187973
1732952188008
1732952188020
1732952188065
1732952188115
1732952188134
1732952188166
1732952188183
1732952188229
1732952188264
1732952188283
1732952188323
1732952188391
1732952188419
1732952188427
1732952188444
1732952188516
1732952188576
1732952188580
1732952188614
1732952188672
1732952188705
1732952188709
1732952188726
1732952188794
1732952188831
1732952188854
1732952188890
1732952188957
1732952188973
1732952189003
1732952189023
1732952189077
1732952189116
1732952189126
1732952189165
1732952189226
1732952189241
1732952189265
1732952189287
1732952189349
1732952189395
1732952189413
1732952189456
1732952189513
1732952189532
1732952189548
1732952189577
1732952189636
1732952189684
1732952189702
1732952189744
1732952189795
1732952189817
1732952189835
1732952189856
1732952189927
1732952189983
1732952190002
1732952190062
1732952190120
1732952190135
1732952190159
1732952190173
1732952190243
1732952190283
1732952190300
1732952190359
1732952190425
1732952190458
1732952190468
1732952190492
1732952190553
1732952190596
1732952190620
1732952190652
1732952190711
1732952190731
1732952190748
1732952190790
1732952190838
1732952190889
1732952190897
1732952190936
1732952190993
1732952191015
1732952191034
1732952191053
1732952191130
1732952191161
1732952191204
1732952191243
1732952191280
1732952191299
1732952191323
1732952191349
1732952191420
1732952191457
1732952191479
1732952191548
1732952191582
1732952191617
1732952191639
1732952191651
1732952191705
1732952191742
1732952191766
1732952191802
1732952191855
1732952191880
1732952191893
1732952191916
1732952191970
1732952192006
1732952192032
1732952192064
1732952192124
1732952192138
1732952192160
1732952192173
1732952192230
1732952192291
1732952192296
1732952192334
1732952192392
1732952192432
1732952192437
1732952192480
1732952192506
1732952192546
1732952192563
1732952192594
1732952192668
1732952192673
1732952192692
1732952192712
1732952192759
1732952192799
1732952192820
1732952192864
1732952192918
1732952192945
1732952192958
1732952192970
1732952193026
1732952193069
1732952193089
1732952193135
1732952193186
1732952193232
1732952193236
1732952193251
1732952193296
1732952193359
1732952193379
1732952193421
1732952193487
1732952193516
1732952193530
1732952193542
1732952193605
1732952193661
1732952193665
1732952193719
1732952193785
1732952193811
1732952193827
1732952193852
1732952193910
1732952193957
1732952193989
1732952194035
1732952194099
1732952194120
1732952194138
1732952194161
1732952194229
1732952194262
1732952194287
1732952194334
1732952194403
1732952194428
1732952194469
1732952194475
1732952194532
1732952194577
1732952194597
1732952194644
1732952194702
1732952194743
1732952194763
1732952194783
1732952194854
1732952194896
1732952194927
1732952194953
1732952195027
1732952195046
1732952195074
1732952195086
1732952195146
1732952195184
1732952195207
1732952195246
1732952195325
1732952195345
1732952195377
1732952195420
1732952195473
1732952195512
1732952195532
1732952195578
1732952195638
1732952195716
1732952195722
1732952195725
1732952195789
1732952195833
1732952195850
1732952195894
1732952195965
1732952195985
1732952196007
1732952196015
1732952196065
1732952196108
1732952196129
1732952196173
1732952196238
1732952196259
1732952196273
1732952196297
1732952196357
1732952196402
1732952196420
1732952196457
1732952196503
1732952196525
1732952196542
1732952196572
1732952196625
1732952196669
1732952196695
1732952196722
1732952196772
1732952196793
1732952196815
1732952196835
1732952196899
1732952196937
1732952196956
1732952197006
1732952197053
1732952197069
1732952197094
1732952197108
1732952197167
1732952197210
1732952197221
1732952197273
1732952197346
1732952197370
1732952197398
1732952197410
1732952197486
1732952197518
1732952197537
1732952197580
1732952197634
1732952197659
1732952197675
1732952197698
