1732824345589
1732824362194
1732824362418
1732824362487
1732824362670
1732824362865
1732824362939
1732824363012
1732824363053
1732824363232
1732824363359
1732824363401
1732824363510
1732824363638
1732824363691
1732824363720
1732824363755
1732824363871
1732824363947
1732824363975
1732824364043
1732824364156
1732824364186
1732824364239
1732824364291
1732824364438
1732824364564
1732824364619
1732824364761
1732824364866
1732824364955
1732824365018
1732824365049
1732824365139
1732824365219
1732824365304
1732824365411
1732824365626
1732824365675
1732824365760
1732824365785
1732824365895
1732824365966
1732824366020
1732824366098
1732824366259
1732824366350
1732824366371
1732824366407
1732824366603
1732824366691
1732824366729
1732824366823
1732824366934
1732824366969
1732824366998
1732824367050
1732824367173
1732824367235
1732824367263
1732824367367
1732824367479
1732824367516
1732824367560
1732824367595
1732824367684
1732824367766
1732824367810
1732824367877
1732824367978
1732824368027
1732824368066
1732824368101
1732824368225
1732824368299
1732824368336
1732824368422
1732824368556
1732824368591
1732824368626
1732824368657
1732824368765
1732824368860
1732824368888
1732824368936
1732824369027
1732824369089
1732824369095
1732824369204
1732824369382
1732824369467
1732824369555
1732824369654
1732824369771
1732824369851
1732824369890
1732824369945
1732824370054
1732824370198
1732824370262
1732824370366
1732824370531
1732824370601
1732824370636
1732824370662
1732824370811
1732824370902
1732824370931
1732824371159
1732824371250
1732824371282
1732824371364
1732824371380
1732824371508
1732824371568
1732824371603
1732824371688
1732824371779
1732824371839
1732824371958
1732824371965
1732824372083
1732824372176
1732824372228
1732824372307
1732824372448
1732824372476
1732824372518
1732824372550
1732824372677
1732824372790
1732824372816
1732824372923
1732824373070
1732824373149
1732824373186
1732824373208
1732824373320
1732824373396
1732824373441
1732824373538
1732824373651
1732824373702
1732824373750
1732824373793
1732824373908
1732824374039
1732824374079
1732824374129
1732824374218
1732824374245
1732824374273
1732824374316
1732824374419
1732824374478
1732824374521
1732824374592
1732824374784
1732824374793
1732824374837
1732824374970
1732824375106
1732824375199
1732824375242
1732824375378
1732824375592
1732824375679
1732824375840
1732824375847
1732824375966
1732824376033
1732824376085
1732824376195
1732824376370
1732824376431
1732824376522
1732824376532
1732824376659
1732824376732
1732824376746
1732824376801
1732824376909
1732824376931
1732824376973
1732824377008
1732824377103
1732824377179
1732824377206
1732824377285
1732824377394
1732824377421
1732824377453
1732824377492
1732824377601
1732824377678
1732824377710
1732824377834
1732824377953
1732824377977
1732824378024
1732824378090
1732824378175
1732824378224
1732824378262
1732824378396
1732824378509
1732824378538
1732824378602
1732824378649
1732824378793
1732824378885
1732824378919
1732824379002
1732824379091
1732824379147
1732824379185
1732824379217
1732824379322
1732824379394
1732824379445
1732824379536
1732824379654
1732824379674
1732824379706
1732824379766
1732824379851
1732824379959
1732824379990
1732824380088
1732824380212
1732824380224
1732824380261
1732824380280
1732824380393
1732824380470
1732824380512
1732824380577
1732824380688
1732824380733
1732824380763
1732824380795
1732824380905
1732824381053
1732824381070
1732824381136
1732824381286
1732824381360
1732824381369
1732824381407
1732824381523
1732824381625
1732824381671
1732824381709
1732824381845
1732824381878
1732824382004
1732824382025
1732824382165
1732824382228
1732824382272
1732824382346
1732824382465
1732824382511
1732824382556
1732824382592
1732824382767
1732824382805
1732824382847
1732824382955
1732824383032
1732824383069
1732824383108
1732824383132
1732824383322
1732824383445
1732824383459
1732824383574
1732824383726
1732824383745
1732824383766
1732824383801
1732824383919
1732824384018
1732824384040
1732824384147
1732824384217
1732824384248
1732824384309
1732824384322
1732824384449
1732824384515
1732824384577
1732824384676
1732824384760
1732824384805
1732824384837
1732824384895
1732824384992
1732824385085
1732824385130
1732824385198
1732824385285
1732824385305
1732824385342
1732824385378
1732824385501
1732824385554
1732824385614
1732824385679
1732824385791
1732824385844
1732824385877
1732824385939
1732824386122
1732824386182
1732824386238
1732824386401
1732824386532
1732824386600
1732824386636
1732824386682
1732824386829
1732824386886
1732824386956
1732824387047
1732824387151
1732824387186
1732824387226
1732824387261
1732824387378
1732824387467
1732824387532
1732824387666
1732824387836
1732824387867
1732824387900
1732824387977
1732824388070
1732824388175
1732824388211
1732824388322
1732824388459
1732824388484
1732824388543
1732824388575
1732824388710
1732824388780
1732824388821
1732824388896
1732824389036
1732824389069
1732824389111
1732824389139
1732824389270
1732824389333
1732824389342
1732824389435
1732824389523
1732824389567
1732824389622
1732824389653
1732824389863
1732824389904
1732824389950
1732824390015
1732824390134
1732824390146
1732824390192
1732824390225
1732824390330
1732824390424
1732824390455
1732824390528
1732824390652
1732824390670
1732824390726
1732824390783
1732824390864
1732824390946
1732824390992
1732824391131
1732824391240
1732824391273
1732824391318
1732824391348
1732824391470
1732824391543
1732824391608
1732824391677
1732824391802
1732824391848
1732824391891
1732824391940
1732824392058
1732824392176
1732824392190
1732824392282
1732824392357
1732824392402
1732824392469
1732824392478
1732824392587
1732824392672
1732824392712
1732824392765
1732824392905
1732824392930
1732824392959
1732824392990
1732824393117
1732824393203
1732824393210
1732824393287
1732824393390
1732824393453
1732824393484
1732824393527
1732824393640
1732824393775
1732824393846
1732824393945
1732824394135
1732824394177
1732824394239
1732824394262
1732824394381
1732824394494
1732824394518
1732824394631
1732824394732
1732824394789
1732824394818
1732824394879
1732824394962
1732824395059
1732824395069
1732824395134
1732824395250
1732824395278
1732824395313
1732824395362
1732824395454
1732824395519
1732824395566
1732824395626
1732824395745
1732824395783
1732824395812
1732824395850
1732824396032
1732824396150
1732824396174
1732824396256
1732824396373
1732824396397
1732824396439
1732824396471
1732824396594
1732824396652
1732824396710
1732824396776
1732824396933
1732824396980
1732824397005
1732824397014
1732824397147
1732824397193
1732824397229
1732824397290
1732824397394
1732824397437
1732824397455
1732824397512
1732824397601
1732824397683
1732824397710
1732824397770
1732824397886
1732824397918
1732824397961
1732824397982
1732824398104
1732824398147
1732824398194
1732824398282
1732824398402
1732824398425
1732824398473
1732824398512
1732824398642
1732824398752
1732824398784
1732824398865
1732824398983
1732824399026
1732824399059
1732824399090
1732824399221
1732824399303
1732824399309
1732824399404
1732824399495
1732824399532
1732824399561
1732824399625
1732824399745
1732824399819
1732824399866
1732824399935
1732824400060
1732824400125
1732824400163
1732824400218
1732824400327
1732824400388
1732824400454
1732824400516
1732824400636
1732824400676
1732824400707
1732824400737
1732824400883
1732824401031
1732824401069
1732824401103
1732824401223
1732824401269
1732824401304
1732824401343
1732824401447
1732824401542
1732824401568
1732824401657
1732824401769
1732824401813
1732824401860
1732824401912
1732824402024
1732824402083
1732824402110
1732824402203
1732824402284
1732824402311
1732824402351
1732824402384
1732824402521
1732824402587
1732824402651
1732824402709
1732824402817
1732824402872
1732824402913
1732824402935
1732824403031
1732824403111
1732824403153
1732824403233
1732824403348
1732824403432
1732824403441
1732824403476
1732824403600
1732824403679
1732824403726
1732824403799
1732824403905
1732824403927
1732824403959
1732824404025
1732824404096
1732824404166
1732824404248
1732824404275
1732824404382
1732824404390
1732824404423
1732824404484
1732824404617
1732824404655
1732824404704
1732824404770
1732824404867
1732824404894
1732824404963
1732824404971
1732824405066
1732824405156
1732824405199
1732824405248
1732824405339
1732824405372
1732824405405
1732824405454
1732824405567
1732824405627
1732824405677
1732824405735
1732824405832
1732824405874
1732824405910
1732824405972
1732824406095
1732824406179
1732824406220
1732824406289
1732824406389
1732824406424
1732824406454
1732824406509
1732824406597
1732824406704
1732824406739
1732824406774
1732824406873
1732824406902
1732824406933
1732824406969
1732824407067
1732824407127
1732824407184
1732824407225
1732824407330
1732824407357
1732824407402
1732824407429
1732824407536
1732824407587
1732824407628
1732824407688
1732824407792
1732824407849
1732824407905
1732824407939
1732824408036
1732824408142
1732824408168
1732824408209
1732824408324
1732824408360
1732824408398
1732824408489
1732824408589
1732824408651
1732824408685
1732824408774
1732824408892
1732824408938
1732824408945
1732824408979
1732824409115
1732824409172
1732824409240
1732824409265
1732824409383
1732824409403
1732824409442
1732824409504
1732824409613
1732824409715
1732824409759
1732824409842
1732824409943
1732824409983
1732824410044
1732824410066
1732824410186
1732824410231
1732824410275
1732824410366
1732824410521
1732824410540
1732824410550
1732824410580
1732824410714
1732824410771
1732824410801
1732824410908
1732824411004
1732824411070
1732824411118
1732824411181
1732824411278
1732824411380
1732824411443
1732824411586
1732824411631
1732824411666
1732824411718
1732824411739
1732824411858
1732824411942
1732824411968
1732824412064
1732824412169
1732824412211
1732824412248
1732824412298
1732824412396
1732824412478
1732824412526
1732824412570
1732824412692
1732824412734
1732824412785
1732824412794
1732824412914
1732824412982
1732824413012
1732824413083
1732824413242
1732824413282
1732824413329
1732824413405
1732824413594
1732824413656
1732824413726
1732824413794
1732824413896
1732824413931
1732824413962
1732824414025
1732824414102
1732824414170
1732824414203
1732824414282
1732824414379
1732824414408
1732824414436
1732824414494
1732824414582
1732824414693
1732824414711
1732824414780
1732824414872
1732824414911
1732824414949
1732824414976
1732824415111
1732824415142
1732824415193
1732824415239
1732824415363
1732824415369
1732824415395
1732824415433
1732824415525
1732824415587
1732824415639
1732824415704
1732824415845
1732824415854
1732824415890
1732824415913
1732824416073
1732824416175
1732824416180
1732824416234
1732824416329
1732824416367
1732824416395
1732824416429
1732824416541
1732824416618
1732824416654
1732824416713
1732824416817
1732824416859
1732824416878
1732824416901
1732824417007
1732824417064
1732824417093
1732824417177
1732824417278
1732824417293
1732824417321
1732824417350
1732824417449
1732824417513
1732824417568
1732824417642
1732824417730
1732824417761
1732824417796
1732824417847
1732824417977
1732824418081
1732824418097
1732824418172
1732824418260
1732824418285
1732824418334
1732824418367
1732824418484
1732824418585
1732824418626
1732824418685
1732824418780
1732824418825
1732824418853
1732824418890
1732824419013
1732824419077
1732824419127
1732824419207
1732824419302
1732824419356
1732824419381
1732824419427
1732824419537
1732824419633
1732824419661
1732824419743
1732824419876
1732824419899
1732824419956
1732824419985
1732824420114
1732824420193
1732824420228
1732824420341
1732824420405
1732824420440
1732824420472
1732824420519
1732824420648
1732824420710
1732824420756
1732824420810
1732824420951
1732824421039
1732824421089
1732824421151
1732824421236
1732824421307
1732824421366
1732824421425
1732824421542
1732824421564
1732824421616
1732824421650
1732824421777
1732824421903
1732824421942
1732824422037
1732824422109
1732824422142
1732824422192
1732824422215
1732824422319
1732824422406
1732824422440
1732824422512
1732824422610
1732824422651
1732824422684
1732824422744
1732824422855
1732824422908
1732824422936
1732824423027
1732824423163
1732824423224
1732824423254
1732824423291
1732824423427
1732824423531
1732824423577
1732824423687
1732824423860
1732824423895
1732824423964
1732824424003
1732824424110
1732824424168
1732824424218
1732824424282
1732824424418
1732824424444
1732824424511
1732824424528
1732824424660
1732824424740
1732824424768
1732824424819
1732824424950
1732824424993
1732824425022
1732824425072
1732824425198
1732824425296
1732824425342
1732824425389
1732824425493
1732824425536
1732824425582
1732824425604
1732824425688
1732824425761
1732824425820
1732824425877
1732824425966
1732824426014
1732824426050
1732824426079
1732824426214
1732824426325
1732824426372
1732824426435
1732824426546
1732824426586
1732824426630
1732824426662
1732824426771
1732824426830
1732824426907
1732824426945
1732824427051
1732824427090
1732824427138
1732824427170
1732824427282
1732824427340
1732824427368
1732824427423
1732824427517
1732824427550
1732824427583
1732824427612
1732824427727
1732824427820
1732824427851
1732824427913
1732824428023
1732824428069
1732824428123
1732824428167
1732824428280
1732824428348
1732824428413
1732824428495
1732824428633
1732824428683
1732824428715
1732824428766
1732824428909
1732824428966
1732824428998
1732824429082
1732824429182
1732824429209
1732824429270
1732824429319
1732824429416
1732824429512
1732824429555
1732824429634
1732824429779
1732824429817
1732824429883
1732824429939
1732824430073
1732824430166
1732824430206
1732824430285
1732824430430
1732824430465
1732824430526
1732824430591
1732824430707
1732824430852
1732824430950
1732824431078
1732824431232
1732824431283
1732824431330
1732824431436
1732824431614
1732824431719
1732824431771
1732824431890
1732824432071
1732824432115
1732824432188
1732824432227
1732824432373
1732824432475
1732824432513
1732824432614
1732824432736
1732824432790
1732824432825
1732824432859
1732824432989
1732824433069
1732824433123
1732824433238
1732824433377
1732824433435
1732824433475
1732824433540
1732824433782
1732824433850
1732824433919
1732824434001
1732824434161
1732824434225
1732824434329
1732824434372
1732824434549
1732824434649
1732824434840
1732824434972
1732824435108
1732824435154
1732824435213
1732824435262
1732824435717
1732824435819
1732824435874
1732824436074
1732824436211
1732824436252
1732824436320
1732824436353
1732824436544
1732824436709
1732824436826
1732824436909
1732824437074
1732824437128
1732824437530
1732824437597
1732824439143
1732824439431
1732824439762
1732824439854
1732824439857
1732824439857
1732824439909
1732824439911
1732824440064
1732824440108
1732824440110
1732824440158
1732824440193
1732824440203
1732824440219
1732824440227
1732824440252
1732824440260
1732824440261
1732824440286
1732824440300
1732824440301
1732824440303
1732824440303
1732824440386
1732824440395
1732824440427
1732824440473
1732824440544
1732824440584
1732824440602
1732824440619
1732824440697
1732824440776
1732824440822
1732824440953
1732824441202
1732824441270
1732824441347
1732824441407
1732824441512
1732824441619
1732824441665
1732824441747
1732824441913
1732824441975
1732824442006
1732824442038
1732824442208
1732824442304
1732824442338
1732824442462
1732824442564
1732824442596
1732824442627
1732824442672
1732824442812
1732824442893
1732824442941
1732824443039
1732824443217
1732824443272
1732824443344
1732824443432
1732824443659
1732824443797
1732824443859
1732824443965
1732824444131
1732824444183
1732824444240
1732824444291
1732824444425
1732824444523
1732824444572
1732824444679
1732824444811
1732824444851
1732824444907
1732824444943
1732824445120
1732824445167
1732824445212
1732824445302
1732824445427
1732824445486
1732824445510
1732824445561
1732824445711
1732824445792
1732824445832
1732824445923
1732824446070
1732824446118
1732824446171
1732824446232
1732824446407
1732824446461
1732824446496
1732824446615
1732824446702
1732824446751
1732824446793
1732824446854
1732824446981
1732824447061
1732824447101
1732824447178
1732824447286
1732824447351
1732824447366
1732824447411
1732824447546
1732824447612
1732824447646
1732824447732
1732824447857
1732824447939
1732824447985
1732824448020
1732824448126
1732824448222
1732824448271
1732824448363
1732824448531
1732824448541
1732824448592
1732824448623
1732824448784
1732824448866
1732824448917
1732824448983
1732824449086
1732824449131
1732824449180
1732824449205
1732824449364
1732824449440
1732824449476
1732824449658
1732824449841
1732824449891
1732824449935
1732824449979
1732824450132
1732824450203
1732824450269
1732824450362
1732824450562
1732824450585
1732824450616
1732824450666
1732824450813
1732824450952
1732824450986
1732824451204
1732824451267
1732824451309
1732824451353
1732824451412
1732824451565
1732824451639
1732824451669
1732824451745
1732824451861
1732824451896
1732824451920
1732824451966
1732824452102
1732824452204
1732824452239
1732824452309
1732824452408
1732824452455
1732824452484
1732824452533
1732824452672
1732824452729
1732824452784
1732824452847
1732824452957
1732824453019
1732824453052
1732824453093
1732824453194
1732824453291
1732824453320
1732824453412
1732824453616
1732824453642
1732824453695
1732824453730
1732824453885
1732824453930
1732824453965
1732824454046
1732824454132
1732824454181
1732824454216
1732824454286
1732824454399
1732824454495
1732824454521
1732824454785
1732824454937
1732824454982
1732824455043
1732824455049
1732824455138
1732824455205
1732824455240
1732824455307
1732824455394
1732824455441
1732824455472
1732824455504
1732824455596
1732824455729
1732824455733
1732824455802
1732824455878
1732824455911
1732824455957
1732824455979
1732824456100
1732824456178
1732824456203
1732824456295
1732824456412
1732824456471
1732824456489
1732824456542
1732824456665
1732824456727
1732824456757
1732824456848
1732824456941
1732824456973
1732824457011
1732824457042
1732824457210
1732824457294
1732824457328
1732824457394
1732824457519
1732824457572
1732824457611
1732824457635
1732824457728
1732824457796
1732824457837
1732824457933
1732824458083
1732824458111
1732824458152
1732824458218
1732824458322
1732824458422
1732824458545
1732824458557
1732824458728
1732824458802
1732824458859
1732824458910
1732824459005
1732824459078
1732824459125
1732824459167
1732824459280
1732824459317
1732824459350
1732824459384
1732824459493
1732824459561
1732824459609
1732824459688
1732824459787
1732824459820
1732824459861
1732824459904
1732824459988
1732824460057
1732824460099
1732824460181
1732824460292
1732824460324
1732824460381
1732824460391
1732824460492
1732824460572
1732824460605
1732824460694
1732824460816
1732824460826
1732824460917
1732824460931
1732824461135
1732824461179
1732824461225
1732824461326
1732824461426
1732824461456
1732824461501
1732824461521
1732824461698
1732824461765
1732824461811
1732824461899
1732824462007
1732824462038
1732824462102
1732824462109
1732824462216
1732824462275
1732824462305
1732824462376
1732824462471
1732824462502
1732824462532
1732824462562
1732824462661
1732824462710
1732824462761
1732824462814
1732824462903
1732824462936
1732824462966
1732824463006
1732824463090
1732824463175
1732824463193
1732824463269
1732824463404
1732824463466
1732824463490
1732824463513
1732824463641
1732824463660
1732824463689
1732824463763
1732824463850
1732824463880
1732824463921
1732824463949
1732824464077
1732824464147
1732824464212
1732824464268
1732824464424
1732824464444
1732824464476
1732824464533
1732824464630
1732824464722
1732824464733
1732824464785
1732824464901
1732824464928
1732824464963
1732824465016
1732824465112
1732824465158
1732824465191
1732824465260
1732824465358
1732824465416
1732824465437
1732824465472
1732824465604
1732824465701
1732824465766
1732824465883
1732824466051
1732824466060
1732824466113
1732824466145
1732824466306
1732824466343
1732824466380
1732824466472
1732824466542
1732824466569
1732824466611
1732824466650
1732824466796
1732824466922
1732824466954
1732824467049
1732824467158
1732824467178
1732824467243
1732824467266
1732824467390
1732824467458
1732824467498
1732824467583
1732824467725
1732824467756
1732824467782
1732824467828
1732824467977
1732824468037
1732824468084
1732824468189
1732824468341
1732824468411
1732824468431
1732824468492
1732824468585
1732824468694
1732824468792
1732824468907
1732824469024
1732824469053
1732824469095
1732824469137
1732824469329
1732824469437
1732824469558
1732824469714
1732824469897
1732824469914
1732824469958
1732824470003
1732824470133
1732824470217
1732824470286
1732824470352
1732824470512
1732824470520
1732824470569
1732824470601
1732824470738
1732824470843
1732824470891
1732824470978
1732824471100
1732824471153
1732824471204
1732824471262
1732824471430
1732824471537
1732824471559
1732824471660
1732824471784
1732824471817
1732824471840
1732824471897
1732824472046
1732824472177
1732824472183
1732824472263
1732824472376
1732824472403
1732824472459
1732824472517
1732824472639
1732824472692
1732824472756
1732824472909
1732824472954
1732824472997
1732824473031
1732824473083
1732824473256
1732824473380
1732824473492
1732824473598
1732824473732
1732824473787
1732824473839
1732824473895
1732824474037
1732824474126
1732824474159
1732824474232
1732824474386
1732824474409
1732824474444
1732824474488
1732824474638
1732824474723
1732824474756
1732824474846
1732824474939
1732824474974
1732824475050
1732824475056
1732824475170
1732824475239
1732824475266
1732824475336
1732824475451
1732824475497
1732824475530
1732824475547
1732824475716
1732824475754
1732824475809
1732824475869
1732824475974
1732824476041
1732824476068
1732824476112
1732824476268
1732824476343
1732824476376
1732824476462
1732824476592
1732824476611
1732824476636
1732824476686
1732824476780
1732824476849
1732824476892
1732824476955
1732824477054
1732824477091
1732824477134
1732824477165
1732824477264
1732824477325
1732824477366
1732824477434
1732824477542
1732824477595
1732824477627
1732824477655
1732824477761
1732824477831
1732824477893
1732824477939
1732824478042
1732824478077
1732824478122
1732824478153
1732824478273
1732824478376
1732824478417
1732824478517
1732824478672
1732824478692
1732824478731
1732824478779
1732824478894
1732824478986
1732824479025
1732824479107
1732824479174
1732824479217
1732824479255
1732824479304
1732824479394
1732824479499
1732824479553
1732824479615
1732824479744
1732824479774
1732824479826
1732824479866
1732824479996
1732824480084
1732824480133
1732824480224
1732824480337
1732824480371
1732824480426
1732824480457
1732824480551
1732824480640
1732824480694
1732824480755
1732824480887
1732824480920
1732824480981
1732824481018
1732824481227
1732824481322
1732824481360
1732824481438
1732824481569
1732824481596
1732824481632
1732824481676
1732824481797
1732824481856
1732824481896
1732824481982
1732824482111
1732824482155
1732824482189
1732824482240
1732824482351
1732824482424
1732824482468
1732824482544
1732824482654
1732824482706
1732824482739
1732824482787
1732824482883
1732824482990
1732824483040
1732824483082
1732824483230
1732824483262
1732824483318
1732824483351
1732824483470
1732824483570
1732824483633
1732824483772
1732824483930
1732824483965
1732824484008
1732824484057
1732824484172
1732824484268
1732824484300
1732824484381
1732824484515
1732824484541
1732824484579
1732824484626
1732824484741
1732824484833
1732824484890
1732824484959
1732824485070
1732824485110
1732824485166
1732824485196
1732824485297
1732824485374
1732824485408
1732824485495
1732824485605
1732824485632
1732824485680
1732824485725
1732824485821
1732824485907
1732824485940
1732824486122
1732824486213
1732824486224
1732824486280
1732824486303
1732824486426
1732824486485
1732824486542
1732824486602
1732824486718
1732824486757
1732824486780
1732824486822
1732824486916
1732824486982
1732824487014
1732824487098
1732824487207
1732824487233
1732824487267
1732824487310
1732824487415
1732824487501
1732824487545
1732824487626
1732824487715
1732824487746
1732824487778
1732824487817
1732824487937
1732824488000
1732824488046
1732824488102
1732824488239
1732824488252
1732824488327
1732824488348
1732824488485
1732824488599
1732824488636
1732824488746
1732824488871
1732824488925
1732824488957
1732824489003
1732824489105
1732824489183
1732824489245
1732824489300
1732824489408
1732824489447
1732824489493
1732824489521
1732824489673
1732824489762
1732824489788
1732824489875
1732824490003
1732824490026
1732824490070
1732824490108
1732824490248
1732824490317
1732824490352
1732824490419
1732824490537
1732824490585
1732824490622
1732824490677
1732824490877
1732824491031
1732824491066
1732824491188
1732824491316
1732824491347
1732824491386
1732824491426
1732824491548
1732824491633
1732824491699
1732824491777
1732824491916
1732824491947
1732824491978
1732824492011
1732824492110
1732824492206
1732824492226
1732824492290
1732824492414
1732824492462
1732824492519
1732824492539
1732824492644
1732824492736
1732824492750
1732824492829
1732824492948
1732824493016
1732824493039
1732824493098
1732824493199
1732824493289
1732824493346
1732824493431
1732824493550
1732824493607
1732824493651
1732824493700
1732824493837
1732824493942
1732824493986
1732824494086
1732824494197
1732824494231
1732824494263
1732824494302
1732824494461
1732824494534
1732824494579
1732824494651
1732824494765
1732824494835
1732824494856
1732824494897
1732824495065
1732824495121
1732824495176
1732824495257
1732824495375
1732824495408
1732824495426
1732824495466
1732824495582
1732824495663
1732824495699
1732824495782
1732824495888
1732824495914
1732824495947
1732824495988
1732824496145
1732824496247
1732824496288
1732824496369
1732824496475
1732824496518
1732824496555
1732824496613
1732824496733
1732824496785
1732824496818
1732824496944
1732824497012
1732824497085
1732824497103
1732824497133
1732824497253
1732824497330
1732824497360
1732824497434
1732824497551
1732824497578
1732824497612
1732824497645
1732824497755
1732824497825
1732824497861
1732824498008
1732824498195
1732824498257
1732824498303
1732824498359
1732824498498
1732824498647
1732824498710
1732824498846
1732824499073
1732824499100
1732824499131
1732824499186
1732824499319
1732824499415
1732824499454
1732824499528
1732824499634
1732824499681
1732824499717
1732824499767
1732824499885
1732824499974
1732824500012
1732824500126
1732824500238
1732824500276
1732824500320
1732824500365
1732824500478
1732824500561
1732824500619
1732824500749
1732824500862
1732824500928
1732824500938
1732824500983
1732824501142
1732824501259
1732824501296
1732824501413
1732824501578
1732824501617
1732824501712
1732824501737
1732824501857
1732824501967
1732824502014
1732824502083
1732824502217
1732824502255
1732824502293
1732824502333
1732824502455
1732824502536
1732824502582
1732824502665
1732824502798
1732824502832
1732824502861
1732824502894
1732824503021
1732824503110
1732824503148
1732824503281
1732824503498
1732824503513
1732824503583
1732824503637
1732824503797
1732824503860
1732824503910
1732824503992
1732824504113
1732824504143
1732824504200
1732824504246
1732824504349
1732824504428
1732824504515
1732824504582
1732824504703
1732824504793
1732824504801
1732824504847
1732824504953
1732824505051
1732824505077
1732824505211
1732824505258
1732824505322
1732824505330
1732824505371
1732824505481
1732824505561
1732824505577
1732824505694
1732824505772
1732824505804
1732824505835
1732824505871
1732824505984
1732824506061
1732824506089
1732824506194
1732824506322
1732824506379
1732824506426
1732824506451
1732824506549
1732824506644
1732824506675
1732824506736
1732824506853
1732824506885
1732824506966
1732824507013
1732824507112
1732824507179
1732824507215
1732824507305
1732824507461
1732824507467
1732824507504
1732824507535
1732824507615
1732824507676
1732824507724
1732824507784
1732824507879
1732824507933
1732824507964
1732824507996
1732824508125
1732824508185
1732824508236
1732824508302
1732824508423
1732824508470
1732824508518
1732824508562
1732824508682
1732824508771
1732824508814
1732824508900
1732824509036
1732824509089
1732824509138
1732824509170
1732824509313
1732824509354
1732824509387
1732824509469
1732824509561
1732824509620
1732824509661
1732824509683
1732824509843
1732824509896
1732824509970
1732824510018
1732824510123
1732824510156
1732824510213
1732824510247
1732824510370
1732824510450
1732824510497
1732824510574
1732824510702
1732824510734
1732824510778
1732824510813
1732824510955
1732824511026
1732824511105
1732824511348
1732824512021
1732824512061
1732824512132
1732824512157
1732824512228
1732824512270
1732824512270
1732824512298
1732824512329
1732824512348
1732824512362
1732824512371
1732824512396
1732824512407
1732824512415
1732824512434
1732824512538
1732824512560
1732824512592
1732824512631
1732824512749
1732824512835
1732824512859
1732824512942
1732824513060
1732824513109
1732824513142
1732824513189
1732824513320
1732824513400
1732824513459
1732824513550
1732824513718
1732824513741
1732824513770
1732824513837
1732824513961
1732824514048
1732824514099
1732824514174
1732824514301
1732824514355
1732824514382
1732824514425
1732824514539
1732824514622
1732824514660
1732824514752
1732824514897
1732824514940
1732824514991
1732824515046
1732824515139
1732824515248
1732824515289
1732824515339
1732824515455
1732824515492
1732824515545
1732824515554
1732824515656
1732824515762
1732824515771
1732824515831
1732824515927
1732824515973
1732824516038
1732824516063
1732824516200
1732824516275
1732824516325
1732824516396
1732824516522
1732824516558
1732824516597
1732824516651
1732824516801
1732824516983
1732824517065
1732824517173
1732824517373
1732824517452
1732824517508
1732824517564
1732824517747
1732824517902
1732824517924
1732824518067
1732824518300
1732824518349
1732824518429
1732824518495
1732824518663
1732824518791
1732824518852
1732824518947
1732824519060
1732824519136
1732824519146
1732824519180
1732824519290
1732824519382
1732824519416
1732824519494
1732824519596
1732824519630
1732824519672
1732824519707
1732824519823
1732824519899
1732824519950
1732824520037
1732824520132
1732824520191
1732824520213
1732824520248
1732824520366
1732824520432
1732824520513
1732824520573
1732824520708
1732824520769
1732824520816
1732824520865
1732824521081
1732824521139
1732824521219
1732824521295
1732824521411
1732824521465
1732824521503
1732824521576
1732824521655
1732824521741
1732824521771
1732824521851
1732824521986
1732824522044
1732824522070
1732824522125
1732824522248
1732824522335
1732824522371
1732824522453
1732824522573
1732824522597
1732824522637
1732824522675
1732824522789
1732824522866
1732824522904
1732824522981
1732824523106
1732824523149
1732824523186
1732824523237
1732824523374
1732824523449
1732824523500
1732824523591
1732824523787
1732824523942
1732824524043
1732824524049
1732824524090
1732824524182
1732824524239
1732824524327
1732824524475
1732824524530
1732824524587
1732824524631
1732824524770
1732824524867
1732824524897
1732824524982
1732824525109
1732824525162
1732824525187
1732824525230
1732824525359
1732824525438
1732824525479
1732824525610
1732824525763
1732824525808
1732824525817
1732824525867
1732824526026
1732824526158
1732824526198
1732824526272
1732824526390
1732824526437
1732824526488
1732824526518
1732824526616
1732824526704
1732824526722
1732824526800
1732824526938
1732824526983
1732824527016
1732824527076
1732824527167
1732824527230
1732824527267
1732824527404
1732824527472
1732824527479
1732824527526
1732824527556
1732824527672
1732824527731
1732824527767
1732824527840
1732824527946
1732824527978
1732824528014
1732824528071
1732824528161
1732824528241
1732824528272
1732824528365
1732824528471
1732824528509
1732824528593
1732824528627
1732824528743
1732824528801
1732824528848
1732824528921
1732824529027
1732824529058
1732824529075
1732824529108
1732824529207
1732824529289
1732824529313
1732824529405
1732824529508
1732824529549
1732824529575
1732824529632
1732824529779
1732824529828
1732824529846
1732824529944
1732824530044
1732824530083
1732824530114
1732824530148
1732824530246
1732824530322
1732824530364
1732824530426
1732824530533
1732824530569
1732824530607
1732824530648
1732824530760
1732824530841
1732824530907
1732824530984
1732824531146
1732824531194
1732824531225
1732824531273
1732824531388
1732824531458
1732824531499
1732824531587
1732824531705
1732824531779
1732824531802
1732824531853
1732824531974
1732824532043
1732824532078
1732824532148
1732824532267
1732824532306
1732824532342
1732824532387
1732824532504
1732824532573
1732824532626
1732824532694
1732824532803
1732824532843
1732824532877
1732824532936
1732824533054
1732824533124
1732824533159
1732824533288
1732824533443
1732824533522
1732824533635
1732824533677
1732824533762
1732824533855
1732824533895
1732824534015
1732824534107
1732824534146
1732824534186
1732824534244
1732824534359
1732824534437
1732824534476
1732824534573
1732824534671
1732824534712
1732824534759
1732824534796
1732824534946
1732824535036
1732824535095
1732824535159
1732824535276
1732824535314
1732824535367
1732824535398
1732824535511
1732824535608
1732824535672
1732824535731
1732824535829
1732824535862
1732824535913
1732824535965
1732824536043
1732824536141
1732824536189
1732824536319
1732824536396
1732824536447
1732824536477
1732824536498
1732824536601
1732824536688
1732824536729
1732824536811
1732824536909
1732824536938
1732824536980
1732824537006
1732824537127
1732824537186
1732824537211
1732824537297
1732824537394
1732824537436
1732824537466
1732824537500
1732824537606
1732824537695
1732824537719
1732824537779
1732824537896
1732824537935
1732824537987
1732824537997
1732824538100
1732824538171
1732824538220
1732824538292
1732824538400
1732824538443
1732824538496
1732824538536
1732824538681
1732824538806
1732824538816
1732824538889
1732824538988
1732824539043
1732824539064
1732824539098
1732824539191
1732824539263
1732824539308
1732824539383
1732824539511
1732824539550
1732824539606
1732824539653
1732824539887
1732824540010
1732824540069
1732824540122
1732824540232
1732824540283
1732824540316
1732824540378
1732824540574
1732824540707
1732824540787
1732824540839
1732824541021
1732824541078
1732824541136
1732824541320
1732824541379
1732824541496
1732824541539
1732824541665
1732824541838
1732824541882
1732824541939
1732824542011
1732824542156
1732824542262
1732824542319
1732824542417
1732824542562
1732824542621
1732824542660
1732824542710
1732824542870
1732824542968
1732824543018
1732824543118
1732824543305
1732824543374
1732824543403
1732824543441
1732824543574
1732824543654
1732824543700
1732824543810
1732824543947
1732824543994
1732824544024
1732824544065
1732824544184
1732824544269
1732824544325
1732824544377
1732824544528
1732824544539
1732824544578
1732824544637
1732824544747
1732824544866
1732824544886
1732824545026
1732824545124
1732824545149
1732824545182
1732824545237
1732824545345
1732824545425
1732824545472
1732824545557
1732824545780
1732824545824
1732824545838
1732824545858
1732824545982
1732824546104
1732824546148
1732824546212
1732824546360
1732824546384
1732824546426
1732824546471
1732824546553
1732824546639
1732824546657
1732824546726
1732824546844
1732824546876
1732824546915
1732824546951
1732824547075
1732824547146
1732824547162
1732824547235
1732824547343
1732824547376
1732824547416
1732824547468
1732824547574
1732824547667
1732824547701
1732824547762
1732824547887
1732824547906
1732824547966
1732824547986
1732824548101
1732824548174
1732824548223
1732824548312
1732824548513
1732824548542
1732824548598
1732824548636
1732824548798
1732824548908
1732824548953
1732824549036
1732824549187
1732824549261
1732824549294
1732824549341
1732824549496
1732824549580
1732824549632
1732824549725
1732824549865
1732824549920
1732824549977
1732824550006
1732824550172
1732824550221
1732824550266
1732824550356
1732824550472
1732824550521
1732824550602
1732824550658
1732824550781
1732824550859
1732824550905
1732824551008
1732824551235
1732824551263
1732824551322
1732824551363
1732824551500
1732824551586
1732824551620
1732824551768
1732824551913
1732824551968
1732824552031
1732824552049
1732824552206
1732824552364
1732824552373
1732824552430
1732824552572
1732824552608
1732824552631
1732824552700
1732824552784
1732824552861
1732824552918
1732824552980
1732824553103
1732824553150
1732824553182
1732824553236
1732824553459
1732824553600
1732824553663
1732824553770
1732824554001
1732824554011
1732824554069
1732824554101
1732824554236
1732824554327
1732824554376
1732824554482
1732824554606
1732824554663
1732824554723
1732824554770
1732824554937
1732824555056
1732824555107
1732824555176
1732824555287
1732824555327
1732824555386
1732824555433
1732824555592
1732824555715
1732824555787
1732824555879
1732824555998
1732824556032
1732824556068
1732824556125
1732824556245
1732824556343
1732824556386
1732824556488
1732824556575
1732824556623
1732824556653
1732824556688
1732824556813
1732824556869
1732824556912
1732824556983
1732824557089
1732824557122
1732824557170
1732824557190
1732824557307
1732824557406
1732824557421
1732824557474
1732824557572
1732824557609
1732824557653
1732824557681
1732824557789
1732824557867
1732824557909
1732824557985
1732824558096
1732824558137
1732824558167
1732824558205
1732824558325
1732824558401
1732824558439
1732824558515
1732824558657
1732824558696
1732824558740
1732824558794
1732824558956
1732824559027
1732824559056
1732824559119
1732824559223
1732824559290
1732824559297
1732824559352
1732824559445
1732824559519
1732824559557
1732824559637
1732824559787
1732824559821
1732824559862
1732824559894
1732824560033
1732824560096
1732824560118
1732824560188
1732824560317
1732824560358
1732824560388
1732824560415
1732824560521
1732824560593
1732824560634
1732824560705
1732824560824
1732824560852
1732824560895
1732824560957
1732824561122
1732824561213
1732824561258
1732824561334
1732824561459
1732824561517
1732824561560
1732824561596
1732824561754
1732824561861
1732824561920
1732824562058
1732824562211
1732824562264
1732824562315
1732824562381
1732824562541
1732824562611
1732824562663
1732824562753
1732824562885
1732824562938
1732824562989
1732824563042
1732824563206
1732824563345
1732824563394
1732824563538
1732824563764
1732824563828
1732824563890
1732824563948
1732824564108
1732824564251
1732824564268
1732824564397
1732824564521
1732824564591
1732824564629
1732824564716
1732824564908
1732824565024
1732824565074
1732824565191
1732824565291
1732824565360
1732824565397
1732824565430
1732824565535
1732824565634
1732824565689
1732824565786
1732824565898
1732824565939
1732824565980
1732824566019
1732824566128
1732824566241
1732824566283
1732824566405
1732824566520
1732824566575
1732824566601
1732824566644
1732824566753
1732824566841
1732824566867
1732824566927
1732824567051
1732824567109
1732824567145
1732824567187
1732824567317
1732824567389
1732824567409
1732824567474
1732824567599
1732824567620
1732824567658
1732824567708
1732824567804
1732824567871
1732824567902
1732824567972
1732824568080
1732824568113
1732824568148
1732824568184
1732824568296
1732824568384
1732824568437
1732824568510
1732824568635
1732824568675
1732824568738
1732824568762
1732824568903
1732824568973
1732824569005
1732824569087
1732824569176
1732824569221
1732824569263
1732824569306
1732824569412
1732824569470
1732824569523
1732824569594
1732824569730
1732824569778
1732824569788
1732824569839
1732824569966
1732824570035
1732824570059
1732824570137
1732824570243
1732824570283
1732824570318
1732824570372
1732824570496
1732824570575
1732824570584
1732824570660
1732824570783
1732824570812
1732824570850
1732824570905
1732824571046
1732824571153
1732824571189
1732824571328
1732824571603
1732824571674
1732824571736
1732824571804
1732824571928
1732824572037
1732824572089
1732824572166
1732824572283
1732824572340
1732824572404
1732824572441
1732824572616
1732824572722
1732824572769
1732824572897
1732824573043
1732824573097
1732824573155
1732824573195
1732824573334
1732824573414
1732824573452
1732824573547
1732824573720
1732824573782
1732824573809
1732824573853
1732824573978
1732824574052
1732824574103
1732824574199
1732824574308
1732824574325
1732824574372
1732824574402
1732824574537
1732824574629
1732824574655
1732824574731
1732824574922
1732824574960
1732824575004
1732824575055
1732824575186
1732824575264
1732824575315
1732824575389
1732824575531
1732824575571
1732824575631
1732824575669
1732824575786
1732824575872
1732824575903
1732824575989
1732824576142
1732824576183
1732824576210
1732824576264
1732824576371
1732824576478
1732824576488
1732824576567
1732824576688
1732824576710
1732824576762
1732824576788
1732824576930
1732824576985
1732824577045
1732824577086
1732824577196
1732824577247
1732824577270
1732824577304
1732824577436
1732824577489
1732824577553
1732824577622
1732824577736
1732824577765
1732824577792
1732824577820
1732824577929
1732824578008
1732824578062
1732824578138
1732824578241
1732824578274
1732824578310
1732824578351
1732824578514
1732824578566
1732824578606
1732824578697
1732824578838
1732824578875
1732824578915
1732824578964
1732824579068
1732824579143
1732824579184
1732824579263
1732824579370
1732824579408
1732824579479
1732824579501
1732824579615
1732824579697
1732824579788
1732824579861
1732824579963
1732824579996
1732824580043
1732824580074
1732824580191
1732824580265
1732824580293
1732824580359
1732824580467
1732824580507
1732824580558
1732824580579
1732824580713
1732824580792
1732824580829
1732824580919
1732824581075
1732824581108
1732824581153
1732824581209
1732824581336
1732824581405
1732824581437
1732824581517
1732824581662
1732824581704
1732824581752
1732824581783
1732824581919
1732824582007
1732824582045
1732824582136
1732824582221
1732824582270
1732824582304
1732824582344
1732824582460
1732824582594
1732824582622
1732824582716
1732824582822
1732824582898
1732824582906
1732824582944
1732824583083
1732824583177
1732824583237
1732824583355
1732824583475
1732824583533
1732824583597
1732824583658
1732824583822
1732824583926
1732824583994
1732824584075
1732824584205
1732824584260
1732824584297
1732824584348
1732824584471
1732824584554
1732824584606
1732824584669
1732824584814
1732824584887
1732824584926
1732824584965
1732824585102
1732824585187
1732824585238
1732824585324
1732824585425
1732824585477
1732824585515
1732824585559
1732824585702
1732824585780
1732824585813
1732824585911
1732824586068
1732824586117
1732824586172
1732824586220
1732824586347
1732824586432
1732824586463
1732824586544
1732824586671
1732824586726
1732824586754
1732824586799
1732824586918
1732824586998
1732824587016
1732824587120
1732824587197
1732824587232
1732824587272
1732824587304
1732824587421
1732824587488
1732824587534
1732824587609
1732824587715
1732824587765
1732824587788
1732824587819
1732824587935
1732824588020
1732824588065
1732824588142
1732824588258
1732824588281
1732824588325
1732824588369
1732824588515
1732824588590
1732824588675
1732824588733
1732824588862
1732824588898
1732824588933
1732824588973
1732824589083
1732824589163
1732824589200
1732824589274
1732824589402
1732824589430
1732824589458
1732824589507
1732824589658
1732824589742
1732824589761
1732824589850
1732824590024
1732824590036
1732824590065
1732824590118
1732824590262
1732824590359
1732824590368
1732824590440
1732824590562
1732824590609
1732824590655
1732824590708
1732824590808
1732824590904
1732824590940
1732824591058
1732824591171
1732824591199
1732824591239
1732824591276
1732824591382
1732824591452
1732824591496
1732824591565
1732824591693
1732824591734
1732824591798
1732824591850
1732824591960
1732824592039
1732824592083
1732824592165
1732824592285
1732824592328
1732824592373
1732824592410
1732824592549
1732824592644
1732824592663
1732824592749
1732824592846
1732824592908
1732824592916
1732824592966
1732824593091
1732824593171
1732824593219
1732824593319
1732824593483
1732824593551
1732824593599
1732824593648
1732824593813
1732824593910
1732824593975
1732824594069
1732824594182
1732824594223
1732824594276
1732824594308
1732824594434
1732824594529
1732824594560
1732824594646
1732824594791
1732824594855
1732824594915
1732824594957
1732824595115
1732824595189
1732824595232
1732824595327
1732824595431
1732824595478
1732824595513
1732824595571
1732824595711
1732824595791
1732824595832
1732824595927
1732824596034
1732824596118
1732824596182
1732824596270
1732824596405
1732824596497
1732824596550
1732824596632
1732824596738
1732824596768
1732824596806
1732824596846
1732824596996
1732824597062
1732824597103
1732824597187
1732824597282
1732824597316
1732824597357
1732824597426
1732824597512
1732824597568
1732824597606
1732824597688
1732824597810
1732824597827
1732824597877
1732824597907
1732824598017
1732824598101
1732824598131
1732824598227
1732824598348
1732824598424
1732824598436
1732824598496
1732824598623
1732824598723
1732824598770
1732824598865
1732824598983
1732824599021
1732824599063
1732824599102
1732824599204
1732824599282
1732824599314
1732824599394
1732824599529
1732824599555
1732824599609
1732824599659
1732824599772
1732824599856
1732824599921
1732824600003
1732824600115
1732824600155
1732824600212
1732824600247
1732824600361
1732824600426
1732824600478
1732824600539
1732824600660
1732824600700
1732824600739
1732824600781
1732824600899
1732824600985
1732824601036
1732824601165
1732824601282
1732824601324
1732824601378
1732824601403
1732824601516
1732824601595
1732824601631
1732824601714
1732824601869
1732824601897
1732824601947
1732824602001
1732824602114
1732824602194
1732824602238
1732824602334
1732824602454
1732824602507
1732824602547
1732824602582
1732824602710
1732824602789
1732824602836
1732824602916
1732824603046
1732824603088
1732824603123
1732824603169
1732824603290
1732824603372
1732824603427
1732824603536
1732824603715
1732824603757
1732824603791
1732824603847
1732824603982
1732824604122
1732824604190
1732824604263
1732824604406
1732824604528
1732824604532
1732824604553
1732824604671
1732824604752
1732824604803
1732824604892
1732824605037
1732824605073
1732824605125
1732824605184
1732824605314
1732824605396
1732824605450
1732824605541
1732824605671
1732824605724
1732824605766
1732824605813
1732824605926
1732824606048
1732824606127
1732824606220
1732824606367
1732824606385
1732824606420
1732824606461
1732824606589
1732824606699
1732824606724
1732824606815
1732824606956
1732824606985
1732824607020
1732824607076
1732824607169
1732824607244
1732824607273
1732824607357
1732824607468
1732824607489
1732824607528
1732824607565
1732824607675
1732824607747
1732824607773
1732824607847
1732824607984
1732824608030
1732824608039
1732824608087
1732824608198
1732824608238
1732824608293
1732824608357
1732824608478
1732824608524
1732824608566
1732824608627
1732824608787
1732824608864
1732824608942
1732824609001
1732824609127
1732824609167
1732824609212
1732824609266
1732824609392
1732824609478
1732824609505
1732824609594
1732824609730
1732824609768
1732824609810
1732824609855
1732824609986
1732824610082
1732824610123
1732824610170
1732824610286
1732824610320
1732824610357
1732824610399
1732824610519
1732824610597
1732824610640
1732824610736
1732824610817
1732824610856
1732824610892
1732824610922
1732824611052
1732824611167
1732824611209
1732824611312
1732824611401
1732824611447
1732824611476
1732824611525
1732824611631
1732824611714
1732824611750
1732824611826
1732824611969
1732824612007
1732824612068
1732824612094
1732824612196
1732824612279
1732824612315
1732824612420
1732824612507
1732824612549
1732824612598
1732824612630
1732824612763
1732824612850
1732824612891
1732824612944
1732824613084
1732824613120
1732824613173
1732824613211
1732824613321
1732824613409
1732824613449
1732824613547
1732824613703
1732824613769
1732824613860
1732824613869
1732824614004
1732824614097
1732824614140
1732824614200
1732824614319
1732824614354
1732824614394
1732824614447
1732824614567
1732824614635
1732824614666
1732824614751
1732824614890
1732824614980
1732824615005
1732824615057
1732824615188
1732824615268
1732824615291
1732824615390
1732824615482
1732824615544
1732824615575
1732824615615
1732824615749
1732824615820
1732824615861
1732824615943
1732824616076
1732824616183
1732824616227
1732824616254
1732824616382
1732824616460
1732824616517
1732824616582
1732824616715
1732824616757
1732824616788
1732824616833
1732824616964
1732824617053
1732824617089
1732824617155
1732824617265
1732824617318
1732824617340
1732824617377
1732824617494
1732824617577
1732824617604
1732824617674
1732824617787
1732824617829
1732824617866
1732824617909
1732824618052
1732824618159
1732824618185
1732824618277
1732824618427
1732824618454
1732824618499
1732824618558
1732824618710
1732824618788
1732824618836
1732824618917
1732824619150
1732824619191
1732824619195
1732824619295
1732824619517
1732824619539
1732824619540
1732824619573
1732824619680
1732824619758
1732824619770
1732824619794
1732824619911
1732824620000
1732824620055
1732824620107
1732824620228
1732824620274
1732824620299
1732824620343
1732824620451
1732824620530
1732824620576
1732824620657
1732824620763
1732824620798
1732824620809
1732824620853
1732824620975
1732824621074
1732824621139
1732824621241
1732824621377
1732824621410
1732824621440
1732824621465
1732824621584
1732824621662
1732824621708
1732824621795
1732824621930
1732824621976
1732824622004
1732824622039
1732824622150
1732824622222
1732824622284
1732824622337
1732824622477
1732824622511
1732824622539
1732824622587
1732824622689
1732824622763
1732824622814
1732824622878
1732824622998
1732824623075
1732824623130
1732824623155
1732824623323
1732824623432
1732824623471
1732824623605
1732824623804
1732824623873
1732824623880
1732824623914
1732824624044
1732824624122
1732824624172
1732824624237
1732824624354
1732824624417
1732824624455
1732824624492
1732824624604
1732824624744
1732824624762
1732824624803
1732824624939
1732824624991
1732824625036
1732824625080
1732824625206
1732824625291
1732824625328
1732824625410
1732824625523
1732824625568
1732824625628
1732824625662
1732824625793
1732824625890
1732824625918
1732824625993
1732824626155
1732824626205
1732824626253
1732824626292
1732824626445
1732824626540
1732824626592
1732824626645
1732824626763
1732824626861
1732824626870
1732824626878
1732824626993
1732824627067
1732824627116
1732824627195
1732824627300
1732824627325
1732824627379
1732824627401
1732824627501
1732824627571
1732824627607
1732824627676
1732824627795
1732824627843
1732824627874
1732824627922
1732824628032
1732824628159
1732824628194
1732824628293
1732824628405
1732824628455
1732824628480
1732824628520
1732824628676
1732824628733
1732824628785
1732824628906
1732824629000
1732824629030
1732824629078
1732824629113
1732824629215
1732824629314
1732824629328
1732824629412
1732824629518
1732824629545
1732824629584
1732824629630
1732824629786
1732824629840
1732824629887
1732824629967
1732824630082
1732824630145
1732824630175
1732824630205
1732824630300
1732824630375
1732824630413
1732824630492
1732824630601
1732824630637
1732824630674
1732824630711
1732824630836
1732824630897
1732824630957
1732824631072
1732824631189
1732824631245
1732824631267
1732824631322
1732824631434
1732824631470
1732824631519
1732824631599
1732824631733
1732824631767
1732824631779
1732824631820
1732824631948
1732824632008
1732824632051
1732824632162
1732824632250
1732824632292
1732824632345
1732824632374
1732824632507
1732824632583
1732824632636
1732824632694
1732824632815
1732824632862
1732824632883
1732824632915
1732824633065
1732824633148
1732824633176
1732824633241
1732824633375
1732824633416
1732824633478
1732824633532
1732824633710
1732824633830
1732824633872
1732824633989
1732824634132
1732824634191
1732824634247
1732824634305
1732824634455
1732824634550
1732824634609
1732824634710
1732824634887
1732824634909
1732824635024
1732824635099
1732824635352
1732824635471
1732824635536
1732824635741
1732824635885
1732824635938
1732824635988
1732824636033
1732824636206
1732824636313
1732824636413
1732824636547
1732824636726
1732824636770
1732824636812
1732824636878
1732824637014
1732824637078
1732824637129
1732824637223
1732824637348
1732824637399
1732824637452
1732824637485
1732824637645
1732824637749
1732824637793
1732824637890
1732824638012
1732824638061
1732824638111
1732824638156
1732824638289
1732824638383
1732824638421
1732824638524
1732824638646
1732824638696
1732824638771
1732824638811
1732824639039
1732824639128
1732824639166
1732824639254
1732824639393
1732824639428
1732824639450
1732824639512
1732824639649
1732824639715
1732824639777
1732824639898
1732824640016
1732824640076
1732824640123
1732824640180
1732824640309
1732824640412
1732824640449
1732824640536
1732824640664
1732824640717
1732824640756
1732824640778
1732824640896
1732824640973
1732824641006
1732824641099
1732824641302
1732824641344
1732824641389
1732824641441
1732824641552
1732824641629
1732824641663
1732824641740
1732824641893
1732824641943
1732824641987
1732824642029
1732824642157
1732824642233
1732824642266
1732824642342
1732824642462
1732824642515
1732824642546
1732824642593
1732824642694
1732824642794
1732824642829
1732824642907
1732824643032
1732824643061
1732824643118
1732824643150
1732824643275
1732824643353
1732824643411
1732824643507
1732824643654
1732824643677
1732824643729
1732824643772
1732824643894
1732824643984
1732824644040
1732824644136
1732824644262
1732824644323
1732824644382
1732824644474
1732824644609
1732824644713
1732824644764
1732824644851
1732824645010
1732824645072
1732824645127
1732824645200
1732824645339
1732824645455
1732824645473
1732824645564
1732824645688
1732824645733
1732824645765
1732824645813
1732824645920
1732824646004
1732824646071
1732824646126
1732824646307
1732824646369
1732824646400
1732824646442
1732824646591
1732824646711
1732824646774
1732824646893
1732824647040
1732824647088
1732824647138
1732824647177
1732824647336
1732824647439
1732824647484
1732824647536
1732824647693
1732824647757
1732824647789
1732824647824
1732824647972
1732824648051
1732824648147
1732824648214
1732824648376
1732824648425
1732824648471
1732824648527
1732824648691
1732824648810
1732824648878
1732824648990
1732824649176
1732824649210
1732824649257
1732824649301
1732824649468
1732824649590
1732824649627
1732824649744
1732824649940
1732824650021
1732824650052
1732824650122
1732824650262
1732824650391
1732824650439
1732824650541
1732824650697
1732824650745
1732824650784
1732824650827
1732824650933
1732824651004
1732824651039
1732824651157
1732824651316
1732824651357
1732824651378
1732824651417
1732824651524
1732824651600
1732824651716
1732824651873
1732824652048
1732824652095
1732824652147
1732824652210
1732824652347
1732824652441
1732824652479
1732824652569
1732824652707
1732824652731
1732824652777
1732824652810
1732824652943
1732824653053
1732824653107
1732824653207
1732824653399
1732824653497
1732824653582
1732824653655
1732824653848
1732824653958
1732824654014
1732824654125
1732824654377
1732824654400
1732824654451
1732824654515
1732824654657
1732824654746
1732824654794
1732824654908
1732824655104
1732824655168
1732824655205
1732824655270
1732824655397
1732824655518
1732824655585
1732824655716
1732824655963
1732824655989
1732824656026
1732824656080
1732824656242
1732824656377
1732824656434
1732824656611
1732824656765
1732824656836
1732824656909
1732824656954
1732824657111
1732824657207
1732824657259
1732824657360
1732824657466
1732824657507
1732824657559
1732824657580
1732824657692
1732824657771
1732824657815
1732824657912
1732824657998
1732824658057
1732824658096
1732824658139
1732824658269
1732824658447
1732824658502
1732824658626
1732824658776
1732824658857
1732824658903
1732824658965
1732824659108
1732824659235
1732824659319
1732824659399
1732824659549
1732824659608
1732824659656
1732824659699
1732824659851
1732824659987
1732824660028
1732824660126
1732824660264
1732824660314
1732824660367
1732824660408
1732824660552
1732824660637
1732824660692
1732824660771
1732824660890
1732824660931
1732824660969
1732824661008
1732824661132
1732824661223
1732824661268
1732824661405
1732824661522
1732824661584
1732824661606
1732824661650
1732824661792
1732824661891
1732824661900
1732824661980
1732824662117
1732824662162
1732824662224
1732824662333
1732824662489
1732824662575
1732824662617
1732824662703
1732824662847
1732824662889
1732824662929
1732824662993
1732824663134
1732824663228
1732824663268
1732824663344
1732824663499
1732824663540
1732824663609
1732824663664
1732824663835
1732824663954
1732824663997
1732824664102
1732824664208
1732824664255
1732824664286
1732824664329
1732824664469
1732824664577
1732824664617
1732824664709
1732824664834
1732824664881
1732824664931
1732824664977
1732824665108
1732824665208
1732824665254
1732824665329
1732824665461
1732824665494
1732824665537
1732824665578
1732824665728
1732824665803
1732824665850
1732824665951
1732824666083
1732824666149
1732824666228
1732824666299
1732824666419
1732824666500
1732824666549
1732824666627
1732824666759
1732824666794
1732824666842
1732824666881
1732824667007
1732824667099
1732824667124
1732824667204
1732824667331
1732824667383
1732824667421
1732824667477
1732824667593
1732824667670
1732824667700
1732824667784
1732824667897
1732824667912
1732824667953
1732824667980
1732824668102
1732824668185
1732824668226
1732824668302
1732824668435
1732824668478
1732824668517
1732824668560
1732824668701
1732824668796
1732824668842
1732824668931
1732824669049
1732824669087
1732824669115
1732824669157
1732824669296
1732824669348
1732824669388
1732824669450
1732824669565
1732824669603
1732824669645
1732824669698
1732824669821
1732824669907
1732824669957
1732824670036
1732824670149
1732824670188
1732824670223
1732824670269
1732824670399
1732824670474
1732824670522
1732824670620
1732824670719
1732824670756
1732824670836
1732824670902
1732824671077
1732824671158
1732824671226
1732824671296
1732824671443
1732824671485
1732824671556
1732824671587
1732824671706
1732824671794
1732824671840
1732824671923
1732824672078
1732824672101
1732824672132
1732824672162
1732824672271
1732824672343
1732824672389
1732824672479
1732824672571
1732824672610
1732824672657
1732824672712
1732824672814
1732824672895
1732824672926
1732824673008
1732824673141
1732824673171
1732824673216
1732824673265
1732824673404
1732824673474
1732824673518
1732824673603
1732824673762
1732824673799
1732824673845
1732824673890
1732824674035
1732824674134
1732824674172
1732824674250
1732824674397
1732824674427
1732824674456
1732824674521
1732824674631
1732824674698
1732824674744
1732824674834
1732824674971
1732824675011
1732824675065
1732824675099
1732824675214
1732824675289
1732824675349
1732824675419
1732824675580
1732824675611
1732824675677
1732824675744
1732824675861
1732824675934
1732824675970
1732824676094
1732824676237
1732824676302
1732824676335
1732824676362
1732824676492
1732824676573
1732824676608
1732824676707
1732824676817
1732824676858
1732824676907
1732824676931
1732824677065
1732824677142
1732824677163
1732824677265
1732824677382
1732824677394
1732824677447
1732824677478
1732824677602
1732824677691
1732824677720
1732824677793
1732824677899
1732824677930
1732824677969
1732824678037
1732824678133
1732824678203
1732824678243
1732824678309
1732824678429
1732824678461
1732824678507
1732824678546
1732824678687
1732824678795
1732824678818
1732824678924
1732824679052
1732824679089
1732824679127
1732824679168
1732824679292
1732824679372
1732824679400
1732824679481
1732824679603
1732824679645
1732824679686
1732824679729
1732824679849
1732824679927
1732824679968
1732824680068
1732824680188
1732824680223
1732824680305
1732824680364
1732824680465
1732824680549
1732824680567
1732824680659
1732824680760
1732824680804
1732824680834
1732824680864
1732824680974
1732824681071
1732824681124
1732824681223
1732824681366
1732824681408
1732824681439
1732824681477
1732824681592
1732824681667
1732824681707
1732824681793
1732824681930
1732824681982
1732824682043
1732824682106
1732824682199
1732824682306
1732824682312
1732824682395
1732824682494
1732824682526
1732824682560
1732824682616
1732824682716
1732824682781
1732824682825
1732824682893
1732824683027
1732824683062
1732824683119
1732824683160
1732824683304
1732824683423
1732824683484
1732824683622
1732824683772
1732824683833
1732824683870
1732824683913
1732824684071
1732824684201
1732824684222
1732824684309
1732824684424
1732824684452
1732824684492
1732824684531
1732824684663
1732824684733
1732824684771
1732824684868
1732824684985
1732824685048
1732824685088
1732824685122
1732824685247
1732824685336
1732824685361
1732824685440
1732824685568
1732824685626
1732824685646
1732824685700
1732824685832
1732824685909
1732824685952
1732824686046
1732824686199
1732824686254
1732824686292
1732824686350
1732824686479
1732824686543
1732824686586
1732824686667
1732824686789
1732824686827
1732824686865
1732824686924
1732824687065
1732824687124
1732824687164
1732824687251
1732824687371
1732824687427
1732824687459
1732824687488
1732824687615
1732824687704
1732824687742
1732824687832
1732824687982
1732824688007
1732824688064
1732824688093
1732824688220
1732824688304
1732824688338
1732824688432
1732824688548
1732824688607
1732824688657
1732824688684
1732824688833
1732824688939
1732824688976
1732824689082
1732824689204
1732824689243
1732824689282
1732824689309
1732824689447
1732824689553
1732824689588
1732824689698
1732824689780
1732824689826
1732824689902
1732824689931
1732824690048
1732824690123
1732824690168
1732824690244
1732824690359
1732824690394
1732824690442
1732824690490
1732824690604
1732824690666
1732824690706
1732824690789
1732824690895
1732824690937
1732824690996
1732824691055
1732824691230
1732824691319
1732824691379
1732824691470
1732824691594
1732824691632
1732824691670
1732824691718
1732824691836
1732824691929
1732824691979
1732824692077
1732824692179
1732824692218
1732824692272
1732824692337
1732824692438
1732824692502
1732824692551
1732824692624
1732824692724
1732824692763
1732824692791
1732824692838
1732824692971
1732824693012
1732824693058
1732824693138
1732824693251
1732824693289
1732824693335
1732824693380
1732824693517
1732824693610
1732824693660
1732824693749
1732824693935
1732824693951
1732824694006
1732824694039
1732824694184
1732824694262
1732824694331
1732824694392
1732824694524
1732824694572
1732824694616
1732824694654
1732824694772
1732824694878
1732824694918
1732824695045
1732824695169
1732824695204
1732824695228
1732824695272
1732824695406
1732824695469
1732824695504
1732824695585
1732824695750
1732824695776
1732824695831
1732824695839
1732824695967
1732824696054
1732824696177
1732824696258
1732824696401
1732824696444
1732824696483
1732824696533
1732824696692
1732824696745
1732824696800
1732824696902
1732824697002
1732824697043
1732824697078
1732824697114
1732824697236
1732824697313
1732824697356
1732824697447
1732824697565
1732824697614
1732824697643
1732824697706
1732824697806
1732824697895
1732824697946
1732824697999
1732824698139
1732824698177
1732824698218
1732824698268
1732824698390
1732824698474
1732824698513
1732824698614
1732824698749
1732824698813
1732824698860
1732824698925
1732824699044
1732824699120
1732824699155
1732824699223
1732824699329
1732824699361
1732824699399
1732824699440
1732824699557
1732824699639
1732824699675
1732824699746
1732824699885
1732824699929
1732824699970
1732824700004
1732824700189
1732824700239
1732824700248
1732824700334
1732824700447
1732824700472
1732824700511
1732824700563
1732824700709
1732824700789
1732824700829
1732824700907
1732824701074
1732824701130
1732824701191
1732824701250
1732824701433
1732824701537
1732824701591
1732824701674
1732824701879
1732824701928
1732824701984
1732824702036
1732824702163
1732824702229
1732824702266
1732824702348
1732824702470
1732824702495
1732824702544
1732824702583
1732824702720
1732824702804
1732824702857
1732824702961
1732824703066
1732824703123
1732824703156
1732824703187
1732824703275
1732824703365
1732824703404
1732824703485
1732824703621
1732824703678
1732824703737
1732824703766
1732824703928
1732824704023
1732824704068
1732824704139
1732824704269
1732824704327
1732824704336
1732824704436
1732824705110
1732824705111
1732824705111
1732824705152
1732824705213
1732824705230
1732824705249
1732824705251
1732824705317
1732824705350
1732824705362
1732824705399
1732824705511
1732824705549
1732824705594
1732824705677
1732824705796
1732824705879
1732824705943
1732824706014
1732824706157
1732824706214
1732824706287
1732824706321
1732824706440
1732824706533
1732824706575
1732824706656
1732824706812
1732824706854
1732824706899
1732824706942
1732824707071
1732824707166
1732824707208
1732824707283
1732824707420
1732824707454
1732824707503
1732824707549
1732824707649
1732824707747
1732824707784
1732824707868
1732824707969
1732824708017
1732824708065
1732824708103
1732824708216
1732824708303
1732824708353
1732824708448
1732824708572
1732824708635
1732824708665
1732824708709
1732824708849
1732824708941
1732824708998
1732824709094
1732824709202
1732824709228
1732824709284
1732824709302
1732824709414
1732824709484
1732824709522
1732824709602
1732824709726
1732824709754
1732824709799
1732824709841
1732824709992
1732824710063
1732824710095
1732824710175
1732824710298
1732824710337
1732824710362
1732824710416
1732824710543
1732824710618
1732824710658
1732824710745
1732824710849
1732824710905
1732824710928
1732824710971
1732824711098
1732824711199
1732824711246
1732824711346
1732824711464
1732824711507
1732824711557
1732824711576
1732824711709
1732824711764
1732824711821
1732824711899
1732824712029
1732824712072
1732824712130
1732824712161
1732824712269
1732824712361
1732824712383
1732824712469
1732824712592
1732824712619
1732824712654
1732824712699
1732824712823
1732824712884
1732824712922
1732824712995
1732824713118
1732824713168
1732824713207
1732824713258
1732824713436
1732824713601
1732824713661
1732824713728
1732824713879
1732824713924
1732824713987
1732824714055
1732824714164
1732824714229
1732824714281
1732824714354
1732824714467
1732824714515
1732824714573
1732824714631
1732824714786
1732824714909
1732824714958
1732824715077
1732824715210
1732824715261
1732824715305
1732824715362
1732824715456
1732824715539
1732824715599
1732824715691
1732824715977
1732824716003
1732824716088
1732824716195
1732824716430
1732824716615
1732824716670
1732824716739
1732824716912
1732824716949
1732824716998
1732824717078
1732824717330
1732824717429
1732824717485
1732824717601
1732824717730
1732824717796
1732824717864
1732824717901
1732824718048
1732824718176
1732824718200
1732824718322
1732824718502
1732824718540
1732824718607
1732824718668
1732824718833
1732824718936
1732824718986
1732824719080
1732824719215
1732824719246
1732824719290
1732824719345
1732824719461
1732824719540
1732824719576
1732824719651
1732824719769
1732824719827
1732824719856
1732824719922
1732824720082
1732824720133
1732824720187
1732824720259
1732824720373
1732824720406
1732824720443
1732824720483
1732824720615
1732824720706
1732824720737
1732824720821
1732824720949
1732824720987
1732824721027
1732824721061
1732824721214
1732824721298
1732824721379
1732824721453
1732824721629
1732824721658
1732824721707
1732824721738
1732824721844
1732824721947
1732824721970
1732824722079
1732824722191
1732824722215
1732824722293
1732824722307
1732824722466
1732824722519
1732824722542
1732824722619
1732824722726
1732824722773
1732824722806
1732824722844
1732824722955
1732824723027
1732824723064
1732824723172
1732824723280
1732824723328
1732824723376
1732824723430
1732824723600
1732824723698
1732824723757
1732824723879
1732824724004
1732824724071
1732824724099
1732824724138
1732824724271
1732824724350
1732824724395
1732824724486
1732824724602
1732824724647
1732824724687
1732824724753
1732824724869
1732824724999
1732824725043
1732824725270
1732824725342
1732824725362
1732824725547
1732824725643
1732824725699
1732824725780
1732824725896
1732824725945
1732824725988
1732824726052
1732824726284
1732824726667
1732824726712
1732824726951
1732824727041
1732824727294
1732824727550
1732824727783
1732824727924
1732824727964
1732824728204
1732824728290
1732824728565
1732824728625
1732824728675
1732824729279
1732824729317
1732824729522
1732824729609
1732824729837
1732824729888
1732824730421
1732824730469
1732824730692
1732824730991
1732824731018
1732824731623
1732824731963
1732824732015
1732824732205
1732824732744
1732824732800
1732824732966
1732824733075
1732824733299
1732824733556
1732824734270
1732824734682
1732824734732
1732824735918
1732824736536
1732824739021
1732824748465
1732824759061
1732824760745
1732824761924
1732824764012
1732824767574
1732824767808
1732824767935
1732824770044
1732824770144
1732824770697
1732824770815
1732824771541
1732824772816
1732824772844
1732824774050
1732824774362
1732824776109
1732824781480
1732824782597
1732824783132
1732824785282
1732824785546
1732824785798
1732824786745
1732824788764
1732824789650
1732824792682
1732824793021
1732824793101
1732824793164
1732824793383
1732824794091
1732824794350
1732824794953
1732824795048
1732824795167
1732824795666
1732824795932
1732824795981
1732824796036
1732824796295
1732824797099
1732824798394
1732824798444
1732824798689
1732824798986
1732824800023
1732824800120
1732824800340
1732824800651
1732824801177
1732824802874
1732824802956
1732824804458
1732824806141
1732824806997
1732824809873
1732824816715
1732824820648
1732824821544
1732824822598
1732824823196
1732824823520
1732824824893
1732824829823
1732824830864
1732824831350
1732824831665
1732824832164
1732824832610
1732824861906
1732824961819
1732824961919
1732824962188
