1732903910496
1732903925408
1732903925562
1732903925619
1732903925712
1732903925851
1732903925896
1732903925933
1732903925993
1732903926123
1732903926221
1732903926244
1732903926322
1732903926471
1732903926509
1732903926542
1732903926626
1732903926773
1732903926846
1732903926899
1732903926949
1732903927028
1732903927074
1732903927095
1732903927131
1732903927255
1732903927307
1732903927347
1732903927397
1732903927483
1732903927506
1732903927539
1732903927564
1732903927630
1732903927684
1732903927709
1732903927794
1732903927889
1732903927903
1732903927932
1732903927952
1732903928038
1732903928079
1732903928110
1732903928155
1732903928221
1732903928244
1732903928279
1732903928307
1732903928385
1732903928437
1732903928461
1732903928534
1732903928610
1732903928629
1732903928647
1732903928666
1732903928740
1732903928790
1732903928831
1732903928867
1732903928944
1732903928964
1732903929017
1732903929041
1732903929109
1732903929168
1732903929186
1732903929224
1732903929299
1732903929342
1732903929347
1732903929375
1732903929451
1732903929504
1732903929526
1732903929581
1732903929676
1732903929694
1732903929713
1732903929742
1732903929839
1732903929894
1732903929910
1732903929958
1732903930083
1732903930113
1732903930134
1732903930152
1732903930236
1732903930267
1732903930296
1732903930345
1732903930416
1732903930422
1732903930427
1732903930450
1732903930502
1732903930534
1732903930551
1732903930599
1732903930668
1732903930692
1732903930713
1732903930729
1732903930786
1732903930825
1732903930841
1732903930891
1732903930961
1732903930966
1732903930981
1732903931001
1732903931059
1732903931083
1732903931091
1732903931128
1732903931199
1732903931225
1732903931250
1732903931260
1732903931307
1732903931343
1732903931360
1732903931420
1732903931445
1732903931461
1732903931469
1732903931496
1732903931540
1732903931566
1732903931585
1732903931618
1732903931675
1732903931681
1732903931703
1732903931724
1732903931761
1732903931797
1732903931809
1732903931837
1732903931885
1732903931919
1732903931925
1732903931940
1732903931991
1732903932029
1732903932039
1732903932074
1732903932135
1732903932139
1732903932165
1732903932169
1732903932215
1732903932248
1732903932266
1732903932297
1732903932373
1732903932378
1732903932403
1732903932435
1732903932498
1732903932550
1732903932554
1732903932620
1732903932665
1732903932679
1732903932701
1732903932722
1732903932768
1732903932805
1732903932825
1732903932855
1732903932944
1732903932957
1732903932983
1732903932987
1732903933038
1732903933076
1732903933116
1732903933173
1732903933263
1732903933284
1732903933306
1732903933359
1732903933444
1732903933492
1732903933527
1732903933576
1732903933624
1732903933668
1732903933685
1732903933692
1732903933771
1732903933818
1732903933839
1732903933882
1732903933943
1732903933974
1732903933988
1732903934012
1732903934079
1732903934123
1732903934155
1732903934200
1732903934296
1732903934326
1732903934352
1732903934363
1732903934439
1732903934464
1732903934504
1732903934531
1732903934608
1732903934631
1732903934673
1732903934702
1732903934763
1732903934798
1732903934825
1732903934876
1732903934973
1732903935065
1732903935068
1732903935114
1732903935156
1732903935221
1732903935252
1732903935278
1732903935335
1732903935364
1732903935388
1732903935418
1732903935489
1732903935543
1732903935583
1732903935666
1732903935723
1732903935755
1732903935774
1732903935813
1732903935874
1732903935923
1732903935955
1732903936001
1732903936068
1732903936100
1732903936121
1732903936142
1732903936214
1732903936269
1732903936320
1732903936352
1732903936437
1732903936476
1732903936514
1732903936522
1732903936616
1732903936653
1732903936692
1732903936716
1732903936779
1732903936803
1732903936832
1732903936843
1732903936920
1732903936999
1732903937005
1732903937050
1732903937122
1732903937140
1732903937164
1732903937192
1732903937322
1732903937368
1732903937394
1732903937443
1732903937516
1732903937537
1732903937576
1732903937591
1732903937673
1732903937723
1732903937751
1732903937800
1732903937868
1732903937890
1732903937924
1732903937956
1732903938065
1732903938139
1732903938207
1732903938318
1732903938416
1732903938428
1732903938456
1732903938474
1732903938546
1732903938586
1732903938602
1732903938653
1732903938720
1732903938743
1732903938773
1732903938804
1732903938868
1732903938925
1732903938952
1732903939016
1732903939090
1732903939138
1732903939148
1732903939171
1732903939239
1732903939282
1732903939314
1732903939360
1732903939462
1732903939491
1732903939510
1732903939558
1732903939624
1732903939701
1732903939715
1732903939783
1732903939926
1732903939930
1732903939965
1732903939975
1732903940071
1732903940127
1732903940142
1732903940192
1732903940275
1732903940301
1732903940351
1732903940377
1732903940443
1732903940529
1732903940583
1732903940628
1732903940753
1732903940785
1732903940796
1732903940816
1732903940890
1732903940940
1732903940972
1732903941036
1732903941111
1732903941139
1732903941175
1732903941196
1732903941280
1732903941338
1732903941403
1732903941452
1732903941541
1732903941580
1732903941618
1732903941629
1732903941701
1732903941765
1732903941796
1732903941859
1732903941945
1732903941967
1732903942012
1732903942021
1732903942103
1732903942164
1732903942196
1732903942251
1732903942326
1732903942360
1732903942392
1732903942428
1732903942492
1732903942567
1732903942585
1732903942641
1732903942757
1732903942762
1732903942807
1732903942816
1732903942894
1732903942950
1732903942983
1732903943057
1732903943129
1732903943151
1732903943173
1732903943217
1732903943275
1732903943333
1732903943366
1732903943424
1732903943564
1732903943570
1732903943627
1732903943658
1732903943725
1732903943767
1732903943796
1732903943868
1732903943939
1732903943964
1732903944006
1732903944029
1732903944112
1732903944179
1732903944214
1732903944251
1732903944314
1732903944349
1732903944374
1732903944402
1732903944505
1732903944563
1732903944590
1732903944637
1732903944723
1732903944758
1732903944780
1732903944802
1732903944894
1732903944940
1732903944976
1732903945045
1732903945105
1732903945152
1732903945182
1732903945230
1732903945281
1732903945347
1732903945369
1732903945444
1732903945540
1732903945554
1732903945570
1732903945591
1732903945646
1732903945687
1732903945706
1732903945756
1732903945839
1732903945845
1732903945861
1732903945885
1732903945957
1732903946045
1732903946070
1732903946109
1732903946177
1732903946183
1732903946223
1732903946227
1732903946273
1732903946310
1732903946320
1732903946357
1732903946401
1732903946417
1732903946431
1732903946446
1732903946492
1732903946514
1732903946531
1732903946563
1732903946602
1732903946620
1732903946629
1732903946648
1732903946738
1732903946782
1732903946796
1732903946822
1732903946862
1732903946877
1732903946894
1732903946910
1732903946950
1732903946977
1732903946991
1732903947025
1732903947077
1732903947111
1732903947115
1732903947119
1732903947163
1732903947187
1732903947204
1732903947236
1732903947281
1732903947307
1732903947322
1732903947328
1732903947381
1732903947401
1732903947416
1732903947449
1732903947489
1732903947507
1732903947522
1732903947536
1732903947579
1732903947601
1732903947619
1732903947648
1732903947695
1732903947719
1732903947741
1732903947764
1732903947810
1732903947848
1732903947854
1732903947891
1732903947941
1732903947961
1732903947992
1732903947996
1732903948052
1732903948093
1732903948108
1732903948153
1732903948204
1732903948224
1732903948250
1732903948259
1732903948307
1732903948339
1732903948355
1732903948385
1732903948434
1732903948456
1732903948464
1732903948482
1732903948522
1732903948561
1732903948578
1732903948607
1732903948656
1732903948671
1732903948694
1732903948701
1732903948757
1732903948781
1732903948785
1732903948826
1732903948898
1732903948929
1732903948965
1732903948987
1732903949055
1732903949090
1732903949110
1732903949147
1732903949223
1732903949271
1732903949280
1732903949318
1732903949364
1732903949397
1732903949426
1732903949465
1732903949520
1732903949553
1732903949589
1732903949619
1732903949704
1732903949741
1732903949776
1732903949825
1732903949896
1732903949915
1732903949936
1732903949952
1732903950013
1732903950081
1732903950113
1732903950150
1732903950204
1732903950227
1732903950249
1732903950263
1732903950340
1732903950380
1732903950399
1732903950431
1732903950484
1732903950501
1732903950516
1732903950532
1732903950584
1732903950616
1732903950640
1732903950700
1732903950810
1732903950842
1732903950883
1732903950942
1732903951012
1732903951065
1732903951090
1732903951138
1732903951197
1732903951231
1732903951235
1732903951264
1732903951307
1732903951366
1732903951391
1732903951428
1732903951473
1732903951504
1732903951541
1732903951547
1732903951597
1732903951620
1732903951635
1732903951678
1732903951723
1732903951735
1732903951755
1732903951772
1732903951828
1732903951867
1732903951881
1732903951919
1732903951984
1732903951994
1732903952012
1732903952034
1732903952076
1732903952123
1732903952141
1732903952199
1732903952281
1732903952288
1732903952306
1732903952321
1732903952380
1732903952432
1732903952448
1732903952502
1732903952582
1732903952590
1732903952626
1732903952679
1732903952751
1732903952787
1732903952807
1732903952853
1732903952913
1732903952932
1732903952955
1732903952978
1732903953057
1732903953109
1732903953135
1732903953176
1732903953234
1732903953260
1732903953270
1732903953292
1732903953372
1732903953413
1732903953418
1732903953454
1732903953519
1732903953526
1732903953553
1732903953581
1732903953665
1732903953730
1732903953739
1732903953790
1732903953834
1732903953860
1732903953871
1732903953900
1732903953959
1732903953978
1732903954003
1732903954029
1732903954090
1732903954099
1732903954121
1732903954142
1732903954193
1732903954243
1732903954263
1732903954301
1732903954402
1732903954429
1732903954461
1732903954541
1732903954645
1732903954672
1732903954702
1732903954771
1732903954888
1732903954903
1732903954926
1732903954960
1732903955033
1732903955086
1732903955118
1732903955163
1732903955249
1732903955280
1732903955289
1732903955330
1732903955413
1732903955484
1732903955539
1732903955577
1732903955677
1732903955695
1732903955726
1732903955764
1732903955845
1732903955920
1732903955956
1732903956003
1732903956060
1732903956087
1732903956112
1732903956129
1732903956200
1732903956262
1732903956313
1732903956370
1732903956458
1732903956489
1732903956494
1732903956511
1732903956584
1732903956641
1732903956662
1732903956700
1732903956762
1732903956791
1732903956820
1732903956834
1732903956904
1732903956934
1732903956960
1732903957015
1732903957075
1732903957102
1732903957109
1732903957143
1732903957192
1732903957237
1732903957259
1732903957312
1732903957366
1732903957384
1732903957398
1732903957420
1732903957484
1732903957512
1732903957531
1732903957561
1732903957609
1732903957622
1732903957636
1732903957649
1732903957702
1732903957730
1732903957746
1732903957777
1732903957814
1732903957828
1732903957841
1732903957856
1732903957900
1732903957935
1732903957950
1732903957980
1732903958022
1732903958036
1732903958053
1732903958070
1732903958117
1732903958148
1732903958162
1732903958199
1732903958246
1732903958262
1732903958290
1732903958299
1732903958366
1732903958391
1732903958405
1732903958440
1732903958518
1732903958522
1732903958531
1732903958548
1732903958604
1732903958637
1732903958654
1732903958685
1732903958741
1732903958760
1732903958780
1732903958800
1732903958874
1732903958901
1732903958925
1732903958954
1732903958988
1732903959007
1732903959015
1732903959035
1732903959070
1732903959106
1732903959116
1732903959143
1732903959195
1732903959214
1732903959232
1732903959250
1732903959313
1732903959353
1732903959358
1732903959383
1732903959424
1732903959443
1732903959454
1732903959474
1732903959523
1732903959562
1732903959576
1732903959601
1732903959669
1732903959689
1732903959703
1732903959738
1732903959832
1732903959893
1732903959897
1732903959935
1732903960020
1732903960026
1732903960050
1732903960082
1732903960121
1732903960169
1732903960181
1732903960229
1732903960275
1732903960301
1732903960323
1732903960336
1732903960397
1732903960432
1732903960459
1732903960496
1732903960547
1732903960567
1732903960590
1732903960602
1732903960660
1732903960694
1732903960713
1732903960753
1732903960815
1732903960843
1732903960872
1732903960896
1732903960960
1732903960998
1732903961021
1732903961059
1732903961120
1732903961136
1732903961150
1732903961164
1732903961223
1732903961244
1732903961259
1732903961299
1732903961382
1732903961402
1732903961420
1732903961449
1732903961518
1732903961562
1732903961580
1732903961623
1732903961678
1732903961705
1732903961723
1732903961741
1732903961808
1732903961827
1732903961849
1732903961881
1732903961929
1732903961957
1732903961979
1732903961994
1732903962117
1732903962127
1732903962147
1732903962186
1732903962295
1732903962300
1732903962308
1732903962337
1732903962412
1732903962464
1732903962490
1732903962538
1732903962615
1732903962641
1732903962666
1732903962702
1732903962762
1732903962813
1732903962833
1732903962884
1732903962935
1732903962965
1732903962970
1732903962996
1732903963050
1732903963097
1732903963132
1732903963170
1732903963244
1732903963279
1732903963299
1732903963320
1732903963368
1732903963404
1732903963426
1732903963458
1732903963535
1732903963563
1732903963588
1732903963616
1732903963698
1732903963737
1732903963769
1732903963807
1732903963882
1732903963918
1732903963943
1732903963948
1732903963999
1732903964031
1732903964048
1732903964097
1732903964138
1732903964150
1732903964173
1732903964201
1732903964237
1732903964269
1732903964285
1732903964319
1732903964369
1732903964382
1732903964398
1732903964418
1732903964472
1732903964503
1732903964520
1732903964551
1732903964607
1732903964630
1732903964634
1732903964650
1732903964686
1732903964719
1732903964732
1732903964761
1732903964809
1732903964825
1732903964841
1732903964859
1732903964917
1732903964970
1732903964978
1732903965033
1732903965074
1732903965095
1732903965112
1732903965136
1732903965213
1732903965236
1732903965252
1732903965283
1732903965338
1732903965363
1732903965380
1732903965405
1732903965436
1732903965478
1732903965496
1732903965533
1732903965575
1732903965593
1732903965612
1732903965627
1732903965684
1732903965723
1732903965747
1732903965785
1732903965846
1732903965857
1732903965894
1732903965901
1732903965968
1732903965999
1732903966017
1732903966058
1732903966103
1732903966127
1732903966143
1732903966158
1732903966211
1732903966242
1732903966262
1732903966311
1732903966357
1732903966374
1732903966391
1732903966406
1732903966461
1732903966502
1732903966519
1732903966564
1732903966614
1732903966637
1732903966655
1732903966670
1732903966724
1732903966759
1732903966785
1732903966817
1732903966880
1732903966935
1732903966941
1732903966948
1732903967007
1732903967040
1732903967075
1732903967147
1732903967205
1732903967230
1732903967252
1732903967297
1732903967325
1732903967361
1732903967386
1732903967415
1732903967480
1732903967498
1732903967515
1732903967522
1732903967574
1732903967609
1732903967647
1732903967694
1732903967737
1732903967755
1732903967766
1732903967783
1732903967859
1732903967871
1732903967891
1732903967922
1732903967991
1732903968026
1732903968056
1732903968102
1732903968197
1732903968260
1732903968298
1732903968361
1732903968443
1732903968477
1732903968511
1732903968560
1732903968640
1732903968697
1732903968747
1732903968782
1732903968844
1732903968870
1732903968903
1732903968913
1732903969009
1732903969047
1732903969058
1732903969096
1732903969167
1732903969184
1732903969220
1732903969243
1732903969311
1732903969365
1732903969389
1732903969422
1732903969497
1732903969527
1732903969544
1732903969587
1732903969651
1732903969707
1732903969724
1732903969765
1732903969809
1732903969834
1732903969850
1732903969871
1732903969969
1732903969995
1732903970011
1732903970051
1732903970101
1732903970126
1732903970140
1732903970163
1732903970208
1732903970261
1732903970268
1732903970304
1732903970358
1732903970376
1732903970390
1732903970407
1732903970456
1732903970524
1732903970548
1732903970597
1732903970648
1732903970664
1732903970677
1732903970700
1732903970766
1732903970799
1732903970827
1732903970849
1732903970898
1732903970919
1732903970942
1732903970948
1732903970995
1732903971039
1732903971072
1732903971121
1732903971176
1732903971207
1732903971213
1732903971238
1732903971295
1732903971346
1732903971362
1732903971401
1732903971454
1732903971472
1732903971491
1732903971508
1732903971578
1732903971625
1732903971655
1732903971704
1732903971783
1732903971813
1732903971834
1732903971844
1732903971901
1732903971940
1732903971981
1732903972014
1732903972068
1732903972089
1732903972110
1732903972127
1732903972178
1732903972214
1732903972238
1732903972281
1732903972351
1732903972373
1732903972385
1732903972400
1732903972457
1732903972489
1732903972515
1732903972545
1732903972614
1732903972639
1732903972661
1732903972675
1732903972723
1732903972761
1732903972783
1732903972830
1732903972904
1732903972927
1732903972944
1732903972963
1732903973006
1732903973052
1732903973079
1732903973128
1732903973195
1732903973210
1732903973230
1732903973251
1732903973300
1732903973334
1732903973355
1732903973400
1732903973463
1732903973478
1732903973496
1732903973516
1732903973567
1732903973610
1732903973630
1732903973706
1732903973735
1732903973751
1732903973765
1732903973780
1732903973825
1732903973888
1732903973893
1732903973932
1732903974014
1732903974019
1732903974031
1732903974045
1732903974088
1732903974128
1732903974157
1732903974193
1732903974254
1732903974282
1732903974308
1732903974312
1732903974378
1732903974415
1732903974430
1732903974469
1732903974534
1732903974554
1732903974560
1732903974577
1732903974619
1732903974645
1732903974660
1732903974692
1732903974732
1732903974759
1732903974762
1732903974772
1732903974814
1732903974855
1732903974880
1732903974932
1732903974977
1732903974996
1732903975026
1732903975031
1732903975077
1732903975100
1732903975113
1732903975142
1732903975184
1732903975200
1732903975217
1732903975223
1732903975269
1732903975298
1732903975328
1732903975345
1732903975385
1732903975400
1732903975421
1732903975436
1732903975477
1732903975507
1732903975520
1732903975547
1732903975595
1732903975608
1732903975627
1732903975636
1732903975684
1732903975716
1732903975729
1732903975753
1732903975792
1732903975808
1732903975822
1732903975836
1732903975877
1732903975905
1732903975918
1732903975944
1732903975986
1732903975997
1732903976010
1732903976030
1732903976074
1732903976101
1732903976126
1732903976147
1732903976181
1732903976199
1732903976216
1732903976226
1732903976271
1732903976293
1732903976320
1732903976353
1732903976382
1732903976404
1732903976418
1732903976427
1732903976482
1732903976502
1732903976516
1732903976545
1732903976584
1732903976602
1732903976615
1732903976630
1732903976708
1732903976737
1732903976746
1732903976796
1732903976850
1732903976866
1732903976877
1732903976894
1732903976943
1732903976976
1732903976989
1732903977016
1732903977061
1732903977088
1732903977093
1732903977160
1732903977163
1732903977183
1732903977202
1732903977231
1732903977302
1732903977309
1732903977333
1732903977368
1732903977420
1732903977452
1732903977467
1732903977494
1732903977537
1732903977557
1732903977572
1732903977606
1732903977638
1732903977663
1732903977683
1732903977716
1732903977771
1732903977796
1732903977819
1732903977836
1732903977889
1732903977919
1732903977931
1732903977966
1732903978009
1732903978028
1732903978046
1732903978061
1732903978102
1732903978130
1732903978150
1732903978184
1732903978239
1732903978245
1732903978266
1732903978281
1732903978326
1732903978361
1732903978375
1732903978401
1732903978440
1732903978453
1732903978462
1732903978480
1732903978528
1732903978549
1732903978568
1732903978614
1732903978663
1732903978669
1732903978684
1732903978699
1732903978744
1732903978784
1732903978801
1732903978850
1732903978901
1732903978921
1732903978950
1732903978961
1732903979017
1732903979072
1732903979115
1732903979127
1732903979216
1732903979242
1732903979261
1732903979280
1732903979336
1732903979382
1732903979402
1732903979443
1732903979518
1732903979527
1732903979548
1732903979574
1732903979610
1732903979648
1732903979666
1732903979699
1732903979747
1732903979753
1732903979777
1732903979782
1732903979821
1732903979850
1732903979860
1732903979888
1732903979949
1732903979958
1732903979987
1732903980000
1732903980069
1732903980117
1732903980124
1732903980153
1732903980200
1732903980213
1732903980227
1732903980240
1732903980302
1732903980327
1732903980351
1732903980386
1732903980430
1732903980442
1732903980459
1732903980481
1732903980520
1732903980548
1732903980559
1732903980594
1732903980630
1732903980644
1732903980659
1732903980678
1732903980734
1732903980775
1732903980790
1732903980825
1732903980880
1732903980894
1732903980910
1732903980941
1732903980976
1732903981037
1732903981045
1732903981068
1732903981131
1732903981157
1732903981181
1732903981204
1732903981273
1732903981299
1732903981313
1732903981343
1732903981384
1732903981397
1732903981418
1732903981450
1732903981503
1732903981553
1732903981582
1732903981620
1732903981672
1732903981712
1732903981723
1732903981742
1732903981769
1732903981795
1732903981807
1732903981838
1732903981879
1732903981893
1732903981907
1732903981918
1732903981966
1732903982010
1732903982043
1732903982075
1732903982137
1732903982154
1732903982176
1732903982194
1732903982229
1732903982268
1732903982296
1732903982347
1732903982400
1732903982423
1732903982453
1732903982465
1732903982517
1732903982568
1732903982586
1732903982625
1732903982700
1732903982728
1732903982755
1732903982761
1732903982808
1732903982841
1732903982871
1732903982912
1732903983004
1732903983020
1732903983041
1732903983068
1732903983126
1732903983162
1732903983199
1732903983232
1732903983290
1732903983316
1732903983337
1732903983350
1732903983400
1732903983431
1732903983440
1732903983472
1732903983520
1732903983525
1732903983543
1732903983568
1732903983612
1732903983640
1732903983648
1732903983673
1732903983717
1732903983748
1732903983752
1732903983779
1732903983823
1732903983840
1732903983857
1732903983887
1732903983931
1732903983940
1732903983955
1732903983973
1732903984020
1732903984046
1732903984069
1732903984096
1732903984128
1732903984149
1732903984157
1732903984172
1732903984224
1732903984259
1732903984263
1732903984302
1732903984333
1732903984350
1732903984367
1732903984394
1732903984430
1732903984461
1732903984476
1732903984507
1732903984561
1732903984567
1732903984583
1732903984602
1732903984642
1732903984682
1732903984692
1732903984723
1732903984766
1732903984786
1732903984808
1732903984812
1732903984861
1732903984888
1732903984903
1732903984930
1732903984969
1732903984984
1732903984998
1732903985012
1732903985047
1732903985075
1732903985091
1732903985118
1732903985166
1732903985173
1732903985188
1732903985202
1732903985242
1732903985271
1732903985290
1732903985311
1732903985353
1732903985367
1732903985385
1732903985399
1732903985450
1732903985482
1732903985505
1732903985527
1732903985574
1732903985589
1732903985605
1732903985619
1732903985664
1732903985697
1732903985713
1732903985744
1732903985790
1732903985803
1732903985815
1732903985828
1732903985876
1732903985899
1732903985915
1732903985951
1732903985995
1732903986010
1732903986021
1732903986035
1732903986080
1732903986125
1732903986129
1732903986155
1732903986189
1732903986214
1732903986219
1732903986241
1732903986280
1732903986296
1732903986327
1732903986341
1732903986379
1732903986392
1732903986424
1732903986438
1732903986479
1732903986502
1732903986523
1732903986556
1732903986610
1732903986629
1732903986648
1732903986668
1732903986734
1732903986747
1732903986770
1732903986799
1732903986834
1732903986855
1732903986877
1732903986882
1732903986924
1732903986953
1732903986977
1732903987008
1732903987050
1732903987056
1732903987069
1732903987091
1732903987127
1732903987161
1732903987171
1732903987207
1732903987248
1732903987266
1732903987272
1732903987295
1732903987330
1732903987368
1732903987373
1732903987407
1732903987445
1732903987457
1732903987480
1732903987487
1732903987540
1732903987565
1732903987584
1732903987604
1732903987654
1732903987667
1732903987681
1732903987688
1732903987736
1732903987763
1732903987780
1732903987841
1732903987863
1732903987889
1732903987892
1732903987896
1732903987940
1732903987972
1732903987981
1732903988014
1732903988063
1732903988088
1732903988104
1732903988110
1732903988157
1732903988187
1732903988200
1732903988232
1732903988298
1732903988307
1732903988331
1732903988353
1732903988441
1732903988482
1732903988499
1732903988545
1732903988612
1732903988617
1732903988635
1732903988653
1732903988719
1732903988768
1732903988791
1732903988832
1732903988881
1732903988902
1732903988917
1732903988931
1732903988975
1732903989000
1732903989012
1732903989040
1732903989085
1732903989099
1732903989111
1732903989126
1732903989200
1732903989228
1732903989248
1732903989276
1732903989324
1732903989348
1732903989361
1732903989375
1732903989424
1732903989466
1732903989476
1732903989516
1732903989562
1732903989582
1732903989599
1732903989621
1732903989671
1732903989702
1732903989720
1732903989754
1732903989807
1732903989827
1732903989839
1732903989852
1732903989908
1732903989927
1732903989944
1732903989970
1732903990024
1732903990039
1732903990044
1732903990058
1732903990101
1732903990129
1732903990143
1732903990166
1732903990206
1732903990219
1732903990232
1732903990254
1732903990287
1732903990314
1732903990327
1732903990356
1732903990401
1732903990411
1732903990423
1732903990441
1732903990477
1732903990505
1732903990518
1732903990543
1732903990589
1732903990602
1732903990620
1732903990632
1732903990676
1732903990701
1732903990716
1732903990744
1732903990790
1732903990804
1732903990823
1732903990835
1732903990896
1732903990919
1732903990932
1732903990968
1732903991011
1732903991038
1732903991042
1732903991059
1732903991092
1732903991122
1732903991136
1732903991172
1732903991217
1732903991232
1732903991244
1732903991261
1732903991304
1732903991335
1732903991346
1732903991378
1732903991420
1732903991433
1732903991451
1732903991465
1732903991502
1732903991534
1732903991539
1732903991569
1732903991611
1732903991623
1732903991635
1732903991647
1732903991689
1732903991720
1732903991738
1732903991760
1732903991799
1732903991813
1732903991827
1732903991846
1732903991885
1732903991910
1732903991924
1732903991972
1732903992014
1732903992029
1732903992046
1732903992066
1732903992109
1732903992142
1732903992152
1732903992187
1732903992227
1732903992243
1732903992262
1732903992275
1732903992316
1732903992347
1732903992367
1732903992390
1732903992430
1732903992448
1732903992462
1732903992477
1732903992513
1732903992544
1732903992556
1732903992590
1732903992658
1732903992681
1732903992708
1732903992712
1732903992762
1732903992795
1732903992817
1732903992849
1732903992896
1732903992904
1732903992912
1732903992932
1732903992967
1732903993001
1732903993016
1732903993043
1732903993081
1732903993102
1732903993108
1732903993124
1732903993166
1732903993193
1732903993213
1732903993277
1732903993303
1732903993336
1732903993340
1732903993368
1732903993413
1732903993441
1732903993454
1732903993484
1732903993529
1732903993543
1732903993558
1732903993576
1732903993618
1732903993645
1732903993656
1732903993682
1732903993723
1732903993739
1732903993755
1732903993772
1732903993807
1732903993832
1732903993856
1732903993875
1732903993914
1732903993927
1732903993940
1732903993956
1732903993999
1732903994022
1732903994036
1732903994061
1732903994101
1732903994114
1732903994139
1732903994145
1732903994193
1732903994221
1732903994231
1732903994269
1732903994300
1732903994313
1732903994341
1732903994345
1732903994387
1732903994413
1732903994451
1732903994476
1732903994508
1732903994513
1732903994560
1732903994564
1732903994585
1732903994622
1732903994625
1732903994661
1732903994694
1732903994707
1732903994720
1732903994735
1732903994770
1732903994798
1732903994811
1732903994849
1732903994885
1732903994899
1732903994917
1732903994932
1732903994971
1732903994992
1732903995008
1732903995036
1732903995076
1732903995089
1732903995102
1732903995116
1732903995159
1732903995186
1732903995198
1732903995226
1732903995267
1732903995281
1732903995293
1732903995310
1732903995356
1732903995381
1732903995395
1732903995422
1732903995466
1732903995480
1732903995496
1732903995510
1732903995561
1732903995585
1732903995601
1732903995631
1732903995676
1732903995691
1732903995707
1732903995723
1732903995765
1732903995792
1732903995802
1732903995832
1732903995880
1732903995891
1732903995910
1732903995925
1732903995961
1732903995993
1732903996004
1732903996030
1732903996078
1732903996091
1732903996105
1732903996118
1732903996156
1732903996186
1732903996202
1732903996230
1732903996267
1732903996282
1732903996297
1732903996313
1732903996364
1732903996386
1732903996401
1732903996433
1732903996476
1732903996489
1732903996503
1732903996523
1732903996567
1732903996597
1732903996612
1732903996648
1732903996688
1732903996716
1732903996722
1732903996747
1732903996783
1732903996845
1732903996849
1732903996878
1732903996929
1732903996932
1732903996936
1732903996982
1732903997004
1732903997027
1732903997033
1732903997081
1732903997106
1732903997120
1732903997150
1732903997154
1732903997200
1732903997228
1732903997233
1732903997258
1732903997302
1732903997317
1732903997335
1732903997360
1732903997408
1732903997432
1732903997445
1732903997474
1732903997519
1732903997534
1732903997547
1732903997565
1732903997604
1732903997636
1732903997648
1732903997677
1732903997719
1732903997736
1732903997746
1732903997760
1732903997808
1732903997828
1732903997847
1732903997879
1732903997912
1732903997930
1732903997946
1732903997976
1732903998035
1732903998081
1732903998097
1732903998138
1732903998210
1732903998234
1732903998256
1732903998275
1732903998316
1732903998351
1732903998364
1732903998395
1732903998440
1732903998449
1732903998468
1732903998482
1732903998534
1732903998565
1732903998575
1732903998604
1732903998659
1732903998674
1732903998697
1732903998712
1732903998760
1732903998789
1732903998801
1732903998830
1732903998881
1732903998893
1732903998908
1732903998925
1732903998977
1732903999021
1732903999027
1732903999058
1732903999098
1732903999114
1732903999129
1732903999144
1732903999197
1732903999232
1732903999241
1732903999277
1732903999319
1732903999337
1732903999355
1732903999371
1732903999414
1732903999449
1732903999470
1732903999502
1732903999541
1732903999560
1732903999573
1732903999589
1732903999632
1732903999660
1732903999674
1732903999705
1732903999761
1732903999767
1732903999798
1732903999802
1732903999854
1732903999887
1732903999908
1732903999939
1732904000000
1732904000004
1732904000025
1732904000034
1732904000077
1732904000117
1732904000122
1732904000158
1732904000209
1732904000225
1732904000247
1732904000261
1732904000304
1732904000354
1732904000358
1732904000394
1732904000432
1732904000451
1732904000462
1732904000476
1732904000529
1732904000566
1732904000583
1732904000614
1732904000673
1732904000686
1732904000704
1732904000727
1732904000773
1732904000804
1732904000822
1732904000866
1732904000905
1732904000919
1732904000935
1732904000977
1732904000989
1732904001025
1732904001030
1732904001061
1732904001102
1732904001110
1732904001136
1732904001141
1732904001181
1732904001216
1732904001221
1732904001249
1732904001289
1732904001307
1732904001316
1732904001337
1732904001373
1732904001406
1732904001413
1732904001449
1732904001489
1732904001503
1732904001526
1732904001544
1732904001579
1732904001620
1732904001631
1732904001664
1732904001723
1732904001728
1732904001753
1732904001758
1732904001804
1732904001832
1732904001845
1732904001881
1732904001921
1732904001957
1732904001960
1732904001965
1732904002010
1732904002052
1732904002068
1732904002090
1732904002138
1732904002150
1732904002168
1732904002179
1732904002215
1732904002249
1732904002264
1732904002285
1732904002333
1732904002345
1732904002363
1732904002374
1732904002414
1732904002447
1732904002465
1732904002491
1732904002534
1732904002545
1732904002559
1732904002572
1732904002629
1732904002650
1732904002656
1732904002688
1732904002726
1732904002747
1732904002754
1732904002777
1732904002824
1732904002841
1732904002857
1732904002882
1732904002925
1732904002947
1732904002953
1732904002974
1732904003020
1732904003053
1732904003065
1732904003107
1732904003144
1732904003160
1732904003173
1732904003189
1732904003239
1732904003265
1732904003288
1732904003312
1732904003352
1732904003374
1732904003380
1732904003395
1732904003433
1732904003465
1732904003478
1732904003507
1732904003557
1732904003570
1732904003590
1732904003604
1732904003654
1732904003679
1732904003690
1732904003725
1732904003763
1732904003782
1732904003797
1732904003810
1732904003853
1732904003885
1732904003899
1732904003935
1732904004003
1732904004007
1732904004013
1732904004019
1732904004077
1732904004113
1732904004119
1732904004154
1732904004193
1732904004207
1732904004226
1732904004241
1732904004275
1732904004303
1732904004316
1732904004349
1732904004387
1732904004402
1732904004415
1732904004429
1732904004473
1732904004498
1732904004511
1732904004544
1732904004584
1732904004599
1732904004612
1732904004620
1732904004669
1732904004691
1732904004706
1732904004733
1732904004780
1732904004791
1732904004803
1732904004822
1732904004862
1732904004892
1732904004911
1732904004941
1732904004985
1732904005010
1732904005016
1732904005029
1732904005077
1732904005101
1732904005119
1732904005141
1732904005182
1732904005195
1732904005210
1732904005223
1732904005263
1732904005297
1732904005310
1732904005341
1732904005375
1732904005389
1732904005407
1732904005426
1732904005471
1732904005494
1732904005510
1732904005532
1732904005569
1732904005586
1732904005600
1732904005613
1732904005664
1732904005687
1732904005710
1732904005725
1732904005771
1732904005793
1732904005798
1732904005822
1732904005854
1732904005878
1732904005896
1732904005922
1732904005961
1732904005975
1732904005988
1732904006001
1732904006045
1732904006078
1732904006094
1732904006121
1732904006164
1732904006180
1732904006201
1732904006214
1732904006253
1732904006293
1732904006299
1732904006344
1732904006379
1732904006406
1732904006409
1732904006414
1732904006471
1732904006509
1732904006526
1732904006535
1732904006578
1732904006594
1732904006609
1732904006623
1732904006674
1732904006701
1732904006718
1732904006750
1732904006799
1732904006814
1732904006836
1732904006854
1732904006919
1732904006953
1732904006991
1732904006999
1732904007051
1732904007080
1732904007084
1732904007103
1732904007159
1732904007187
1732904007211
1732904007249
1732904007304
1732904007329
1732904007352
1732904007383
1732904007449
1732904007505
1732904007534
1732904007593
1732904007667
1732904007682
1732904007703
1732904007719
1732904007772
1732904007821
1732904007838
1732904007904
1732904007957
1732904007978
1732904007995
1732904008018
1732904008086
1732904008131
1732904008147
1732904008190
1732904008254
1732904008268
1732904008290
1732904008306
1732904008366
1732904008403
1732904008424
1732904008465
1732904008524
1732904008546
1732904008569
1732904008591
1732904008645
1732904008680
1732904008698
1732904008737
1732904008777
1732904008800
1732904008825
1732904008830
1732904008900
1732904008948
1732904008988
1732904009094
1732904009774
1732904009789
1732904009887
1732904009888
1732904009952
1732904009977
1732904009977
1732904009999
1732904010009
1732904010010
1732904010010
1732904010010
1732904010039
1732904010067
1732904010067
1732904010086
1732904010087
1732904010087
1732904010087
1732904010087
1732904010128
1732904010129
1732904010149
1732904010173
1732904010179
1732904010180
1732904010180
1732904010231
1732904010249
1732904010249
1732904010250
1732904010263
1732904010281
1732904010281
1732904010291
1732904010291
1732904010306
1732904010311
1732904010316
1732904010322
1732904010401
1732904010427
1732904010474
1732904010518
1732904010605
1732904010682
1732904010729
1732904010757
1732904010867
1732904010871
1732904010889
1732904010906
1732904010981
1732904011037
1732904011060
1732904011110
1732904011185
1732904011190
1732904011220
1732904011264
1732904011337
1732904011387
1732904011406
1732904011444
1732904011507
1732904011518
1732904011554
1732904011569
1732904011633
1732904011688
1732904011697
1732904011735
1732904011794
1732904011812
1732904011842
1732904011864
1732904011923
1732904011957
1732904011977
1732904012030
1732904012075
1732904012103
1732904012125
1732904012160
1732904012216
1732904012266
1732904012288
1732904012331
1732904012415
1732904012442
1732904012461
1732904012478
1732904012538
1732904012596
1732904012611
1732904012670
1732904012726
1732904012759
1732904012777
1732904012790
1732904012850
1732904012891
1732904012914
1732904012956
1732904013027
1732904013053
1732904013095
1732904013101
1732904013154
1732904013194
1732904013222
1732904013259
1732904013309
1732904013329
1732904013349
1732904013365
1732904013424
1732904013472
1732904013496
1732904013524
1732904013582
1732904013603
1732904013619
1732904013644
1732904013696
1732904013728
1732904013764
1732904013780
1732904013836
1732904013850
1732904013877
1732904013894
1732904013946
1732904013970
1732904013987
1732904014022
1732904014069
1732904014098
1732904014103
1732904014152
1732904014189
1732904014210
1732904014235
1732904014255
1732904014304
1732904014321
1732904014346
1732904014365
1732904014405
1732904014438
1732904014460
1732904014490
1732904014542
1732904014561
1732904014567
1732904014584
1732904014633
1732904014667
1732904014688
1732904014728
1732904014774
1732904014787
1732904014801
1732904014816
1732904014865
1732904014896
1732904014912
1732904014955
1732904015000
1732904015022
1732904015028
1732904015043
1732904015092
1732904015125
1732904015141
1732904015172
1732904015221
1732904015238
1732904015253
1732904015268
1732904015313
1732904015353
1732904015370
1732904015394
1732904015441
1732904015456
1732904015472
1732904015495
1732904015540
1732904015572
1732904015588
1732904015619
1732904015661
1732904015678
1732904015694
1732904015714
1732904015768
1732904015798
1732904015814
1732904015846
1732904015890
1732904015907
1732904015922
1732904015938
1732904015989
1732904016020
1732904016036
1732904016061
1732904016109
1732904016124
1732904016144
1732904016167
1732904016211
1732904016240
1732904016251
1732904016286
1732904016339
1732904016355
1732904016369
1732904016383
1732904016429
1732904016465
1732904016485
1732904016514
1732904016557
1732904016580
1732904016593
1732904016614
1732904016651
1732904016685
1732904016709
1732904016736
1732904016782
1732904016797
1732904016823
1732904016828
1732904016884
1732904016908
1732904016926
1732904016962
1732904017003
1732904017030
1732904017036
1732904017057
1732904017105
1732904017132
1732904017151
1732904017176
1732904017223
1732904017243
1732904017261
1732904017277
1732904017325
1732904017352
1732904017367
1732904017397
1732904017454
1732904017460
1732904017477
1732904017491
1732904017539
1732904017571
1732904017587
1732904017623
1732904017671
1732904017685
1732904017701
1732904017714
1732904017767
1732904017792
1732904017809
1732904017843
1732904017887
1732904017910
1732904017923
1732904017942
1732904017991
1732904018018
1732904018033
1732904018065
1732904018113
1732904018130
1732904018151
1732904018159
1732904018215
1732904018241
1732904018262
1732904018287
1732904018336
1732904018364
1732904018369
1732904018394
1732904018435
1732904018462
1732904018482
1732904018512
1732904018556
1732904018573
1732904018588
1732904018604
1732904018650
1732904018690
1732904018701
1732904018731
1732904018782
1732904018799
1732904018814
1732904018830
1732904018880
1732904018903
1732904018919
1732904018953
1732904019003
1732904019022
1732904019041
1732904019056
1732904019104
1732904019134
1732904019151
1732904019178
1732904019223
1732904019244
1732904019259
1732904019276
1732904019318
1732904019353
1732904019369
1732904019400
1732904019446
1732904019462
1732904019482
1732904019499
1732904019539
1732904019570
1732904019589
1732904019621
1732904019666
1732904019683
1732904019698
1732904019713
1732904019760
1732904019785
1732904019808
1732904019839
1732904019885
1732904019901
1732904019918
1732904019926
1732904019974
1732904020006
1732904020023
1732904020055
1732904020103
1732904020124
1732904020133
1732904020151
1732904020199
1732904020238
1732904020244
1732904020276
1732904020322
1732904020343
1732904020361
1732904020368
1732904020416
1732904020447
1732904020463
1732904020503
1732904020557
1732904020587
1732904020607
1732904020628
1732904020705
1732904020750
1732904020777
1732904020818
1732904020889
1732904020938
1732904020953
1732904021003
1732904021042
1732904021083
1732904021100
1732904021135
1732904021187
1732904021205
1732904021223
1732904021242
1732904021296
1732904021336
1732904021348
1732904021385
1732904021440
1732904021454
1732904021473
1732904021488
1732904021548
1732904021585
1732904021598
1732904021628
1732904021679
1732904021705
1732904021718
1732904021740
1732904021787
1732904021821
1732904021841
1732904021881
1732904021930
1732904021949
1732904021965
1732904021985
1732904022037
1732904022077
1732904022092
1732904022128
1732904022174
1732904022196
1732904022223
1732904022229
1732904022280
1732904022312
1732904022344
1732904022376
1732904022427
1732904022444
1732904022463
1732904022473
1732904022534
1732904022559
1732904022580
1732904022615
1732904022661
1732904022681
1732904022695
1732904022713
1732904022761
1732904022799
1732904022824
1732904022852
1732904022901
1732904022922
1732904022943
1732904022969
1732904023010
1732904023047
1732904023090
1732904023106
1732904023161
1732904023175
1732904023218
1732904023228
1732904023303
1732904023344
1732904023384
1732904023430
1732904023512
1732904023515
1732904023562
1732904023566
1732904023646
1732904023696
1732904023718
1732904023779
1732904023865
1732904023898
1732904023921
1732904023952
1732904024041
1732904024095
1732904024123
1732904024182
1732904024239
1732904024266
1732904024274
1732904024291
1732904024358
1732904024398
1732904024415
1732904024475
1732904024524
1732904024545
1732904024560
1732904024579
1732904024643
1732904024704
1732904024709
1732904024732
1732904024787
1732904024804
1732904024831
1732904024845
1732904024907
1732904024948
1732904024972
1732904024996
1732904025047
1732904025059
1732904025073
1732904025096
1732904025141
1732904025181
1732904025198
1732904025234
1732904025280
1732904025303
1732904025327
1732904025334
1732904025386
1732904025416
1732904025430
1732904025473
1732904025510
1732904025525
1732904025540
1732904025558
1732904025611
1732904025643
1732904025656
1732904025686
1732904025733
1732904025756
1732904025773
1732904025789
1732904025831
1732904025869
1732904025884
1732904025923
1732904025961
1732904025974
1732904025987
1732904026011
1732904026049
1732904026081
1732904026104
1732904026139
1732904026177
1732904026197
1732904026206
1732904026232
1732904026269
1732904026302
1732904026330
1732904026351
1732904026407
1732904026413
1732904026430
1732904026444
1732904026490
1732904026521
1732904026544
1732904026567
1732904026626
1732904026634
1732904026654
1732904026669
1732904026715
1732904026738
1732904026754
1732904026786
1732904026829
1732904026844
1732904026859
1732904026876
1732904026924
1732904026947
1732904026965
1732904026995
1732904027038
1732904027056
1732904027077
1732904027091
1732904027133
1732904027164
1732904027180
1732904027209
1732904027255
1732904027275
1732904027288
1732904027306
1732904027348
1732904027377
1732904027399
1732904027430
1732904027468
1732904027484
1732904027503
1732904027517
1732904027567
1732904027595
1732904027614
1732904027647
1732904027689
1732904027709
1732904027722
1732904027745
1732904027785
1732904027823
1732904027834
1732904027866
1732904027910
1732904027929
1732904027950
1732904027973
1732904028055
1732904028099
1732904028130
1732904028181
1732904028254
1732904028286
1732904028306
1732904028321
1732904028362
1732904028396
1732904028410
1732904028449
1732904028489
1732904028506
1732904028527
1732904028545
1732904028585
1732904028626
1732904028640
1732904028673
1732904028721
1732904028737
1732904028753
1732904028767
1732904028811
1732904028842
1732904028858
1732904028890
1732904028937
1732904028953
1732904028968
1732904028992
1732904029036
1732904029069
1732904029085
1732904029117
1732904029165
1732904029181
1732904029196
1732904029213
1732904029258
1732904029283
1732904029300
1732904029331
1732904029385
1732904029400
1732904029413
1732904029433
1732904029477
1732904029501
1732904029519
1732904029551
1732904029607
1732904029612
1732904029629
1732904029646
1732904029691
1732904029723
1732904029738
1732904029770
1732904029815
1732904029835
1732904029851
1732904029869
1732904029917
1732904029952
1732904029958
1732904029991
1732904030044
1732904030060
1732904030081
1732904030090
1732904030137
1732904030166
1732904030188
1732904030219
1732904030259
1732904030276
1732904030291
1732904030307
1732904030352
1732904030384
1732904030399
1732904030436
1732904030483
1732904030495
1732904030508
1732904030534
1732904030575
1732904030612
1732904030636
1732904030663
1732904030722
1732904030729
1732904030749
1732904030765
1732904030805
1732904030854
1732904030857
1732904030882
1732904030937
1732904030966
1732904030971
1732904030992
1732904031038
1732904031098
1732904031107
1732904031168
1732904031219
1732904031251
1732904031270
1732904031332
1732904031385
1732904031415
1732904031430
1732904031472
1732904031520
1732904031544
1732904031566
1732904031596
1732904031666
1732904031722
1732904031812
1732904031838
1732904031884
1732904031906
1732904031934
1732904031951
1732904032014
1732904032056
1732904032066
1732904032108
1732904032157
1732904032172
1732904032198
1732904032219
1732904032265
1732904032305
1732904032319
1732904032363
1732904032421
1732904032444
1732904032466
1732904032478
1732904032541
1732904032572
1732904032603
1732904032630
1732904032675
1732904032705
1732904032710
1732904032730
1732904032782
1732904032812
1732904032839
1732904032890
1732904032996
1732904033052
1732904033084
1732904033116
1732904033204
1732904033257
1732904033278
1732904033331
1732904033383
1732904033409
1732904033425
1732904033445
1732904033494
1732904033530
1732904033548
1732904033586
1732904033640
1732904033657
1732904033672
1732904033697
1732904033740
1732904033777
1732904033795
1732904033830
1732904033879
1732904033896
1732904033912
1732904033930
1732904033978
1732904034011
1732904034023
1732904034067
1732904034109
1732904034128
1732904034147
1732904034166
1732904034219
1732904034260
1732904034273
1732904034308
1732904034369
1732904034388
1732904034406
1732904034416
1732904034465
1732904034500
1732904034523
1732904034557
1732904034620
1732904034640
1732904034660
1732904034675
1732904034728
1732904034766
1732904034788
1732904034825
1732904034886
1732904034904
1732904034923
1732904034943
1732904034987
1732904035025
1732904035045
1732904035075
1732904035130
1732904035148
1732904035167
1732904035176
1732904035237
1732904035258
1732904035275
1732904035309
1732904035384
1732904035408
1732904035415
1732904035439
1732904035503
1732904035535
1732904035559
1732904035592
1732904035663
1732904035681
1732904035699
1732904035717
1732904035773
1732904035806
1732904035816
1732904035858
1732904035901
1732904035929
1732904035936
1732904035954
1732904036006
1732904036033
1732904036053
1732904036078
1732904036130
1732904036148
1732904036166
1732904036183
1732904036225
1732904036257
1732904036271
1732904036300
1732904036351
1732904036364
1732904036381
1732904036398
1732904036448
1732904036478
1732904036496
1732904036529
1732904036579
1732904036593
1732904036609
1732904036626
1732904036670
1732904036700
1732904036719
1732904036747
1732904036790
1732904036807
1732904036828
1732904036835
1732904036886
1732904036918
1732904036936
1732904036965
1732904037011
1732904037027
1732904037045
1732904037059
1732904037109
1732904037155
1732904037160
1732904037189
1732904037237
1732904037253
1732904037278
1732904037294
1732904037343
1732904037371
1732904037388
1732904037427
1732904037497
1732904037518
1732904037545
1732904037572
1732904037624
1732904037668
1732904037690
1732904037722
1732904037770
1732904037791
1732904037822
1732904037827
1732904037915
1732904037948
1732904037956
1732904037983
1732904038046
1732904038072
1732904038099
1732904038113
1732904038162
1732904038197
1732904038212
1732904038251
1732904038297
1732904038306
1732904038328
1732904038353
1732904038394
1732904038435
1732904038442
1732904038481
1732904038548
1732904038555
1732904038569
1732904038598
1732904038640
1732904038674
1732904038692
1732904038722
1732904038778
1732904038796
1732904038814
1732904038832
1732904038903
1732904038938
1732904038957
1732904038994
1732904039054
1732904039074
1732904039088
1732904039111
1732904039163
1732904039194
1732904039212
1732904039271
1732904039313
1732904039347
1732904039376
1732904039382
1732904039440
1732904039485
1732904039493
1732904039550
1732904039590
1732904039617
1732904039659
1732904039663
1732904039713
1732904039749
1732904039767
1732904039796
1732904039857
1732904039881
1732904039899
1732904039916
1732904039991
1732904040056
1732904040064
1732904040107
1732904040163
1732904040184
1732904040210
1732904040219
1732904040271
1732904040301
1732904040316
1732904040350
1732904040394
1732904040407
1732904040422
1732904040437
1732904040485
1732904040516
1732904040531
1732904040562
1732904040610
1732904040627
1732904040665
1732904040670
1732904040711
1732904040746
1732904040764
1732904040803
1732904040860
1732904040878
1732904040897
1732904040926
1732904040995
1732904041048
1732904041080
1732904041112
1732904041188
1732904041216
1732904041234
1732904041251
1732904041319
1732904041363
1732904041383
1732904041438
1732904041545
1732904041589
1732904041606
1732904041628
1732904041692
1732904041735
1732904041754
1732904041789
1732904041856
1732904041864
1732904041886
1732904041909
1732904041977
1732904041994
1732904042011
1732904042053
1732904042115
1732904042148
1732904042154
1732904042189
1732904042248
1732904042257
1732904042278
1732904042307
1732904042364
1732904042387
1732904042393
1732904042415
1732904042475
1732904042513
1732904042535
1732904042572
1732904042620
1732904042636
1732904042656
1732904042663
1732904042721
1732904042743
1732904042761
1732904042798
1732904042837
1732904042855
1732904042877
1732904042898
1732904042948
1732904043015
1732904043038
1732904043079
1732904043131
1732904043149
1732904043168
1732904043198
1732904043242
1732904043273
1732904043300
1732904043323
1732904043376
1732904043400
1732904043418
1732904043428
1732904043479
1732904043518
1732904043536
1732904043573
1732904043615
1732904043632
1732904043662
1732904043668
1732904043755
1732904043798
1732904043835
1732904043872
1732904043930
1732904043955
1732904043973
1732904043991
1732904044043
1732904044088
1732904044094
1732904044142
1732904044221
1732904044223
1732904044246
1732904044253
1732904044313
1732904044337
1732904044359
1732904044387
1732904044457
1732904044492
1732904044496
1732904044513
1732904044568
1732904044606
1732904044624
1732904044659
1732904044725
1732904044743
1732904044756
1732904044867
1732904044870
1732904045049
1732904045055
1732904045128
1732904045267
1732904045343
1732904045394
1732904045579
1732904045610
1732904045610
1732904045611
1732904045641
1732904045641
1732904045641
1732904045662
1732904045667
1732904045701
1732904045702
1732904045702
1732904045702
1732904045703
1732904045703
1732904045703
1732904045703
1732904045704
1732904045704
1732904045704
1732904045769
1732904045825
1732904045828
1732904045832
1732904045845
1732904045858
1732904045880
1732904045884
1732904045891
1732904045925
1732904045931
1732904045934
1732904045959
1732904045990
1732904046021
1732904046048
1732904046087
1732904046149
1732904046151
1732904046167
1732904046179
1732904046231
1732904046277
1732904046282
1732904046323
1732904046364
1732904046384
1732904046401
1732904046416
1732904046464
1732904046499
1732904046515
1732904046555
1732904046624
1732904046634
1732904046655
1732904046676
1732904046727
1732904046756
1732904046773
1732904046799
1732904046850
1732904046866
1732904046880
1732904046898
1732904046943
1732904046982
1732904047000
1732904047037
1732904047075
1732904047091
1732904047106
1732904047121
1732904047169
1732904047201
1732904047219
1732904047257
1732904047300
1732904047314
1732904047334
1732904047354
1732904047401
1732904047432
1732904047448
1732904047474
1732904047521
1732904047537
1732904047554
1732904047570
1732904047621
1732904047652
1732904047664
1732904047705
1732904047748
1732904047775
1732904047781
1732904047799
1732904047849
1732904047878
1732904047895
1732904047930
1732904048008
1732904048038
1732904048057
1732904048073
1732904048125
1732904048179
1732904048185
1732904048235
1732904048315
1732904048332
1732904048359
1732904048379
1732904048434
1732904048466
1732904048504
1732904048517
1732904048581
1732904048601
1732904048638
1732904048642
1732904048709
1732904048737
1732904048751
1732904048783
1732904048834
1732904048850
1732904048866
1732904048885
1732904048987
1732904049035
1732904049049
1732904049073
1732904049122
1732904049138
1732904049156
1732904049171
1732904049221
1732904049253
1732904049268
1732904049310
1732904049355
1732904049372
1732904049389
1732904049407
1732904049452
1732904049492
1732904049510
1732904049534
1732904049593
1732904049630
1732904049645
1732904049654
1732904049710
1732904049746
1732904049769
1732904049813
1732904049851
1732904049869
1732904049891
1732904049903
1732904049956
1732904049988
1732904050012
1732904050047
1732904050113
1732904050122
1732904050149
1732904050157
1732904050210
1732904050238
1732904050259
1732904050297
1732904050340
1732904050366
1732904050373
1732904050390
1732904050444
1732904050480
1732904050488
1732904050528
1732904050573
1732904050584
1732904050603
1732904050626
1732904050664
1732904050696
1732904050712
1732904050753
1732904050796
1732904050805
1732904050822
1732904050848
1732904050887
1732904050921
1732904050944
1732904050970
1732904051016
1732904051038
1732904051057
1732904051076
1732904051122
1732904051154
1732904051171
1732904051205
1732904051255
1732904051272
1732904051289
1732904051306
1732904051363
1732904051411
1732904051430
1732904051464
1732904051521
1732904051537
1732904051558
1732904051575
1732904051626
1732904051662
1732904051680
1732904051719
1732904051778
1732904051796
1732904051810
1732904051839
1732904051897
1732904051941
1732904051958
1732904052004
1732904052071
1732904052089
1732904052118
1732904052137
1732904052193
1732904052228
1732904052241
1732904052275
1732904052321
1732904052339
1732904052359
1732904052368
1732904052418
1732904052458
1732904052474
1732904052506
1732904052549
1732904052564
1732904052585
1732904052608
1732904052660
1732904052689
1732904052703
1732904052736
1732904052780
1732904052804
1732904052809
1732904052828
1732904052876
1732904052909
1732904052925
1732904052962
1732904053007
1732904053027
1732904053037
1732904053065
1732904053112
1732904053147
1732904053156
1732904053191
1732904053240
1732904053265
1732904053273
1732904053292
1732904053340
1732904053383
1732904053389
1732904053429
1732904053479
1732904053503
1732904053509
1732904053525
1732904053579
1732904053618
1732904053634
1732904053659
1732904053710
1732904053727
1732904053746
1732904053776
1732904053816
1732904053854
1732904053872
1732904053907
1732904053959
1732904053976
1732904053987
1732904054005
1732904054058
1732904054096
1732904054116
1732904054148
1732904054198
1732904054213
1732904054231
1732904054246
1732904054292
1732904054321
1732904054338
1732904054365
1732904054410
1732904054428
1732904054449
1732904054464
1732904054507
1732904054543
1732904054559
1732904054590
1732904054628
1732904054654
1732904054670
1732904054687
1732904054738
1732904054770
1732904054805
1732904054842
1732904054919
1732904054949
1732904054978
1732904054996
1732904055073
1732904055109
1732904055128
1732904055165
1732904055228
1732904055251
1732904055270
1732904055291
1732904055361
1732904055409
1732904055421
1732904055466
1732904055539
1732904055554
1732904055580
1732904055602
1732904055669
1732904055710
1732904055746
1732904055777
1732904055834
1732904055844
1732904055860
1732904055880
1732904055948
1732904055987
1732904056005
1732904056042
1732904056120
1732904056127
1732904056145
1732904056169
1732904056215
1732904056252
1732904056274
1732904056311
1732904056375
1732904056400
1732904056421
1732904056449
1732904056502
1732904056551
1732904056564
1732904056608
1732904056691
1732904056697
1732904056714
1732904056731
1732904056808
1732904056833
1732904056852
1732904056892
1732904056953
1732904056970
1732904056988
1732904057018
1732904057072
1732904057127
1732904057139
1732904057179
1732904057239
1732904057260
1732904057280
1732904057313
1732904057370
1732904057427
1732904057441
1732904057484
1732904057561
1732904057581
1732904057599
1732904057627
1732904057697
1732904057730
1732904057751
1732904057802
1732904057896
1732904057931
1732904057972
1732904058013
1732904058105
1732904058185
1732904058224
1732904058297
1732904058360
1732904058381
1732904058412
1732904058432
1732904058499
1732904058552
1732904058565
1732904058625
1732904058699
1732904058710
1732904058734
1732904058767
1732904058843
1732904058875
1732904058897
1732904058938
1732904058999
1732904059020
1732904059058
1732904059074
1732904059158
1732904059191
1732904059210
1732904059239
1732904059302
1732904059342
1732904059355
1732904059388
1732904059441
1732904059492
1732904059514
1732904059555
1732904059625
1732904059644
1732904059670
1732904059698
1732904059773
1732904059824
1732904059848
1732904059891
1732904059947
1732904059973
1732904059994
1732904060020
1732904060067
1732904060107
1732904060128
1732904060166
1732904060224
1732904060253
1732904060273
1732904060284
1732904060355
1732904060391
1732904060408
1732904060458
1732904060514
1732904060532
1732904060541
1732904060560
1732904060622
1732904060649
1732904060667
1732904060702
1732904060750
1732904060770
1732904060805
1732904060818
1732904060906
1732904060950
1732904060984
1732904061047
1732904061112
1732904061133
1732904061156
1732904061176
1732904061233
1732904061265
1732904061310
1732904061354
1732904061447
1732904061478
1732904061495
1732904061532
1732904061603
1732904061658
1732904061685
1732904061740
1732904061846
1732904061869
1732904061892
1732904061914
1732904062006
1732904062058
1732904062077
1732904062114
1732904062177
1732904062197
1732904062215
1732904062244
1732904062357
1732904062428
1732904062443
1732904062522
1732904062588
1732904062594
1732904062617
1732904062650
1732904062710
1732904062752
1732904062774
1732904062834
1732904062905
1732904062918
1732904062951
1732904062972
1732904063040
1732904063086
1732904063122
1732904063173
1732904063247
1732904063271
1732904063303
1732904063324
1732904063396
1732904063460
1732904063490
1732904063550
1732904063627
1732904063645
1732904063664
1732904063693
1732904063741
1732904063796
1732904063825
1732904063876
1732904063937
1732904063963
1732904063976
1732904063997
1732904064061
1732904064108
1732904064131
1732904064185
1732904064247
1732904064267
1732904064290
1732904064324
1732904064387
1732904064433
1732904064460
1732904064529
1732904064595
1732904064615
1732904064653
1732904064687
1732904064755
1732904064834
1732904064884
1732904064906
1732904064967
1732904065004
1732904065027
1732904065054
1732904065105
1732904065158
1732904065167
1732904065238
1732904065310
1732904065320
1732904065395
1732904065403
1732904065493
1732904065529
1732904065552
1732904065593
1732904065649
1732904065678
1732904065687
1732904065729
1732904065774
1732904065822
1732904065845
1732904065884
1732904065928
1732904065950
1732904065969
1732904065989
1732904066073
1732904066094
1732904066115
1732904066156
1732904066211
1732904066230
1732904066249
1732904066267
1732904066336
1732904066372
1732904066391
1732904066438
1732904066488
1732904066507
1732904066533
1732904066549
1732904066618
1732904066651
1732904066669
1732904066710
1732904066785
1732904066819
1732904066826
1732904066846
1732904066892
1732904066931
1732904066939
1732904066983
1732904067043
1732904067062
1732904067087
1732904067104
1732904067147
1732904067186
1732904067205
1732904067244
1732904067311
1732904067314
1732904067332
1732904067349
1732904067400
1732904067440
1732904067479
1732904067522
1732904067569
1732904067623
1732904067626
1732904067629
1732904067679
1732904067710
1732904067728
1732904067758
1732904067822
1732904067828
1732904067850
1732904067857
1732904067926
1732904067955
1732904067970
1732904068005
1732904068056
1732904068082
1732904068094
1732904068127
1732904068165
1732904068202
1732904068232
1732904068264
1732904068348
1732904068356
1732904068384
1732904068410
1732904068477
1732904068528
1732904068545
1732904068598
1732904068686
1732904068718
1732904068749
1732904068786
1732904068869
1732904068908
1732904068939
1732904068994
1732904069089
1732904069112
1732904069138
1732904069167
1732904069237
1732904069287
1732904069301
1732904069338
1732904069393
1732904069413
1732904069435
1732904069450
1732904069509
1732904069560
1732904069579
1732904069618
1732904069677
1732904069694
1732904069706
1732904069721
1732904069781
1732904069824
1732904069843
1732904069884
1732904069948
1732904069961
1732904069977
1732904070001
1732904070060
1732904070124
1732904070143
1732904070184
1732904070270
1732904070299
1732904070306
1732904070329
1732904070401
1732904070441
1732904070448
1732904070495
1732904070548
1732904070567
1732904070586
1732904070609
1732904070668
1732904070710
1732904070731
1732904070767
1732904070827
1732904070837
1732904070863
1732904070870
1732904070929
1732904070953
1732904070969
1732904071000
1732904071055
1732904071066
1732904071081
1732904071098
1732904071233
1732904071334
1732904071380
1732904071426
1732904071479
1732904071500
1732904071522
1732904071547
1732904071622
1732904071677
1732904071724
1732904071793
1732904071873
1732904071897
1732904071916
1732904071933
1732904071977
1732904072012
1732904072035
1732904072070
1732904072130
1732904072139
1732904072164
1732904072183
1732904072241
1732904072279
1732904072297
1732904072338
1732904072399
1732904072425
1732904072439
1732904072461
1732904072527
1732904072569
1732904072593
1732904072626
1732904072724
1732904072735
1732904072741
1732904072778
1732904072836
1732904072898
1732904072937
1732904072979
1732904073045
1732904073069
1732904073095
1732904073130
1732904073179
1732904073216
1732904073265
1732904073299
1732904073394
1732904073417
1732904073422
1732904073431
1732904073501
1732904073532
1732904073589
1732904073618
1732904073670
1732904073695
1732904073722
1732904073766
1732904073804
1732904073845
1732904073883
1732904073926
1732904073984
1732904074010
1732904074032
1732904074058
1732904074138
1732904074170
1732904074195
1732904074241
1732904074307
1732904074330
1732904074358
1732904074373
1732904074432
1732904074478
1732904074492
1732904074532
1732904074604
1732904074609
1732904074630
1732904074645
1732904074709
1732904074744
1732904074763
1732904074801
1732904074873
1732904074893
1732904074910
1732904074950
1732904074980
1732904075026
1732904075041
1732904075086
1732904075143
1732904075174
1732904075181
1732904075207
1732904075254
1732904075317
1732904075321
1732904075368
1732904075417
1732904075446
1732904075461
1732904075476
1732904075540
1732904075578
1732904075616
1732904075644
1732904075708
1732904075725
1732904075757
1732904075769
1732904075855
1732904075888
1732904075907
1732904075951
1732904076004
1732904076022
1732904076038
1732904076058
1732904076119
1732904076150
1732904076173
1732904076230
1732904076273
1732904076294
1732904076318
1732904076335
1732904076404
1732904076433
1732904076450
1732904076507
1732904076550
1732904076577
1732904076602
1732904076608
1732904076677
1732904076733
1732904076737
1732904076776
1732904076852
1732904076879
1732904076884
1732904076913
1732904076966
1732904077019
1732904077036
1732904077072
1732904077131
1732904077143
1732904077168
1732904077189
1732904077251
1732904077287
1732904077308
1732904077362
1732904077404
1732904077426
1732904077451
1732904077463
1732904077521
1732904077554
1732904077579
1732904077641
1732904077689
1732904077705
1732904077741
1732904077762
1732904077809
1732904077842
1732904077865
1732904077931
1732904077975
1732904078031
1732904078033
1732904078055
1732904078126
1732904078179
1732904078184
1732904078211
1732904078293
1732904078309
1732904078319
1732904078337
1732904078391
1732904078429
1732904078451
1732904078501
1732904078553
1732904078576
1732904078604
1732904078623
1732904078675
1732904078714
1732904078738
1732904078775
1732904078835
1732904078849
1732904078876
1732904078897
1732904078949
1732904078998
1732904079016
1732904079052
1732904079118
1732904079147
1732904079163
1732904079180
1732904079233
1732904079292
1732904079308
1732904079359
1732904079400
1732904079423
1732904079442
1732904079462
1732904079526
1732904079563
1732904079581
1732904079627
1732904079690
1732904079709
1732904079723
1732904079749
1732904079807
1732904079847
1732904079860
1732904079898
1732904079962
1732904079972
1732904079995
1732904080011
1732904080082
1732904080117
1732904080141
