1732952100370
1732952118300
1732952118418
1732952118484
1732952118637
1732952118777
1732952118823
1732952118902
1732952118912
1732952119044
1732952119158
1732952119171
1732952119243
1732952119360
1732952119393
1732952119495
1732952119532
1732952119586
1732952119604
1732952119625
1732952119684
1732952119773
1732952119793
1732952119822
1732952119859
1732952119956
1732952119992
1732952120016
1732952120058
1732952120146
1732952120153
1732952120178
1732952120188
1732952120257
1732952120334
1732952120338
1732952120390
1732952120469
1732952120493
1732952120520
1732952120561
1732952120596
1732952120672
1732952120693
1732952120764
1732952120827
1732952120835
1732952120853
1732952120881
1732952120947
1732952120996
1732952121020
1732952121071
1732952121122
1732952121154
1732952121164
1732952121188
1732952121234
1732952121277
1732952121295
1732952121327
1732952121416
1732952121427
1732952121449
1732952121472
1732952121529
1732952121559
1732952121578
1732952121606
1732952121664
1732952121683
1732952121705
1732952121725
1732952121787
1732952121827
1732952121845
1732952121881
1732952121947
1732952121976
1732952122006
1732952122062
1732952122126
1732952122183
1732952122190
1732952122247
1732952122307
1732952122321
1732952122356
1732952122363
1732952122434
1732952122456
1732952122479
1732952122518
1732952122574
1732952122602
1732952122613
1732952122630
1732952122719
1732952122756
1732952122804
1732952122812
1732952122899
1732952122904
1732952122944
1732952122948
1732952122997
1732952123036
1732952123051
1732952123089
1732952123147
1732952123184
1732952123201
1732952123215
1732952123271
1732952123326
1732952123347
1732952123384
1732952123431
1732952123450
1732952123470
1732952123489
1732952123527
1732952123570
1732952123596
1732952123655
1732952123698
1732952123719
1732952123724
1732952123767
1732952123815
1732952123848
1732952123863
1732952123900
1732952123941
1732952123958
1732952123975
1732952123988
1732952124058
1732952124100
1732952124113
1732952124153
1732952124216
1732952124230
1732952124257
1732952124280
1732952124335
1732952124380
1732952124401
1732952124435
1732952124477
1732952124501
1732952124516
1732952124536
1732952124582
1732952124608
1732952124625
1732952124672
1732952124761
1732952124785
1732952124817
1732952124880
1732952124964
1732952124991
1732952125007
1732952125047
1732952125108
1732952125129
1732952125149
1732952125185
1732952125227
1732952125259
1732952125273
1732952125307
1732952125363
1732952125379
1732952125397
1732952125421
1732952125467
1732952125498
1732952125512
1732952125554
1732952125599
1732952125612
1732952125627
1732952125652
1732952125706
1732952125770
1732952125809
1732952125841
1732952125891
1732952125908
1732952125925
1732952125939
1732952125996
1732952126033
1732952126050
1732952126082
1732952126145
1732952126159
1732952126174
1732952126184
1732952126254
1732952126286
1732952126291
1732952126324
1732952126377
1732952126396
1732952126416
1732952126432
1732952126499
1732952126523
1732952126536
1732952126565
1732952126624
1732952126642
1732952126658
1732952126676
1732952126723
1732952126781
1732952126815
1732952126849
1732952126897
1732952126939
1732952126953
1732952126977
1732952127053
1732952127099
1732952127114
1732952127149
1732952127192
1732952127205
1732952127223
1732952127238
1732952127300
1732952127372
1732952127384
1732952127417
1732952127510
1732952127530
1732952127535
1732952127549
1732952127586
1732952127624
1732952127650
1732952127672
1732952127720
1732952127735
1732952127750
1732952127770
1732952127850
1732952127887
1732952127907
1732952127941
1732952127993
1732952128017
1732952128028
1732952128046
1732952128091
1732952128123
1732952128137
1732952128176
1732952128219
1732952128233
1732952128250
1732952128270
1732952128328
1732952128357
1732952128376
1732952128403
1732952128448
1732952128462
1732952128480
1732952128498
1732952128553
1732952128588
1732952128600
1732952128637
1732952128687
1732952128694
1732952128717
1732952128728
1732952128810
1732952128851
1732952128874
1732952128926
1732952128976
1732952129005
1732952129013
1732952129033
1732952129075
1732952129101
1732952129136
1732952129165
1732952129203
1732952129220
1732952129235
1732952129249
1732952129295
1732952129326
1732952129342
1732952129371
1732952129413
1732952129431
1732952129449
1732952129468
1732952129508
1732952129544
1732952129561
1732952129584
1732952129636
1732952129653
1732952129670
1732952129687
1732952129744
1732952129777
1732952129785
1732952129822
1732952129874
1732952129891
1732952129908
1732952129923
1732952129971
1732952129999
1732952130013
1732952130044
1732952130096
1732952130115
1732952130125
1732952130140
1732952130187
1732952130222
1732952130233
1732952130266
1732952130322
1732952130332
1732952130345
1732952130363
1732952130402
1732952130435
1732952130449
1732952130478
1732952130516
1732952130529
1732952130543
1732952130557
1732952130610
1732952130634
1732952130651
1732952130688
1732952130724
1732952130743
1732952130759
1732952130780
1732952130867
1732952130876
1732952130888
1732952130927
1732952130988
1732952131006
1732952131026
1732952131045
1732952131102
1732952131143
1732952131150
1732952131206
1732952131235
1732952131251
1732952131268
1732952131284
1732952131339
1732952131362
1732952131387
1732952131408
1732952131458
1732952131466
1732952131487
1732952131495
1732952131547
1732952131582
1732952131587
1732952131617
1732952131658
1732952131675
1732952131695
1732952131700
1732952131752
1732952131776
1732952131784
1732952131814
1732952131858
1732952131877
1732952131885
1732952131900
1732952131948
1732952131977
1732952131983
1732952132011
1732952132053
1732952132073
1732952132084
1732952132098
1732952132147
1732952132173
1732952132181
1732952132216
1732952132258
1732952132265
1732952132292
1732952132297
1732952132342
1732952132371
1732952132393
1732952132409
1732952132456
1732952132465
1732952132487
1732952132494
1732952132537
1732952132562
1732952132594
1732952132605
1732952132657
1732952132662
1732952132675
1732952132700
1732952132733
1732952132767
1732952132773
1732952132802
1732952132844
1732952132866
1732952132871
1732952132885
1732952132927
1732952132955
1732952132970
1732952132998
1732952133054
1732952133058
1732952133069
1732952133095
1732952133135
1732952133166
1732952133170
1732952133199
1732952133248
1732952133284
1732952133289
1732952133292
1732952133338
1732952133365
1732952133379
1732952133407
1732952133447
1732952133461
1732952133474
1732952133487
1732952133560
1732952133601
1732952133615
1732952133650
1732952133714
1732952133765
1732952133785
1732952133792
1732952133841
1732952133877
1732952133900
1732952133930
1732952133970
1732952133990
1732952133999
1732952134022
1732952134065
1732952134096
1732952134117
1732952134172
1732952134263
1732952134284
1732952134308
1732952134335
1732952134405
1732952134443
1732952134455
1732952134500
1732952134590
1732952134594
1732952134612
1732952134634
1732952134679
1732952134710
1732952134740
1732952134782
1732952134928
1732952134943
1732952134961
1732952134971
1732952135022
1732952135055
1732952135074
1732952135107
1732952135171
1732952135200
1732952135219
1732952135243
1732952135299
1732952135333
1732952135350
1732952135387
1732952135441
1732952135470
1732952135494
1732952135525
1732952135589
1732952135609
1732952135625
1732952135655
1732952135701
1732952135711
1732952135727
1732952135742
1732952135794
1732952135846
1732952135861
1732952135906
1732952135966
1732952135985
1732952136010
1732952136028
1732952136075
1732952136126
1732952136130
1732952136163
1732952136204
1732952136219
1732952136254
1732952136257
1732952136291
1732952136340
1732952136365
1732952136386
1732952136419
1732952136434
1732952136447
1732952136461
1732952136509
1732952136532
1732952136558
1732952136584
1732952136620
1732952136635
1732952136653
1732952136666
1732952136713
1732952136742
1732952136752
1732952136779
1732952136826
1732952136840
1732952136852
1732952136866
1732952136911
1732952136940
1732952136957
1732952136984
1732952137037
1732952137050
1732952137061
1732952137078
1732952137119
1732952137152
1732952137165
1732952137192
1732952137241
1732952137249
1732952137265
1732952137280
1732952137329
1732952137373
1732952137378
1732952137415
1732952137454
1732952137469
1732952137485
1732952137498
1732952137546
1732952137571
1732952137582
1732952137631
1732952137665
1732952137706
1732952137713
1732952137728
1732952137763
1732952137798
1732952137812
1732952137836
1732952137878
1732952137893
1732952137907
1732952137921
1732952137969
1732952137995
1732952138008
1732952138037
1732952138079
1732952138092
1732952138102
1732952138116
1732952138159
1732952138192
1732952138197
1732952138257
1732952138276
1732952138282
1732952138312
1732952138318
1732952138369
1732952138400
1732952138410
1732952138445
1732952138488
1732952138510
1732952138515
1732952138529
1732952138570
1732952138604
1732952138610
1732952138649
1732952138691
1732952138715
1732952138729
1732952138749
1732952138808
1732952138855
1732952138878
1732952138912
1732952138987
1732952139002
1732952139018
1732952139042
1732952139092
1732952139123
1732952139133
1732952139162
1732952139203
1732952139222
1732952139234
1732952139246
1732952139289
1732952139323
1732952139332
1732952139359
1732952139399
1732952139413
1732952139426
1732952139450
1732952139485
1732952139511
1732952139525
1732952139559
1732952139601
1732952139614
1732952139625
1732952139643
1732952139694
1732952139721
1732952139739
1732952139768
1732952139811
1732952139835
1732952139849
1732952139863
1732952139904
1732952139940
1732952139951
1732952139979
1732952140019
1732952140034
1732952140048
1732952140066
1732952140107
1732952140136
1732952140150
1732952140178
1732952140228
1732952140242
1732952140254
1732952140266
1732952140312
1732952140344
1732952140357
1732952140388
1732952140434
1732952140446
1732952140464
1732952140479
1732952140521
1732952140551
1732952140563
1732952140591
1732952140641
1732952140653
1732952140667
1732952140682
1732952140741
1732952140775
1732952140791
1732952140829
1732952140869
1732952140884
1732952140898
1732952140914
1732952140959
1732952140994
1732952141032
1732952141079
1732952141154
1732952141191
1732952141202
1732952141226
1732952141282
1732952141319
1732952141335
1732952141368
1732952141439
1732952141465
1732952141486
1732952141509
1732952141581
1732952141635
1732952141644
1732952141678
1732952141729
1732952141744
1732952141763
1732952141780
1732952141838
1732952141879
1732952141902
1732952141953
1732952141996
1732952142015
1732952142034
1732952142049
1732952142086
1732952142118
1732952142141
1732952142167
1732952142211
1732952142217
1732952142240
1732952142258
1732952142289
1732952142325
1732952142339
1732952142366
1732952142414
1732952142431
1732952142445
1732952142458
1732952142499
1732952142532
1732952142549
1732952142571
1732952142638
1732952142671
1732952142678
1732952142703
1732952142765
1732952142793
1732952142811
1732952142854
1732952142905
1732952142934
1732952142957
1732952142986
1732952143032
1732952143082
1732952143106
1732952143125
1732952143160
1732952143186
1732952143204
1732952143218
1732952143276
1732952143335
1732952143343
1732952143372
1732952143421
1732952143442
1732952143461
1732952143483
1732952143569
1732952143598
1732952143617
1732952143644
1732952143688
1732952143704
1732952143717
1732952143731
1732952143775
1732952143809
1732952143826
1732952143852
1732952143892
1732952143905
1732952143921
1732952143935
1732952143977
1732952144012
1732952144021
1732952144052
1732952144092
1732952144105
1732952144127
1732952144142
1732952144186
1732952144212
1732952144228
1732952144253
1732952144294
1732952144308
1732952144322
1732952144337
1732952144383
1732952144409
1732952144423
1732952144451
1732952144498
1732952144513
1732952144522
1732952144539
1732952144587
1732952144609
1732952144625
1732952144655
1732952144697
1732952144709
1732952144735
1732952144740
1732952144791
1732952144812
1732952144826
1732952144857
1732952144905
1732952144917
1732952144935
1732952144955
1732952144994
1732952145028
1732952145044
1732952145063
1732952145106
1732952145119
1732952145136
1732952145158
1732952145190
1732952145223
1732952145236
1732952145259
1732952145304
1732952145331
1732952145337
1732952145354
1732952145394
1732952145422
1732952145434
1732952145460
1732952145501
1732952145522
1732952145547
1732952145568
1732952145626
1732952145672
1732952145705
1732952145737
1732952145783
1732952145788
1732952145812
1732952145828
1732952145894
1732952145926
1732952145947
1732952145995
1732952146039
1732952146057
1732952146063
1732952146078
1732952146141
1732952146181
1732952146206
1732952146255
1732952146310
1732952146321
1732952146347
1732952146360
1732952146411
1732952146458
1732952146473
1732952146515
1732952146583
1732952146598
1732952146617
1732952146633
1732952146683
1732952146712
1732952146727
1732952146756
1732952146822
1732952146830
1732952146850
1732952146878
1732952146946
1732952146977
1732952146985
1732952147022
1732952147063
1732952147078
1732952147097
1732952147105
1732952147157
1732952147195
1732952147200
1732952147218
1732952147260
1732952147288
1732952147292
1732952147307
1732952147368
1732952147409
1732952147445
1732952147485
1732952147520
1732952147546
1732952147552
1732952147576
1732952147632
1732952147669
1732952147697
1732952147746
1732952147805
1732952147811
1732952147822
1732952147847
1732952147894
1732952147928
1732952147936
1732952147970
1732952148041
1732952148048
1732952148083
1732952148115
1732952148163
1732952148191
1732952148222
1732952148247
1732952148350
1732952148367
1732952148407
1732952148417
1732952148502
1732952148550
1732952148587
1732952148628
1732952148692
1732952148718
1732952148729
1732952148758
1732952148802
1732952148849
1732952148860
1732952148914
1732952148964
1732952148988
1732952149008
1732952149043
1732952149122
1732952149170
1732952149188
1732952149262
1732952149362
1732952149390
1732952149418
1732952149457
1732952149495
1732952149546
1732952149565
1732952149605
1732952149675
1732952149694
1732952149723
1732952149739
1732952149787
1732952149830
1732952149860
1732952149894
1732952149941
1732952149964
1732952149978
1732952150011
1732952150065
1732952150109
1732952150132
1732952150187
1732952150295
1732952150360
1732952150372
1732952150399
1732952150507
1732952150575
1732952150590
1732952150638
1732952150731
1732952150765
1732952150788
1732952150807
1732952150873
1732952150911
1732952150916
1732952150955
1732952151009
1732952151030
1732952151055
1732952151059
1732952151119
1732952151150
1732952151170
1732952151208
1732952151299
1732952151322
1732952151335
1732952151355
1732952151415
1732952151455
1732952151473
1732952151551
1732952151606
1732952151610
1732952151621
1732952151633
1732952151735
1732952151767
1732952151792
1732952151840
1732952151896
1732952151907
1732952151927
1732952151941
1732952151993
1732952152063
1732952152087
1732952152155
1732952152226
1732952152232
1732952152257
1732952152273
1732952152331
1732952152360
1732952152383
1732952152428
1732952152481
1732952152502
1732952152525
1732952152554
1732952152640
1732952152697
1732952152712
1732952152765
1732952152827
1732952152839
1732952152859
1732952152885
1732952152954
1732952152986
1732952153000
1732952153038
1732952153111
1732952153115
1732952153122
1732952153148
1732952153199
1732952153210
1732952153237
1732952153254
1732952153305
1732952153327
1732952153340
1732952153368
1732952153402
1732952153426
1732952153443
1732952153472
1732952153528
1732952153545
1732952153553
1732952153570
1732952153635
1732952153669
1732952153698
1732952153725
1732952153767
1732952153784
1732952153806
1732952153829
1732952153901
1732952153937
1732952153959
1732952153987
1732952154040
1732952154065
1732952154070
1732952154091
1732952154135
1732952154165
1732952154181
1732952154207
1732952154254
1732952154268
1732952154284
1732952154299
1732952154342
1732952154378
1732952154398
1732952154417
1732952154461
1732952154477
1732952154494
1732952154512
1732952154548
1732952154577
1732952154598
1732952154650
1732952154692
1732952154705
1732952154716
1732952154732
1732952154789
1732952154818
1732952154830
1732952154873
1732952154914
1732952154930
1732952154948
1732952154963
1732952155004
1732952155041
1732952155064
1732952155127
1732952155192
1732952155200
1732952155230
1732952155248
1732952155291
1732952155324
1732952155343
1732952155414
1732952155465
1732952155477
1732952155492
1732952155515
1732952155559
1732952155589
1732952155599
1732952155638
1732952155701
1732952155722
1732952155760
1732952155790
1732952155868
1732952155900
1732952155905
1732952155936
1732952155988
1732952156008
1732952156026
1732952156044
1732952156108
1732952156129
1732952156147
1732952156179
1732952156231
1732952156244
1732952156255
1732952156279
1732952156327
1732952156348
1732952156370
1732952156400
1732952156431
1732952156456
1732952156461
1732952156485
1732952156555
1732952156585
1732952156596
1732952156657
1732952156707
1732952156735
1732952156745
1732952156775
1732952156812
1732952156837
1732952156865
1732952156874
1732952156915
1732952156937
1732952156943
1732952156969
1732952157002
1732952157038
1732952157049
1732952157080
1732952157125
1732952157145
1732952157151
1732952157175
1732952157213
1732952157246
1732952157275
1732952157304
1732952157340
1732952157351
1732952157371
1732952157395
1732952157428
1732952157457
1732952157465
1732952157494
1732952157547
1732952157552
1732952157574
1732952157580
1732952157623
1732952157653
1732952157676
1732952157706
1732952157748
1732952157752
1732952157775
1732952157782
1732952157821
1732952157866
1732952157870
1732952157897
1732952157936
1732952157957
1732952157963
1732952157984
1732952158021
1732952158064
1732952158088
1732952158120
1732952158196
1732952158214
1732952158224
1732952158253
1732952158297
1732952158340
1732952158363
1732952158387
1732952158435
1732952158457
1732952158473
1732952158487
1732952158532
1732952158559
1732952158573
1732952158605
1732952158648
1732952158661
1732952158675
1732952158689
1732952158733
1732952158781
1732952158796
1732952158842
1732952158923
1732952158944
1732952158954
1732952158979
1732952159019
1732952159048
1732952159077
1732952159105
1732952159145
1732952159157
1732952159180
1732952159211
1732952159267
1732952159301
1732952159325
1732952159357
1732952159409
1732952159423
1732952159435
1732952159449
1732952159497
1732952159529
1732952159544
1732952159575
1732952159624
1732952159642
1732952159657
1732952159674
1732952159722
1732952159750
1732952159764
1732952159794
1732952159869
1732952159887
1732952159926
1732952159956
1732952160059
1732952160109
1732952160145
1732952160254
1732952160333
1732952160357
1732952160389
1732952160417
1732952160493
1732952160538
1732952160551
1732952160607
1732952160663
1732952160695
1732952160715
1732952160728
1732952160791
1732952160839
1732952160857
1732952160921
1732952160987
1732952161005
1732952161029
1732952161074
1732952161149
1732952161234
1732952161252
1732952161308
1732952161374
1732952161393
1732952161423
1732952161437
1732952161519
1732952161559
1732952161586
1732952161696
1732952161708
1732952161755
1732952161759
1732952161775
1732952161852
1732952161932
1732952162001
1732952162024
1732952162124
1732952162154
1732952162177
1732952162222
1732952162279
1732952162344
1732952162367
1732952162417
1732952162476
1732952162497
1732952162516
1732952162535
1732952162619
1732952162654
1732952162693
1732952162726
1732952162795
1732952162818
1732952162841
1732952162871
1732952162941
1732952163001
1732952163043
1732952163124
1732952163194
1732952163232
1732952163237
1732952163256
1732952163329
1732952163364
1732952163395
1732952163440
1732952163535
1732952163545
1732952163569
1732952163593
1732952163656
1732952163701
1732952163726
1732952163775
1732952163853
1732952163872
1732952163880
1732952163913
1732952163974
1732952164024
1732952164051
1732952164097
1732952164164
1732952164190
1732952164223
1732952164251
1732952164342
1732952164393
1732952164415
1732952164466
1732952164541
1732952164557
1732952164578
1732952164613
1732952164687
1732952164725
1732952164755
1732952164812
1732952164880
1732952164898
1732952164923
1732952164943
1732952165013
1732952165068
1732952165086
1732952165135
1732952165209
1732952165239
1732952165258
1732952165282
1732952165360
1732952165405
1732952165426
1732952165474
1732952165600
1732952165616
1732952165644
1732952165663
1732952165721
1732952165771
1732952165799
1732952165858
1732952165930
1732952165959
1732952165982
1732952165993
1732952166062
1732952166117
1732952166142
1732952166186
1732952166262
1732952166304
1732952166309
1732952166353
1732952166406
1732952166444
1732952166480
1732952166537
1732952166598
1732952166635
1732952166666
1732952166715
1732952166779
1732952166866
1732952166892
1732952166956
1732952167107
1732952167114
1732952167147
1732952167168
1732952167268
1732952167300
1732952167331
1732952167378
1732952167458
1732952167478
1732952167500
1732952167533
1732952167591
1732952167641
1732952167665
1732952167737
1732952167888
1732952167930
1732952167945
1732952167972
1732952168040
1732952168100
1732952168111
1732952168160
1732952168228
1732952168271
1732952168277
1732952168299
1732952168414
1732952168473
1732952168508
1732952168544
1732952168636
1732952168647
1732952168669
1732952168695
1732952168796
1732952168867
1732952168891
1732952168953
1732952169046
1732952169085
1732952169104
1732952169141
1732952169228
1732952169275
1732952169297
1732952169355
1732952169427
1732952169447
1732952169472
1732952169496
1732952169571
1732952169622
1732952169652
1732952169710
1732952169827
1732952169851
1732952169859
1732952169882
1732952169962
1732952170002
1732952170033
1732952170082
1732952170163
1732952170188
1732952170214
1732952170241
1732952170324
1732952170366
1732952170395
1732952170448
1732952170529
1732952170547
1732952170569
1732952170598
1732952170678
1732952170733
1732952170743
1732952170784
1732952170860
1732952170879
1732952170904
1732952170939
1732952171009
1732952171037
1732952171082
1732952171108
1732952171171
1732952171210
1732952171225
1732952171247
1732952171321
1732952171356
1732952171387
1732952171437
1732952171509
1732952171530
1732952171556
1732952171577
1732952171652
1732952171731
1732952171774
1732952171840
1732952171935
1732952171964
1732952171969
1732952171996
1732952172067
1732952172105
1732952172135
1732952172183
1732952172250
1732952172270
1732952172300
1732952172332
1732952172411
1732952172484
1732952172506
1732952172574
1732952172652
1732952172672
1732952172705
1732952172730
1732952172810
1732952172839
1732952172886
1732952172914
1732952172982
1732952172990
1732952173019
1732952173045
1732952173126
1732952173153
1732952173182
1732952173220
1732952173295
1732952173315
1732952173340
1732952173357
1732952173427
1732952173468
1732952173494
1732952173549
1732952173624
1732952173641
1732952173662
1732952173674
1732952173719
1732952173755
1732952173762
1732952173794
1732952173840
1732952173856
1732952173871
1732952173891
1732952173945
1732952173990
1732952173995
1732952174018
1732952174069
1732952174086
1732952174109
1732952174120
1732952174169
1732952174200
1732952174211
1732952174245
1732952174299
1732952174319
1732952174338
1732952174345
1732952174402
1732952174427
1732952174440
1732952174476
1732952174517
1732952174534
1732952174549
1732952174570
1732952174618
1732952174656
1732952174673
1732952174708
1732952174764
1732952174786
1732952174807
1732952174825
1732952174895
1732952174924
1732952174948
1732952174977
1732952175029
1732952175041
1732952175059
1732952175094
1732952175137
1732952175178
1732952175190
1732952175248
1732952175277
1732952175295
1732952175314
1732952175333
1732952175391
1732952175424
1732952175442
1732952175476
1732952175520
1732952175538
1732952175558
1732952175569
1732952175615
1732952175640
1732952175662
1732952175685
1732952175739
1732952175747
1732952175767
1732952175784
1732952175841
1732952175879
1732952175901
1732952175934
1732952175983
1732952176005
1732952176018
1732952176035
1732952176083
1732952176112
1732952176126
1732952176157
1732952176202
1732952176215
1732952176234
1732952176249
1732952176298
1732952176330
1732952176347
1732952176384
1732952176446
1732952176472
1732952176484
1732952176504
1732952176559
1732952176599
1732952176612
1732952176647
1732952176719
1732952176725
1732952176746
1732952176767
1732952176816
1732952176861
1732952176875
1732952176908
1732952176965
1732952176994
1732952177009
1732952177022
1732952177109
1732952177121
1732952177142
1732952177183
1732952177228
1732952177244
1732952177259
1732952177281
1732952177333
1732952177370
1732952177392
1732952177432
1732952177489
1732952177509
1732952177529
1732952177558
1732952177607
1732952177645
1732952177671
1732952177700
1732952177756
1732952177782
1732952177790
1732952177805
1732952177856
1732952177901
1732952177922
1732952177952
1732952177995
1732952178007
1732952178030
1732952178057
1732952178100
1732952178138
1732952178153
1732952178182
1732952178248
1732952178255
1732952178273
1732952178295
1732952178356
1732952178411
1732952178434
1732952178478
1732952178552
1732952178560
1732952178592
1732952178600
1732952178656
1732952178688
1732952178707
1732952178755
1732952178798
1732952178819
1732952178843
1732952178853
1732952178923
1732952178955
1732952178980
1732952179029
1732952179077
1732952179095
1732952179107
1732952179134
1732952179184
1732952179216
1732952179236
1732952179260
1732952179310
1732952179328
1732952179348
1732952179361
1732952179418
1732952179443
1732952179464
1732952179498
1732952179550
1732952179557
1732952179579
1732952179585
1732952179638
1732952179673
1732952179712
1732952179745
1732952179809
1732952179827
1732952179853
1732952179887
1732952179938
1732952179969
1732952179998
1732952180020
1732952180072
1732952180090
1732952180126
1732952180142
1732952180191
1732952180226
1732952180245
1732952180270
1732952180359
1732952180368
1732952180390
1732952180395
1732952180435
1732952180464
1732952180488
1732952180522
1732952180557
1732952180574
1732952180597
1732952180605
1732952180655
1732952180685
1732952180704
1732952180729
1732952180777
1732952180803
1732952180808
1732952180823
1732952180876
1732952180907
1732952180913
1732952180942
1732952180990
1732952181012
1732952181026
1732952181041
1732952181081
1732952181121
1732952181135
1732952181163
1732952181205
1732952181232
1732952181251
1732952181256
1732952181304
1732952181361
1732952181366
1732952181392
1732952181439
1732952181455
1732952181470
1732952181484
1732952181537
1732952181582
1732952181590
1732952181641
1732952181687
1732952181696
1732952181715
1732952181733
1732952181783
1732952181815
1732952181820
1732952181849
1732952181897
1732952181909
1732952181935
1732952181941
1732952181994
1732952182018
1732952182043
1732952182073
1732952182114
1732952182134
1732952182161
1732952182170
1732952182243
1732952182262
1732952182279
1732952182326
1732952182371
1732952182402
1732952182409
1732952182433
1732952182488
1732952182524
1732952182538
1732952182574
1732952182629
1732952182659
1732952182688
1732952182705
1732952182750
1732952182786
1732952182827
1732952182870
1732952182912
1732952182929
1732952182961
1732952182977
1732952183033
1732952183072
1732952183099
1732952183140
1732952183183
1732952183209
1732952183240
1732952183249
1732952183297
1732952183337
1732952183355
1732952183389
1732952183455
1732952183465
1732952183491
1732952183532
1732952183565
1732952183597
1732952183614
1732952183657
1732952183711
1732952183727
1732952183740
1732952183758
1732952183816
1732952183853
1732952183874
1732952183922
1732952183966
1732952183989
1732952184001
1732952184026
1732952184073
1732952184132
1732952184137
1732952184182
1732952184214
1732952184230
1732952184263
1732952184282
1732952184332
1732952184369
1732952184386
1732952184435
1732952184496
1732952184509
1732952184527
1732952184567
1732952184619
1732952184644
1732952184666
1732952184701
1732952184764
1732952184775
1732952184795
1732952184820
1732952184882
1732952184925
1732952184933
1732952184982
1732952185038
1732952185051
1732952185069
1732952185095
1732952185134
1732952185168
1732952185186
1732952185224
1732952185281
1732952185295
1732952185332
1732952185339
1732952185389
1732952185434
1732952185440
1732952185472
1732952185528
1732952185544
1732952185560
1732952185584
1732952185631
1732952185683
1732952185694
1732952185732
1732952185799
1732952185804
1732952185818
1732952185842
1732952185885
1732952185935
1732952185939
1732952185979
1732952186046
1732952186053
1732952186076
1732952186115
1732952186145
1732952186183
1732952186206
1732952186239
1732952186288
1732952186303
1732952186326
1732952186345
1732952186406
1732952186434
1732952186456
1732952186496
1732952186544
1732952186562
1732952186589
1732952186600
1732952186659
1732952186692
1732952186711
1732952186745
1732952186797
1732952186817
1732952186828
1732952186852
1732952186935
1732952186972
1732952186976
1732952187018
1732952187062
1732952187079
1732952187112
1732952187117
1732952187184
1732952187219
1732952187237
1732952187274
1732952187329
1732952187347
1732952187372
1732952187393
1732952187441
1732952187477
1732952187505
1732952187531
1732952187586
1732952187604
1732952187624
1732952187643
1732952187697
1732952187743
1732952187758
1732952187791
1732952187845
1732952187879
1732952187897
1732952187925
1732952187974
1732952188018
1732952188023
1732952188055
1732952188115
1732952188133
1732952188154
1732952188175
1732952188227
1732952188264
1732952188285
1732952188325
1732952188395
1732952188406
1732952188432
1732952188454
1732952188522
1732952188550
1732952188582
1732952188613
1732952188669
1732952188689
1732952188708
1732952188727
1732952188790
1732952188830
1732952188859
1732952188891
1732952188953
1732952188976
1732952188996
1732952189020
1732952189080
1732952189115
1732952189126
1732952189182
1732952189227
1732952189242
1732952189263
1732952189287
1732952189353
1732952189397
1732952189418
1732952189456
1732952189512
1732952189536
1732952189554
1732952189576
1732952189643
1732952189673
1732952189695
1732952189741
1732952189797
1732952189816
1732952189844
1732952189862
1732952189930
1732952189975
1732952189992
1732952190049
1732952190123
1732952190142
1732952190156
1732952190173
1732952190259
1732952190292
1732952190298
1732952190351
1732952190418
1732952190438
1732952190458
1732952190480
1732952190554
1732952190603
1732952190616
1732952190653
1732952190712
1732952190731
1732952190753
1732952190767
1732952190831
1732952190876
1732952190898
1732952190935
1732952190991
1732952191020
1732952191052
1732952191057
1732952191119
1732952191159
1732952191190
1732952191229
1732952191281
1732952191320
1732952191324
1732952191347
1732952191416
1732952191459
1732952191478
1732952191518
1732952191584
1732952191612
1732952191637
1732952191658
1732952191717
1732952191752
1732952191769
1732952191809
1732952191872
1732952191887
1732952191906
1732952191914
1732952191972
1732952192014
1732952192029
1732952192067
1732952192119
1732952192138
1732952192155
1732952192182
1732952192230
1732952192290
1732952192299
1732952192334
1732952192389
1732952192414
1732952192430
1732952192445
1732952192519
1732952192543
1732952192562
1732952192597
1732952192666
1732952192673
1732952192701
1732952192709
1732952192770
1732952192802
1732952192822
1732952192859
1732952192915
1732952192935
1732952192958
1732952192980
1732952193040
1732952193062
1732952193081
1732952193119
1732952193180
1732952193199
1732952193213
1732952193237
1732952193298
1732952193373
1732952193384
1732952193434
1732952193493
1732952193498
1732952193532
1732952193543
1732952193604
1732952193648
1732952193667
1732952193723
1732952193787
1732952193814
1732952193820
1732952193846
1732952193911
1732952193961
1732952193980
1732952194057
1732952194104
1732952194114
1732952194138
1732952194157
1732952194218
1732952194258
1732952194283
1732952194326
1732952194422
1732952194427
1732952194453
1732952194468
1732952194533
1732952194582
1732952194596
1732952194643
1732952194700
1732952194725
1732952194748
1732952194773
1732952194850
1732952194882
1732952194913
1732952194955
1732952195025
1732952195044
1732952195067
1732952195085
1732952195156
1732952195187
1732952195209
1732952195255
1732952195323
1732952195347
1732952195367
1732952195404
1732952195482
1732952195510
1732952195543
1732952195577
1732952195636
1732952195666
1732952195683
1732952195719
1732952195790
1732952195830
1732952195850
1732952195892
1732952195953
1732952195972
1732952195990
1732952196022
1732952196078
1732952196103
1732952196124
1732952196167
1732952196229
1732952196263
1732952196274
1732952196303
1732952196359
1732952196404
1732952196421
1732952196454
1732952196505
1732952196528
1732952196545
1732952196568
1732952196627
