1732901314411
1732901350114
1732901351413
1732901351708
1732901351985
1732901352440
1732901352589
1732901352709
1732901352949
1732901353372
1732901353657
1732901353762
1732901354035
1732901354333
1732901354401
1732901354535
1732901354580
1732901354968
1732901355089
1732901355126
1732901355295
1732901355550
1732901355652
1732901355734
1732901355894
1732901356054
1732901356219
1732901356333
1732901356528
1732901356775
1732901356905
1732901357358
1732901357550
1732901357590
1732901357719
1732901357936
1732901358018
1732901358068
1732901358138
1732901358381
1732901358501
1732901358598
1732901358860
1732901359001
1732901359060
1732901359154
1732901359214
1732901359373
1732901359500
1732901359558
1732901359701
1732901359913
1732901360142
1732901360190
1732901360213
1732901360364
1732901360514
1732901360605
1732901360797
1732901361063
1732901361130
1732901361259
1732901361498
1732901361630
1732901361706
1732901361801
1732901361974
1732901362140
1732901362148
1732901362177
1732901362290
1732901362410
1732901362431
1732901362478
1732901362605
1732901362640
1732901362689
1732901362726
1732901362847
1732901362932
1732901363000
1732901363149
1732901363339
1732901363377
1732901363430
1732901363460
1732901363643
1732901363730
1732901363763
1732901363883
1732901364013
1732901364041
1732901364416
1732901364474
1732901364572
1732901364701
1732901364754
1732901364829
1732901364867
1732901365020
1732901365136
1732901365166
1732901365277
1732901365502
1732901365513
1732901365599
1732901365649
1732901365799
1732901365906
1732901365984
1732901366075
1732901366263
1732901366339
1732901366404
1732901366447
1732901366623
1732901366735
1732901366798
1732901366963
1732901367113
1732901367166
1732901367218
1732901367459
1732901367570
1732901367619
1732901367750
1732901367876
1732901367922
1732901367987
1732901368030
1732901368178
1732901368286
1732901368368
1732901368529
1732901368650
1732901368686
1732901368737
1732901368812
1732901369125
1732901369150
1732901369184
1732901369263
1732901369478
1732901369525
1732901369567
1732901369642
1732901369852
1732901369957
1732901370013
1732901370141
1732901370331
1732901370368
1732901370772
1732901370946
1732901371008
1732901371161
1732901371308
1732901371375
1732901371428
1732901371501
1732901371690
1732901371816
1732901371892
1732901372028
1732901372240
1732901372293
1732901372357
1732901372411
1732901372582
1732901372751
1732901372779
1732901372953
1732901373118
1732901373179
1732901373237
1732901373306
1732901373465
1732901373578
1732901373676
1732901373833
1732901374033
1732901374101
1732901374590
1732901374680
1732901374797
1732901375011
1732901375058
1732901375120
1732901375207
1732901375393
1732901375528
1732901375582
1732901375710
1732901375910
1732901375982
1732901376066
1732901376126
1732901376300
1732901376452
1732901376495
1732901376620
1732901376819
1732901376889
1732901376978
1732901377017
1732901377272
1732901377409
1732901377464
1732901377637
1732901377834
1732901377920
1732901377953
