1732901308717
1732901350079
1732901351281
1732901351580
1732901351996
1732901352447
1732901352591
1732901352695
1732901352939
1732901353341
1732901353697
1732901353740
1732901353989
1732901354314
1732901354388
1732901354497
1732901354561
1732901354880
1732901355004
1732901355088
1732901355278
1732901355592
1732901355715
1732901355740
1732901355846
1732901356060
1732901356205
1732901356298
1732901356500
1732901356814
1732901356967
1732901357373
1732901357524
1732901357582
1732901357780
1732901357967
1732901358011
1732901358091
1732901358155
1732901358395
1732901358562
1732901358582
1732901358742
1732901359004
1732901359060
1732901359110
1732901359183
1732901359389
1732901359498
1732901359555
1732901359685
1732901359937
1732901359996
1732901360057
1732901360124
1732901360326
1732901360511
1732901360596
1732901360862
1732901361083
1732901361149
1732901361227
1732901361521
1732901361621
1732901361688
1732901361784
1732901361949
1732901362016
1732901362079
1732901362132
1732901362259
1732901362352
1732901362393
1732901362463
1732901362599
1732901362640
1732901362687
1732901362729
1732901362855
1732901362927
1732901362988
1732901363142
1732901363313
1732901363374
1732901363431
1732901363477
1732901363626
1732901363730
1732901363767
1732901363853
1732901364008
1732901364038
1732901364409
1732901364471
1732901364565
1732901364695
1732901364751
1732901364810
1732901364863
1732901365015
1732901365117
1732901365174
1732901365323
1732901365501
1732901365523
1732901365584
1732901365633
1732901365802
1732901365902
1732901365972
1732901366069
1732901366281
1732901366368
1732901366437
1732901366460
1732901366656
1732901366731
1732901366789
1732901366953
1732901367096
1732901367156
1732901367213
1732901367454
1732901367606
1732901367617
1732901367715
1732901367868
1732901367916
1732901367973
1732901368053
1732901368183
1732901368360
1732901368430
1732901368488
1732901368636
1732901368708
1732901368726
1732901368764
1732901368930
1732901369138
1732901369176
1732901369268
1732901369490
1732901369506
1732901369573
1732901369630
1732901369825
1732901369951
1732901370011
1732901370156
1732901370300
1732901370357
1732901370765
1732901370926
1732901370999
1732901371115
1732901371312
1732901371359
1732901371412
1732901371478
1732901371690
1732901371811
1732901371875
1732901372014
1732901372193
1732901372271
1732901372332
1732901372380
1732901372571
1732901372698
1732901372797
1732901372917
1732901373092
1732901373176
1732901373236
1732901373297
1732901373463
1732901373577
1732901373661
1732901373828
1732901374031
1732901374082
1732901374609
1732901374660
1732901374831
1732901374994
1732901375053
1732901375115
1732901375216
1732901375389
1732901375522
1732901375579
1732901375702
1732901375901
1732901375967
1732901376048
1732901376120
1732901376295
1732901376431
1732901376504
1732901376612
1732901376819
1732901376872
1732901376949
1732901377022
1732901377264
1732901377421
1732901377526
1732901377611
1732901377803
1732901377874
1732901377950
