1732909087037
1732909103304
1732909103654
1732909103859
1732909104581
1732909104890
1732909105058
1732909105545
1732909105592
1732909105778
1732909105905
1732909105945
1732909106045
1732909106191
1732909106237
1732909106300
1732909106360
1732909106528
1732909106604
1732909106653
1732909106724
1732909106900
1732909106933
1732909107004
1732909107048
1732909107154
1732909107243
1732909107285
1732909107367
1732909107485
1732909107543
1732909107582
1732909107604
1732909107721
1732909107799
1732909107836
1732909107941
1732909108075
1732909108109
1732909108177
1732909108202
1732909108342
1732909108410
1732909108459
1732909108518
1732909108630
1732909108656
1732909108712
1732909108735
1732909108878
1732909108954
1732909109001
1732909109059
1732909109170
1732909109192
1732909109248
1732909109261
1732909109364
1732909109444
1732909109518
1732909109588
1732909109668
1732909109708
1732909109732
1732909109768
1732909109865
1732909109969
1732909110012
1732909110070
1732909110175
1732909110203
1732909110284
1732909110312
1732909110395
1732909110485
1732909110520
1732909110574
1732909110729
1732909110782
1732909110806
1732909110829
1732909110923
1732909111019
1732909111040
1732909111073
1732909111153
1732909111164
1732909111220
1732909111260
1732909111340
1732909111385
1732909111424
1732909111488
1732909111590
1732909111653
1732909111685
1732909111714
1732909111867
1732909111924
1732909111949
1732909112024
1732909112131
1732909112169
1732909112206
1732909112248
1732909112368
1732909112452
1732909112488
1732909112563
1732909112691
1732909112723
1732909112751
1732909112785
1732909112941
1732909113008
1732909113042
1732909113117
1732909113236
1732909113301
1732909113377
1732909113396
1732909113658
1732909113756
1732909113815
1732909113951
1732909114058
1732909114090
1732909114122
1732909114174
1732909114278
1732909114358
1732909114399
1732909114485
1732909114631
1732909114632
1732909114670
1732909114713
1732909114806
1732909114881
1732909114916
1732909115013
1732909115125
1732909115155
1732909115199
1732909115221
1732909115336
1732909115377
1732909115413
1732909115553
1732909115675
1732909115700
1732909115730
1732909115732
1732909115828
1732909115867
1732909115882
1732909115923
1732909116028
1732909116064
1732909116110
1732909116123
1732909116237
1732909116300
1732909116351
1732909116439
1732909116565
1732909116627
1732909116655
1732909116697
1732909116825
1732909116861
1732909116894
1732909116961
1732909117025
1732909117046
1732909117076
1732909117118
1732909117202
1732909117297
1732909117334
1732909117398
1732909117569
1732909117625
1732909117677
1732909117719
1732909117843
1732909117965
1732909117983
1732909118076
1732909118210
1732909118245
1732909118298
1732909118336
1732909118484
1732909118578
1732909118622
1732909118746
1732909118904
1732909118959
1732909119006
1732909119059
1732909119127
1732909119224
1732909119269
1732909119337
1732909119425
1732909119465
1732909119491
1732909119535
1732909119671
1732909119731
1732909119759
1732909119821
1732909119933
1732909119961
1732909119980
1732909120026
1732909120108
1732909120179
1732909120205
1732909120280
1732909120356
1732909120384
1732909120428
1732909120446
1732909120614
1732909120757
1732909120850
1732909120964
1732909121058
1732909121096
1732909121139
1732909121190
1732909121308
1732909121381
1732909121419
1732909121469
1732909121603
1732909121657
1732909121699
1732909121762
1732909121853
1732909121980
1732909122075
1732909122176
1732909122315
1732909122334
1732909122402
1732909122434
1732909122565
1732909122608
1732909122655
1732909122722
1732909122885
1732909122952
1732909122999
1732909123027
1732909123118
1732909123220
1732909123254
1732909123353
1732909123453
1732909123510
1732909123535
1732909123571
1732909123801
1732909123846
1732909123906
1732909123972
1732909124094
1732909124142
1732909124182
1732909124250
1732909124397
1732909124460
1732909124519
1732909124596
1732909124774
1732909124846
1732909124895
1732909124927
1732909125107
1732909125247
1732909125282
1732909125333
1732909125543
1732909125643
1732909125674
1732909125736
1732909125942
1732909126066
1732909126217
1732909126318
1732909126532
1732909126623
1732909126666
1732909126715
1732909126831
1732909126934
1732909126998
1732909127056
1732909127123
1732909127155
1732909127211
1732909127249
1732909127360
1732909127464
1732909127499
1732909127566
1732909127688
1732909127732
1732909127781
1732909127812
1732909127922
1732909128014
1732909128048
1732909128106
1732909128249
1732909128284
1732909128341
1732909128369
1732909128462
1732909128513
1732909128572
1732909128621
1732909128718
1732909128747
1732909128794
1732909128829
1732909128950
1732909128988
1732909129018
1732909129098
1732909129206
1732909129243
1732909129279
1732909129300
1732909129445
1732909129524
1732909129570
1732909129688
1732909129829
1732909129836
1732909129860
1732909129898
1732909130003
1732909130079
1732909130105
1732909130187
1732909130303
1732909130339
1732909130373
1732909130418
1732909130530
1732909130587
1732909130622
1732909130695
1732909130787
1732909130839
1732909130870
1732909130901
1732909131001
1732909131065
1732909131088
1732909131169
1732909131265
1732909131312
1732909131335
1732909131368
1732909131486
1732909131551
1732909131583
1732909131648
1732909131754
1732909131792
1732909131820
1732909131867
1732909131952
1732909132021
1732909132069
1732909132120
1732909132229
1732909132254
1732909132294
1732909132327
1732909132435
1732909132496
1732909132533
1732909132590
1732909132691
1732909132722
1732909132774
1732909132809
1732909132910
1732909132969
1732909132996
1732909133071
1732909133203
1732909133215
1732909133255
1732909133313
1732909133447
1732909133493
1732909133544
1732909133626
1732909133795
1732909133846
1732909133915
1732909133951
1732909134042
1732909134123
1732909134173
1732909134238
1732909134374
1732909134461
1732909134468
1732909134519
1732909134721
1732909134758
1732909134808
1732909134880
1732909134985
1732909135031
1732909135055
1732909135108
1732909135220
1732909135284
1732909135313
1732909135368
1732909135482
1732909135520
1732909135555
1732909135584
1732909135723
1732909135794
1732909135815
1732909135905
1732909135995
1732909136039
1732909136099
1732909136146
1732909136409
1732909136512
1732909136549
1732909136620
1732909136750
1732909136818
1732909136847
1732909136884
1732909136985
1732909137100
1732909137123
1732909137202
1732909137340
1732909137371
1732909137414
1732909137470
1732909137652
1732909137709
1732909137743
1732909137821
1732909137965
1732909138014
1732909138088
1732909138145
1732909138364
1732909138458
1732909138506
1732909138661
1732909138829
1732909138880
1732909138911
1732909138968
1732909139074
1732909139183
1732909139226
1732909139320
1732909139417
1732909139444
1732909139479
1732909139527
1732909139649
1732909139740
1732909139779
1732909139865
1732909139962
1732909140009
1732909140072
1732909140160
1732909140287
1732909140400
1732909140497
1732909140667
1732909140901
1732909140970
1732909141041
1732909141104
1732909141301
1732909141415
1732909141485
1732909141611
1732909141854
1732909141959
1732909141984
1732909142036
1732909142251
1732909142353
1732909142438
1732909142581
1732909142735
1732909142811
1732909142849
1732909142924
1732909143086
1732909143240
1732909143273
1732909143439
1732909143680
1732909143750
1732909143835
1732909143923
1732909144046
1732909144149
1732909144201
1732909144339
1732909144427
1732909144470
1732909144510
1732909144579
1732909144683
1732909144737
1732909144806
1732909144896
1732909144992
1732909145038
1732909145070
1732909145129
1732909145264
1732909145369
1732909145406
1732909145480
1732909145585
1732909145631
1732909145672
1732909145714
1732909145828
1732909145900
1732909145946
1732909146018
1732909146120
1732909146170
1732909146213
1732909146281
1732909146361
1732909146463
1732909146509
1732909146651
1732909146794
1732909146829
1732909146868
1732909146926
1732909147036
1732909147114
1732909147141
1732909147226
1732909147375
1732909147421
1732909147464
1732909147514
1732909147631
1732909147713
1732909147777
1732909147874
1732909147997
1732909148044
1732909148098
1732909148129
1732909148268
1732909148358
1732909148419
1732909148492
1732909148573
1732909148609
1732909148663
1732909148709
1732909148817
1732909148907
1732909148941
1732909148993
1732909149118
1732909149182
1732909149208
1732909149246
1732909149357
1732909149434
1732909149477
1732909149545
1732909149653
1732909149698
1732909149730
1732909149768
1732909149853
1732909149933
1732909149978
1732909150044
1732909150160
1732909150200
1732909150269
1732909150285
1732909150364
1732909150464
1732909150518
1732909150592
1732909150675
1732909150719
1732909150783
1732909150838
1732909150923
1732909151006
1732909151041
1732909151113
1732909151209
1732909151276
1732909151285
1732909151323
1732909151434
1732909151556
1732909151631
1732909151690
1732909151779
1732909151826
1732909151860
1732909151911
1732909152041
1732909152077
1732909152111
1732909152184
1732909152335
1732909152348
1732909152358
1732909152422
1732909152523
1732909152583
1732909152638
1732909152717
1732909152878
1732909152902
1732909152928
1732909152974
1732909153087
1732909153181
1732909153208
1732909153334
1732909153429
1732909153478
1732909153508
1732909153570
1732909153705
1732909153817
1732909153869
1732909153972
1732909154097
1732909154153
1732909154203
1732909154258
1732909154389
1732909154469
1732909154514
1732909154596
1732909154715
1732909154751
1732909154836
1732909154852
1732909154964
1732909155063
1732909155100
1732909155165
1732909155286
1732909155352
1732909155370
1732909155413
1732909155528
1732909155599
1732909155661
1732909155712
1732909155846
1732909155946
1732909156011
1732909156037
1732909156224
1732909156322
1732909156374
1732909156464
1732909156583
1732909156628
1732909156671
1732909156728
1732909156817
1732909156914
1732909156955
1732909157047
1732909157176
1732909157219
1732909157266
1732909157345
1732909157476
1732909157548
1732909157583
1732909157681
1732909157811
1732909157857
1732909157925
1732909157984
1732909158125
1732909158164
1732909158229
1732909158288
1732909158381
1732909158435
1732909158483
1732909158514
1732909158629
1732909158704
1732909158755
1732909158822
1732909158928
1732909158960
1732909158996
1732909159032
1732909159159
1732909159213
1732909159252
1732909159336
1732909159521
1732909159565
1732909159594
1732909159628
1732909159798
1732909159877
1732909159920
1732909160008
1732909160121
1732909160131
1732909160164
1732909160210
1732909160323
1732909160416
1732909160428
1732909160506
1732909160625
1732909160694
1732909160739
1732909160787
1732909160879
1732909160967
1732909161002
1732909161071
1732909161186
1732909161217
1732909161247
1732909161285
1732909161407
1732909161463
1732909161496
1732909161583
1732909161720
1732909161748
1732909161796
1732909161824
1732909161944
1732909162025
1732909162092
1732909162150
1732909162266
1732909162292
1732909162324
1732909162361
1732909162479
1732909162572
1732909162622
1732909162709
1732909162898
1732909162904
1732909162927
1732909162987
1732909163121
1732909163192
1732909163233
1732909163342
1732909163484
1732909163531
1732909163610
1732909163686
1732909163895
1732909164091
1732909164123
1732909164196
1732909164360
1732909164409
1732909164502
1732909164573
1732909164705
1732909164779
1732909164848
1732909164957
1732909165065
1732909165124
1732909165196
1732909165227
1732909165379
1732909165476
1732909165527
1732909165638
1732909165809
1732909165835
1732909165878
1732909165929
1732909166114
1732909166191
1732909166253
1732909166369
1732909166617
1732909166634
1732909166662
1732909166733
1732909166966
1732909167065
1732909167131
1732909167242
1732909167385
1732909167427
1732909167473
1732909167528
1732909168836
1732909169294
1732909169632
1732909170387
1732909171757
1732909171894
1732909172018
1732909172025
1732909172270
1732909172390
1732909172428
1732909172450
1732909172546
1732909172580
1732909172599
1732909172602
1732909172649
1732909172685
1732909172686
1732909172713
1732909172756
1732909172762
1732909172771
1732909172795
1732909172953
1732909173083
1732909173095
1732909173157
1732909173322
1732909173356
1732909173393
1732909173449
1732909173672
1732909173843
1732909173856
1732909173977
1732909174248
1732909174321
1732909174398
1732909174486
1732909174691
1732909174805
1732909174860
1732909174934
1732909175039
1732909175141
1732909175165
1732909175234
1732909175378
1732909175467
1732909175529
1732909175645
1732909175804
1732909175840
1732909175975
1732909176075
1732909176248
1732909176372
1732909176434
1732909176534
1732909176724
1732909176755
1732909176803
1732909176848
1732909176996
1732909177087
1732909177161
1732909177247
1732909177421
1732909177461
1732909177508
1732909177547
1732909177707
1732909177786
1732909177826
1732909177951
1732909178078
1732909178116
1732909178178
1732909178249
1732909178416
1732909178681
1732909178750
1732909178875
1732909179048
1732909179120
1732909179150
1732909179201
1732909179388
1732909179542
1732909179595
1732909179694
1732909179858
1732909179939
1732909179964
1732909180061
1732909180317
1732909180481
1732909180539
1732909180908
1732909181521
1732909181677
1732909181867
1732909182110
1732909182537
1732909182948
1732909183032
1732909183279
1732909183548
1732909183608
1732909183714
1732909183837
1732909184118
1732909184246
1732909184320
1732909184449
1732909184675
1732909184731
1732909184781
1732909184869
1732909185001
1732909185152
1732909185215
1732909185315
1732909185486
1732909185523
1732909185618
1732909185679
1732909185814
1732909185923
1732909185983
1732909186103
1732909186308
1732909186328
1732909186380
1732909186439
1732909186623
1732909186735
1732909186785
1732909186906
1732909187039
1732909187095
1732909187187
1732909187233
1732909187365
1732909187469
1732909187502
1732909187622
1732909187802
1732909187834
1732909187869
1732909187912
1732909188056
1732909188148
1732909188182
1732909188297
1732909188447
1732909188527
1732909188559
1732909188634
1732909188806
1732909188895
1732909188981
1732909189034
1732909189216
1732909189278
1732909189339
1732909189511
1732909189603
1732909189772
1732909189824
1732909189980
1732909190142
1732909190180
1732909190221
1732909190266
1732909190410
1732909190522
1732909190548
1732909190656
1732909190815
1732909190868
1732909190914
1732909190964
1732909191116
1732909191197
1732909191277
1732909191432
1732909191564
1732909191611
1732909191656
1732909191701
1732909191848
1732909191947
1732909192004
1732909192097
1732909192245
1732909192287
1732909192344
1732909192413
1732909192590
1732909192676
1732909192718
1732909192820
1732909192978
1732909193040
1732909193106
1732909193144
1732909193331
1732909193476
1732909193531
1732909193658
1732909193805
1732909193840
1732909193891
1732909193926
1732909194081
1732909194181
1732909194250
1732909194381
1732909194519
1732909194640
1732909194693
1732909194790
1732909195070
1732909195304
1732909195374
1732909195551
1732909195822
1732909195951
1732909196088
1732909196142
1732909196379
1732909196489
1732909196560
1732909196671
1732909196817
1732909196923
1732909196944
1732909197009
1732909197160
1732909197281
1732909197353
1732909197461
1732909197571
1732909197611
1732909197658
1732909197703
1732909197843
1732909197938
1732909198006
1732909198099
1732909198283
1732909198292
1732909198357
1732909198385
1732909198554
1732909198604
1732909198656
1732909198758
1732909198913
1732909198945
1732909199054
1732909199061
1732909199212
1732909199313
1732909199366
1732909199479
1732909199612
1732909199661
1732909199709
1732909199754
1732909199908
1732909200001
1732909200049
1732909200178
1732909200313
1732909200362
1732909200414
1732909200473
1732909200623
1732909200719
1732909200766
1732909200893
1732909201055
1732909201124
1732909201173
1732909201217
1732909201437
1732909201514
1732909201547
1732909201627
1732909201766
1732909201812
1732909201853
1732909201905
1732909202048
1732909202130
1732909202179
1732909202303
1732909202424
1732909202461
1732909202500
1732909202555
1732909202699
1732909202826
1732909202882
1732909202978
1732909203121
1732909203163
1732909203225
1732909203257
1732909203428
1732909203536
1732909203596
1732909203673
1732909203843
1732909203863
1732909203900
1732909203947
1732909204095
1732909204191
1732909204240
1732909204324
1732909204464
1732909204496
1732909204578
1732909204593
1732909204764
1732909204827
1732909204858
1732909204989
1732909205104
1732909205139
1732909205169
1732909205255
1732909205354
1732909205429
1732909205476
1732909205565
1732909205720
1732909205739
1732909205793
1732909205833
1732909205986
1732909206056
1732909206101
1732909206182
1732909206336
1732909206399
1732909206440
1732909206497
1732909206673
1732909206746
1732909206785
1732909206876
1732909207030
1732909207063
1732909207096
1732909207142
1732909207342
1732909207425
1732909207458
1732909207569
1732909207764
1732909207804
1732909207861
1732909207918
1732909208094
1732909208181
1732909208235
1732909208339
1732909208467
1732909208494
1732909208527
1732909208576
1732909208746
1732909208802
1732909208847
1732909208927
1732909209063
1732909209100
1732909209164
1732909209186
1732909209309
1732909209425
1732909209460
1732909209531
1732909209663
1732909209728
1732909209763
1732909209818
1732909209969
1732909210050
1732909210086
1732909210175
1732909210308
1732909210354
1732909210395
1732909210464
1732909210586
1732909210685
1732909210708
1732909210795
1732909210943
1732909210962
1732909211015
1732909211051
1732909211194
1732909211260
1732909211315
1732909211434
1732909211544
1732909211609
1732909211627
1732909211669
1732909211800
1732909211902
1732909211978
1732909212057
1732909212200
1732909212259
1732909212279
1732909212336
1732909212502
1732909212593
1732909212643
1732909212722
1732909212870
1732909212923
1732909212958
1732909213030
1732909213174
1732909213238
1732909213259
1732909213361
1732909213464
1732909213503
1732909213549
1732909213584
1732909213726
1732909213792
1732909213854
1732909213931
1732909214060
1732909214084
1732909214144
1732909214192
1732909214286
1732909214377
1732909214402
1732909214479
1732909214613
1732909214646
1732909214677
1732909214718
1732909214846
1732909214923
1732909214955
1732909215058
1732909215174
1732909215206
1732909215251
1732909215308
1732909215418
1732909215522
1732909215554
1732909215651
1732909215761
1732909215813
1732909215835
1732909215871
1732909215991
1732909216095
1732909216144
1732909216197
1732909216333
1732909216393
1732909216422
1732909216455
1732909216643
1732909216760
1732909216769
1732909216878
1732909217043
1732909217085
1732909217122
1732909217194
1732909217305
1732909217423
1732909217505
1732909217613
1732909217769
1732909217821
1732909217873
1732909217901
1732909218034
1732909218104
1732909218153
1732909218225
1732909218345
1732909218378
1732909218438
1732909218471
1732909218595
1732909218668
1732909218702
1732909218786
1732909218917
1732909218937
1732909218979
1732909219033
1732909219122
1732909219223
1732909219248
1732909219361
1732909219521
1732909219593
1732909219649
1732909219731
1732909219930
1732909220007
1732909220082
1732909220193
1732909220364
1732909220390
1732909220454
1732909220492
1732909220654
1732909220784
1732909220819
1732909220911
1732909221119
1732909221185
1732909221216
1732909221243
1732909221382
1732909221474
1732909221554
1732909221677
1732909221782
1732909221862
1732909221871
1732909221935
1732909222074
1732909222169
1732909222230
1732909222317
1732909222447
1732909222499
1732909222566
1732909222598
1732909222779
1732909222852
1732909222897
1732909222986
1732909223136
1732909223211
1732909223248
1732909223283
1732909223438
1732909223515
1732909223555
1732909223652
1732909223777
1732909223802
1732909223826
1732909223867
1732909223985
1732909224087
1732909224117
1732909224194
1732909224317
1732909224345
1732909224391
1732909224437
1732909224589
1732909224695
1732909224748
1732909224825
1732909224934
1732909224987
1732909225018
1732909225064
1732909225193
1732909225262
1732909225308
1732909225383
1732909225535
1732909225574
1732909225598
1732909225633
1732909225755
1732909225837
1732909225870
1732909225949
1732909226066
1732909226108
1732909226153
1732909226194
1732909226351
1732909226483
1732909226531
1732909226614
1732909226748
1732909226788
1732909226813
1732909226863
1732909226979
1732909227057
1732909227099
1732909227167
1732909227299
1732909227354
1732909227375
1732909227425
1732909227539
1732909227626
1732909227657
1732909227743
1732909227873
1732909227904
1732909227936
1732909228004
1732909228134
1732909228200
1732909228237
1732909228329
1732909228440
1732909228517
1732909228537
1732909228583
1732909228752
1732909228832
1732909228911
1732909228968
1732909229087
1732909229135
1732909229173
1732909229221
1732909229348
1732909229415
1732909229468
1732909229565
1732909229659
1732909229713
1732909229778
1732909229818
1732909229984
1732909230088
1732909230121
1732909230202
1732909230315
1732909230365
1732909230425
1732909230435
1732909230823
1732909231757
1732909231841
1732909231891
1732909231981
1732909232011
1732909232035
1732909232071
1732909232171
1732909232212
1732909232259
1732909232316
1732909232511
1732909232563
1732909232647
1732909232732
1732909232860
1732909232978
1732909233019
1732909233116
1732909233308
1732909233361
1732909233433
1732909233509
1732909233623
1732909233732
1732909233805
1732909233879
1732909234044
1732909234122
1732909234147
1732909234189
1732909234447
1732909234603
1732909234637
1732909234727
1732909234898
1732909234942
1732909234997
1732909235075
1732909235222
1732909235348
1732909235398
1732909235497
1732909235696
1732909235745
1732909235810
1732909235845
1732909235988
1732909236104
1732909236146
1732909236255
1732909236433
1732909236486
1732909236532
1732909236594
1732909236735
1732909236900
1732909236949
1732909237054
1732909237270
1732909237334
1732909237413
1732909237471
1732909237639
1732909237729
1732909237798
1732909237884
1732909238031
1732909238095
1732909238158
1732909238205
1732909238365
1732909238456
1732909238508
1732909238601
1732909238777
1732909238822
1732909238877
1732909238930
1732909239170
1732909239276
1732909239346
1732909239474
1732909239721
1732909239825
1732909239856
1732909239916
1732909240042
1732909240128
1732909240159
1732909240248
1732909240367
1732909240407
1732909240452
1732909240486
1732909240624
1732909240691
1732909240743
1732909240811
1732909240923
1732909240974
1732909241005
1732909241039
1732909241155
1732909241243
1732909241298
1732909241336
1732909241483
1732909241520
1732909241586
1732909241630
1732909241762
1732909241924
1732909242031
1732909242092
1732909242215
1732909242230
1732909242276
1732909242318
1732909242453
1732909242526
1732909242563
1732909242647
1732909242759
1732909242822
1732909242911
1732909242933
1732909243051
1732909243126
1732909243155
1732909243237
1732909243351
1732909243394
1732909243434
1732909243478
1732909243605
1732909243683
1732909243729
1732909243818
1732909243924
1732909243960
1732909244027
1732909244067
1732909244162
1732909244236
1732909244272
1732909244355
1732909244464
1732909244493
1732909244529
1732909244577
1732909244709
1732909244780
1732909244837
1732909244914
1732909245035
1732909245062
1732909245130
1732909245167
1732909245288
1732909245382
1732909245412
1732909245506
1732909245635
1732909245674
1732909245704
1732909245757
1732909245884
1732909245960
1732909246025
1732909246090
1732909246204
1732909246244
1732909246289
1732909246328
1732909246444
1732909246551
1732909246568
1732909246638
1732909246758
1732909246790
1732909246830
1732909246897
1732909247053
1732909247099
1732909247126
1732909247215
1732909247351
1732909247390
1732909247437
1732909247476
1732909247599
1732909247684
1732909247729
1732909247819
1732909247975
1732909247996
1732909248022
1732909248076
1732909248194
1732909248294
1732909248317
1732909248414
1732909248539
1732909248581
1732909248610
1732909248658
1732909248800
1732909248875
1732909248910
1732909249019
1732909249115
1732909249191
1732909249213
1732909249226
1732909249384
1732909249454
1732909249522
1732909249629
1732909249828
1732909249855
1732909249915
1732909249943
1732909250063
1732909250136
1732909250185
1732909250261
1732909250386
1732909250442
1732909250487
1732909250512
1732909250656
1732909250719
1732909250769
1732909250831
1732909250960
1732909250989
1732909251027
1732909251074
1732909251220
1732909251292
1732909251334
1732909251396
1732909251504
1732909251549
1732909251589
1732909251608
1732909251754
1732909251858
1732909251889
1732909251976
1732909252130
1732909252160
1732909252221
1732909252254
1732909252353
1732909252439
1732909252474
1732909252578
1732909252747
1732909252749
1732909252767
1732909252799
1732909252912
1732909252992
1732909253026
1732909253150
1732909253260
1732909253289
1732909253311
1732909253364
1732909253486
1732909253552
1732909253605
1732909253724
1732909253822
1732909253862
1732909253890
1732909253956
1732909254064
1732909254131
1732909254172
1732909254256
1732909254358
1732909254415
1732909254455
1732909254487
1732909254614
1732909254714
1732909254741
1732909254859
1732909254961
1732909254996
1732909255038
1732909255083
1732909255197
1732909255271
1732909255325
1732909255390
1732909255508
1732909255540
1732909255572
1732909255624
1732909255763
1732909255828
1732909255883
1732909255941
1732909256083
1732909256106
1732909256146
1732909256182
1732909256306
1732909256382
1732909256433
1732909256509
1732909256635
1732909256667
1732909256698
1732909256745
1732909256872
1732909256967
1732909256999
1732909257094
1732909257201
1732909257254
1732909257288
1732909257324
1732909257458
1732909257527
1732909257580
1732909257674
1732909257778
1732909257843
1732909257876
1732909257899
1732909258006
1732909258114
1732909258149
1732909258221
1732909258339
1732909258375
1732909258419
1732909258466
1732909258580
1732909258664
1732909258724
1732909258804
1732909258911
1732909258957
1732909259001
1732909259055
1732909259153
1732909259244
1732909259274
1732909259372
1732909259515
1732909259544
1732909259566
1732909259606
1732909259728
1732909259801
1732909259835
1732909259929
1732909260063
1732909260101
1732909260138
1732909260178
1732909260314
1732909260377
1732909260409
1732909260495
1732909260608
1732909260666
1732909260696
1732909260727
1732909260867
1732909260955
1732909260976
1732909261056
1732909261171
1732909261209
1732909261262
1732909261305
1732909261466
1732909261556
1732909261591
1732909261718
1732909261832
1732909261897
1732909261924
1732909261953
1732909262067
1732909262176
1732909262234
1732909262324
1732909262507
1732909262535
1732909262587
1732909262623
1732909262795
1732909262837
1732909262860
1732909262939
1732909263069
1732909263117
1732909263163
1732909263200
1732909263306
1732909263392
1732909263424
1732909263496
1732909263632
1732909263664
1732909263704
1732909263741
1732909263867
1732909263959
1732909264003
1732909264076
1732909264215
1732909264313
1732909264384
1732909264421
1732909264544
1732909264630
1732909264685
1732909264746
1732909264860
1732909264926
1732909264946
1732909264994
1732909265118
1732909265203
1732909265235
1732909265328
1732909265428
1732909265462
1732909265512
1732909265534
1732909265651
1732909265746
1732909265774
1732909265865
1732909265986
1732909266024
1732909266044
1732909266114
1732909266236
1732909266314
1732909266347
1732909266431
1732909266552
1732909266620
1732909266725
1732909266754
1732909266845
1732909266905
1732909266938
1732909267033
1732909267141
1732909267176
1732909267210
1732909267263
1732909267352
1732909267437
1732909267469
1732909267589
1732909267677
1732909267712
1732909267752
1732909267827
1732909267943
1732909268004
1732909268035
1732909268115
1732909268254
1732909268276
1732909268304
1732909268371
1732909268461
1732909268549
1732909268624
1732909268793
1732909269091
1732909269146
1732909269220
1732909269305
1732909269538
1732909269664
1732909269698
1732909269758
1732909269891
1732909269938
1732909269979
1732909270021
1732909270157
1732909270221
1732909270282
1732909270364
1732909270472
1732909270516
1732909270604
1732909270644
1732909270934
1732909271072
1732909271149
1732909271264
1732909271456
1732909271505
1732909271540
1732909271586
1732909271750
1732909271841
1732909271890
1732909272010
1732909272137
1732909272200
1732909272250
1732909272329
1732909272493
1732909272574
1732909272636
1732909272755
1732909272927
1732909272968
1732909273059
1732909273106
1732909273277
1732909273365
1732909273418
1732909273559
1732909273644
1732909273698
1732909273753
1732909273804
1732909273935
1732909274069
1732909274090
1732909274204
1732909274357
1732909274389
1732909274444
1732909274484
1732909274629
1732909274723
1732909274768
1732909274935
1732909275111
1732909275158
1732909275222
1732909275258
1732909275413
1732909275518
1732909275565
1732909275659
1732909275785
1732909275878
1732909275907
1732909275966
1732909276139
1732909276212
1732909276278
1732909276392
1732909276545
1732909276602
1732909276627
1732909276674
1732909276804
1732909276924
1732909276963
1732909277057
1732909277198
1732909277257
1732909277314
1732909277396
1732909277502
1732909277666
1732909277733
1732909277840
1732909277984
1732909278034
1732909278071
1732909278120
1732909278288
1732909278400
1732909278465
1732909278544
1732909278693
1732909278758
1732909278800
1732909278853
1732909278997
1732909279107
1732909279146
1732909279255
1732909279382
1732909279466
1732909279555
1732909279644
1732909279867
1732909280016
1732909280105
1732909280235
1732909280362
1732909280417
1732909280470
1732909280530
1732909280706
1732909280814
1732909280871
1732909280958
1732909281133
1732909281152
1732909281214
1732909281248
1732909281385
1732909281515
1732909281569
1732909281659
1732909281785
1732909281833
1732909281886
1732909281913
1732909282051
1732909282152
1732909282258
1732909282351
1732909282529
1732909282573
1732909282608
1732909282666
1732909282787
1732909282883
1732909282948
1732909283064
1732909283304
1732909283334
1732909283391
1732909283433
1732909283576
1732909283677
1732909283744
1732909283849
1732909283984
1732909284042
1732909284092
1732909284131
1732909284286
1732909284359
1732909284405
1732909284496
1732909284621
1732909284677
1732909284717
1732909284784
1732909284950
1732909285030
1732909285074
1732909285120
1732909286172
1732909286205
1732909286221
1732909286252
1732909286324
1732909286325
1732909286325
1732909286361
1732909286362
1732909286363
1732909286363
1732909286364
1732909286392
1732909286433
1732909286576
1732909286610
1732909286749
1732909286809
1732909286816
1732909286842
1732909286911
1732909286937
1732909286981
1732909287048
1732909287188
1732909287227
1732909287285
1732909287320
1732909287460
1732909287578
1732909287600
1732909287688
1732909287851
1732909287894
1732909287954
1732909287989
1732909288099
1732909288204
1732909288225
1732909288372
1732909288455
1732909288534
1732909288567
1732909288616
1732909288712
1732909288775
1732909288807
1732909288867
1732909288960
1732909288990
1732909289044
1732909289075
1732909289183
1732909289243
1732909289287
1732909289368
1732909289502
1732909289538
1732909289605
1732909289638
1732909289736
1732909289818
1732909289848
1732909289944
1732909290053
1732909290073
1732909290103
1732909290137
1732909290234
1732909290322
1732909290348
1732909290416
1732909290510
1732909290539
1732909290584
1732909290606
1732909290702
1732909290764
1732909290793
1732909290864
1732909290967
1732909290998
1732909291029
1732909291059
1732909291195
1732909291260
1732909291292
1732909291365
1732909291459
1732909291494
1732909291529
1732909291580
1732909291809
1732909291905
1732909291976
1732909292030
1732909292199
1732909292286
1732909292303
1732909292327
1732909292446
1732909292511
1732909292561
1732909292611
1732909292727
1732909292764
1732909292797
1732909292881
1732909292958
1732909293009
1732909293041
1732909293126
1732909293247
1732909293293
1732909293327
1732909293337
1732909293441
1732909293509
1732909293554
1732909293638
1732909293805
1732909293815
1732909293853
1732909293893
1732909294040
1732909294116
1732909294159
1732909294223
1732909294337
1732909294360
1732909294412
1732909294421
1732909294526
1732909294592
1732909294623
1732909294694
1732909294771
1732909294824
1732909294853
1732909294884
1732909294976
1732909295036
1732909295057
1732909295143
1732909295211
1732909295252
1732909295301
1732909295310
1732909295415
1732909295470
1732909295500
1732909295564
1732909295656
1732909295689
1732909295742
1732909295760
1732909295884
1732909295952
1732909295986
1732909296063
1732909296172
1732909296181
1732909296214
1732909296253
1732909296346
1732909296406
1732909296436
1732909296499
1732909296588
1732909296619
1732909296672
1732909296706
1732909296832
1732909296903
1732909296946
1732909297021
1732909297127
1732909297175
1732909297209
1732909297252
1732909297372
1732909297442
1732909297493
1732909297545
1732909297711
1732909297725
1732909297755
1732909297763
1732909297868
1732909297920
1732909297965
1732909298028
1732909298139
1732909298184
1732909298216
1732909298247
1732909298390
1732909298429
1732909298487
1732909298578
1732909298693
1732909298744
1732909298757
1732909298795
1732909298916
1732909299002
1732909299018
1732909299103
1732909299234
1732909299254
1732909299296
1732909299336
1732909299463
1732909299523
1732909299566
1732909299654
1732909299767
1732909299807
1732909299848
1732909299899
1732909299998
1732909300077
1732909300103
1732909300183
1732909300317
1732909300352
1732909300375
1732909300403
1732909300514
1732909300595
1732909300629
1732909300750
1732909300873
1732909300909
1732909300916
1732909300960
1732909301271
1732909301405
1732909301509
1732909301609
1732909301777
1732909301848
1732909301941
1732909301966
1732909302153
1732909302209
1732909302258
1732909302388
1732909302555
1732909302598
1732909302643
1732909302693
1732909302829
1732909302900
1732909302951
1732909303045
1732909303197
1732909303239
1732909303293
1732909303313
1732909303443
1732909303515
1732909303572
1732909303659
1732909303785
1732909303828
1732909303939
1732909303943
1732909304128
1732909304213
1732909304240
1732909304326
1732909304671
1732909304744
1732909304783
1732909304834
1732909305082
1732909305182
1732909305252
1732909305446
1732909305628
1732909305705
1732909305785
1732909305803
1732909305957
1732909306059
1732909306106
1732909306248
1732909306370
1732909306405
1732909306468
1732909306545
1732909306664
1732909306766
1732909306917
1732909307113
1732909307185
1732909307234
1732909307295
1732909307359
1732909307664
1732909307680
1732909307737
1732909307865
1732909308043
1732909308096
1732909308161
1732909308207
1732909308357
1732909308437
1732909308494
1732909308583
1732909308749
1732909308833
1732909308848
1732909308927
1732909309063
1732909309132
1732909309168
1732909309298
1732909309378
1732909309415
1732909309447
1732909309493
1732909309719
1732909309807
1732909309867
