1732824345052
1732824362192
1732824362437
1732824362489
1732824362688
1732824362847
1732824362936
1732824362999
1732824363080
1732824363241
1732824363371
1732824363421
1732824363492
1732824363658
1732824363677
1732824363735
1732824363789
1732824363897
1732824363939
1732824363988
1732824364120
1732824364146
1732824364238
1732824364262
1732824364322
1732824364427
1732824364560
1732824364653
1732824364722
1732824364870
1732824364896
1732824364932
1732824364979
1732824365119
1732824365209
1732824365259
1732824365424
1732824365617
1732824365671
1732824365720
1732824365748
1732824365904
1732824365968
1732824366003
1732824366104
1732824366227
1732824366281
1732824366339
1732824366425
1732824366608
1732824366690
1732824366757
1732824366828
1732824366922
1732824366965
1732824366995
1732824367038
1732824367152
1732824367229
1732824367265
1732824367347
1732824367474
1732824367519
1732824367548
1732824367602
1732824367702
1732824367788
1732824367815
1732824367863
1732824367975
1732824368010
1732824368049
1732824368086
1732824368196
1732824368280
1732824368326
1732824368413
1732824368551
1732824368596
1732824368634
1732824368652
1732824368751
1732824368824
1732824368861
1732824368930
1732824369043
1732824369052
1732824369095
1732824369169
1732824369334
1732824369450
1732824369506
1732824369654
1732824369776
1732824369843
1732824369904
1732824369961
1732824370060
1732824370176
1732824370265
1732824370372
1732824370519
1732824370582
1732824370630
1732824370665
1732824370797
1732824370897
1732824370934
1732824371063
1732824371238
1732824371348
1732824371352
1732824371380
1732824371508
1732824371565
1732824371604
1732824371681
1732824371781
1732824371836
1732824371891
1732824371958
1732824372078
1732824372212
1732824372220
1732824372302
1732824372448
1732824372475
1732824372515
1732824372563
1732824372670
1732824372746
1732824372802
1732824372909
1732824373079
1732824373132
1732824373178
1732824373210
1732824373326
1732824373398
1732824373436
1732824373525
1732824373654
1732824373695
1732824373746
1732824373788
1732824373897
1732824373968
1732824374009
1732824374086
1732824374210
1732824374241
1732824374295
1732824374310
1732824374411
1732824374506
1732824374519
1732824374589
1732824374809
1732824374816
1732824374856
1732824374996
1732824375122
1732824375188
1732824375246
1732824375386
1732824375606
1732824375745
1732824375820
1732824375841
1732824375980
1732824376029
1732824376080
1732824376205
1732824376362
1732824376407
1732824376463
1732824376505
1732824376656
1732824376701
1732824376757
1732824376804
1732824376904
1732824376930
1732824376960
1732824377004
1732824377101
1732824377176
1732824377206
1732824377288
1732824377389
1732824377421
1732824377453
1732824377509
1732824377617
1732824377668
1732824377719
1732824377793
1732824377938
1732824377988
1732824378024
1732824378053
1732824378160
1732824378237
1732824378288
1732824378370
1732824378509
1732824378550
1732824378617
1732824378643
1732824378793
1732824378888
1732824378913
1732824378994
1732824379093
1732824379128
1732824379157
1732824379198
1732824379346
1732824379412
1732824379446
1732824379506
1732824379628
1732824379674
1732824379700
1732824379739
1732824379867
1732824379932
1732824379972
1732824380058
1732824380177
1732824380199
1732824380226
1732824380270
1732824380392
1732824380495
1732824380512
1732824380563
1732824380676
1732824380711
1732824380758
1732824380797
1732824380907
1732824380997
1732824381050
1732824381135
1732824381292
1732824381336
1732824381381
1732824381405
1732824381525
1732824381600
1732824381633
1732824381723
1732824381807
1732824381854
1732824381924
1732824381993
1732824382231
1732824382289
1732824382316
1732824382360
1732824382494
1732824382547
1732824382560
1732824382598
1732824382702
1732824382771
1732824382822
1732824382897
1732824383005
1732824383045
1732824383111
1732824383157
1732824383295
1732824383422
1732824383470
1732824383594
1732824383702
1732824383733
1732824383777
1732824383804
1732824383915
1732824384015
1732824384041
1732824384131
1732824384234
1732824384255
1732824384288
1732824384335
1732824384449
1732824384522
1732824384576
1732824384658
1732824384816
1732824384828
1732824384839
1732824384878
1732824384987
1732824385061
1732824385098
1732824385172
1732824385278
1732824385317
1732824385347
1732824385369
1732824385500
1732824385558
1732824385584
1732824385682
1732824385784
1732824385824
1732824385873
1732824385942
1732824386069
1732824386180
1732824386253
1732824386346
1732824386534
1732824386585
1732824386633
1732824386693
1732824386800
1732824386951
1732824386967
1732824387016
1732824387138
1732824387170
1732824387209
1732824387254
1732824387380
1732824387514
1732824387522
1732824387682
1732824387810
1732824387864
1732824387898
1732824387957
1732824388076
1732824388152
1732824388240
1732824388290
1732824388452
1732824388518
1732824388550
1732824388585
1732824388700
1732824388809
1732824388827
1732824388924
1732824389008
1732824389047
1732824389102
1732824389122
1732824389227
1732824389298
1732824389332
1732824389406
1732824389532
1732824389607
1732824389642
1732824389651
1732824389793
1732824389912
1732824389919
1732824389990
1732824390111
1732824390144
1732824390175
1732824390216
1732824390323
1732824390397
1732824390439
1732824390522
1732824390640
1732824390691
1732824390722
1732824390763
1732824390848
1732824390938
1732824391023
1732824391086
1732824391229
1732824391272
1732824391312
1732824391364
1732824391470
1732824391540
1732824391577
1732824391661
1732824391801
1732824391844
1732824391890
1732824391934
1732824392053
1732824392135
1732824392186
1732824392247
1732824392372
1732824392399
1732824392450
1732824392474
1732824392587
1732824392675
1732824392704
1732824392766
1732824392882
1732824392914
1732824392959
1732824392993
1732824393097
1732824393170
1732824393206
1732824393283
1732824393391
1732824393436
1732824393467
1732824393514
1732824393652
1732824393737
1732824393787
1732824393978
1732824394140
1732824394190
1732824394227
1732824394261
1732824394381
1732824394480
1732824394523
1732824394620
1732824394743
1732824394782
1732824394820
1732824394852
1732824394962
1732824395032
1732824395074
1732824395132
1732824395236
1732824395281
1732824395303
1732824395340
1732824395445
1732824395513
1732824395553
1732824395643
1732824395774
1732824395780
1732824395856
1732824395883
1732824396011
1732824396110
1732824396155
1732824396229
1732824396346
1732824396392
1732824396424
1732824396468
1732824396584
1732824396658
1732824396718
1732824396772
1732824396904
1732824396937
1732824396989
1732824397010
1732824397121
1732824397200
1732824397230
1732824397296
1732824397384
1732824397416
1732824397455
1732824397489
1732824397594
1732824397662
1732824397700
1732824397795
1732824397877
1732824397923
1732824397939
1732824397982
1732824398096
1732824398167
1732824398183
1732824398262
1732824398375
1732824398430
1732824398477
1732824398512
1732824398646
1732824398739
1732824398788
1732824398867
1732824398965
1732824399001
1732824399043
1732824399089
1732824399189
1732824399263
1732824399297
1732824399382
1732824399514
1732824399531
1732824399567
1732824399613
1732824399780
1732824399820
1732824399892
1732824399968
1732824400101
1732824400128
1732824400168
1732824400211
1732824400318
1732824400393
1732824400435
1732824400509
1732824400632
1732824400662
1732824400703
1732824400767
1732824400914
1732824400973
1732824401014
1732824401121
1732824401231
1732824401262
1732824401296
1732824401333
1732824401447
1732824401530
1732824401577
1732824401644
1732824401771
1732824401807
1732824401854
1732824401897
1732824402014
1732824402069
1732824402101
1732824402175
1732824402283
1732824402318
1732824402349
1732824402381
1732824402518
1732824402618
1732824402649
1732824402732
1732824402816
1732824402865
1732824402887
1732824402932
1732824403043
1732824403137
1732824403166
1732824403235
1732824403354
1732824403388
1732824403441
1732824403469
1732824403603
1732824403705
1732824403744
1732824403795
1732824403898
1732824403929
1732824403958
1732824404002
1732824404099
1732824404158
1732824404198
1732824404267
1732824404384
1732824404401
1732824404442
1732824404474
1732824404572
1732824404635
1732824404673
1732824404755
1732824404860
1732824404895
1732824404938
1732824404965
1732824405082
1732824405135
1732824405172
1732824405240
1732824405348
1732824405375
1732824405417
1732824405458
1732824405546
1732824405648
1732824405694
1732824405750
1732824405838
1732824405872
1732824405906
1732824405959
1732824406084
1732824406177
1732824406208
1732824406292
1732824406398
1732824406418
1732824406453
1732824406493
1732824406610
1732824406723
1732824406734
1732824406774
1732824406872
1732824406903
1732824406934
1732824406970
1732824407065
1732824407126
1732824407166
1732824407224
1732824407326
1732824407359
1732824407386
1732824407429
1732824407524
1732824407591
1732824407630
1732824407679
1732824407793
1732824407863
1732824407909
1732824407938
1732824408042
1732824408114
1732824408143
1732824408222
1732824408332
1732824408371
1732824408392
1732824408439
1732824408567
1732824408656
1732824408686
1732824408762
1732824408883
1732824408909
1732824408942
1732824408976
1732824409113
1732824409172
1732824409213
1732824409276
1732824409377
1732824409460
1732824409480
1732824409519
1732824409611
1732824409720
1732824409753
1732824409828
1732824409941
1732824409978
1732824410028
1732824410075
1732824410164
1732824410229
1732824410267
1732824410348
1732824410495
1732824410517
1732824410541
1732824410584
1732824410715
1732824410769
1732824410800
1732824410874
1732824410976
1732824411020
1732824411076
1732824411122
1732824411260
1732824411363
1732824411426
1732824411532
1732824411628
1732824411681
1732824411710
1732824411737
1732824411846
1732824411958
1732824412007
1732824412049
1732824412163
1732824412196
1732824412230
1732824412278
1732824412376
1732824412461
1732824412478
1732824412556
1732824412721
1732824412728
1732824412768
1732824412793
1732824412906
1732824412971
1732824413026
1732824413078
1732824413225
1732824413265
1732824413340
1732824413391
1732824413561
1732824413685
1732824413717
1732824413796
1732824413939
1732824413943
1732824413991
1732824414012
1732824414117
1732824414186
1732824414205
1732824414270
1732824414381
1732824414431
1732824414470
1732824414498
1732824414590
1732824414682
1732824414728
1732824414781
1732824414874
1732824414906
1732824414942
1732824414987
1732824415080
1732824415159
1732824415181
1732824415236
1732824415339
1732824415365
1732824415419
1732824415427
1732824415528
1732824415596
1732824415625
1732824415724
1732824415806
1732824415825
1732824415900
1732824415913
1732824416042
1732824416120
1732824416166
1732824416232
1732824416329
1732824416398
1732824416460
1732824416476
1732824416542
1732824416635
1732824416668
1732824416715
1732824416803
1732824416832
1732824416878
1732824416901
1732824417001
1732824417059
1732824417095
1732824417164
1732824417255
1732824417293
1732824417321
1732824417350
1732824417448
1732824417532
1732824417579
1732824417640
1732824417733
1732824417768
1732824417794
1732824417840
1732824417954
1732824418026
1732824418057
1732824418146
1732824418238
1732824418271
1732824418314
1732824418357
1732824418473
1732824418574
1732824418608
1732824418672
1732824418804
1732824418827
1732824418869
1732824418891
1732824419001
1732824419085
1732824419134
1732824419204
1732824419308
1732824419350
1732824419382
1732824419420
1732824419549
1732824419621
1732824419681
1732824419734
1732824419865
1732824419915
1732824419936
1732824419978
1732824420102
1732824420180
1732824420237
1732824420288
1732824420405
1732824420444
1732824420469
1732824420515
1732824420623
1732824420703
1732824420736
1732824420813
1732824420970
1732824420996
1732824421065
1732824421108
1732824421262
1732824421316
1732824421383
1732824421425
1732824421549
1732824421569
1732824421605
1732824421638
1732824421771
1732824421868
1732824421919
1732824422003
1732824422124
1732824422155
1732824422186
1732824422216
1732824422327
1732824422400
1732824422425
1732824422506
1732824422618
1732824422655
1732824422685
1732824422713
1732824422827
1732824422896
1732824422937
1732824423004
1732824423179
1732824423207
1732824423231
1732824423276
1732824423420
1732824423524
1732824423583
1732824423714
1732824423889
1732824423911
1732824423931
1732824423990
1732824424094
1732824424168
1732824424211
1732824424285
1732824424406
1732824424467
1732824424486
1732824424577
1732824424630
1732824424709
1732824424747
1732824424816
1732824424980
1732824425002
1732824425054
1732824425079
1732824425228
1732824425280
1732824425307
1732824425388
1732824425482
1732824425520
1732824425556
1732824425591
1732824425697
1732824425779
1732824425817
1732824425912
1732824425972
1732824426007
1732824426040
1732824426076
1732824426253
1732824426327
1732824426356
1732824426432
1732824426546
1732824426606
1732824426621
1732824426651
1732824426758
1732824426844
1732824426881
1732824426976
1732824427049
1732824427098
1732824427141
1732824427163
1732824427275
1732824427340
1732824427368
1732824427444
1732824427515
1732824427555
1732824427586
1732824427614
1732824427718
1732824427830
1732824427839
1732824427916
1732824428024
1732824428072
1732824428103
1732824428146
1732824428296
1732824428363
1732824428399
1732824428516
1732824428663
1732824428678
1732824428717
1732824428768
1732824428879
1732824428959
1732824428990
1732824429060
1732824429180
1732824429206
1732824429251
1732824429305
1732824429415
1732824429497
1732824429541
1732824429634
1732824429777
1732824429813
1732824429902
1732824429932
1732824430077
1732824430159
1732824430203
1732824430280
1732824430419
1732824430460
1732824430509
1732824430550
1732824430703
1732824430849
1732824430927
1732824431071
1732824431234
1732824431285
1732824431334
1732824431463
1732824431622
1732824431725
1732824431768
1732824431903
1732824432063
1732824432118
1732824432175
1732824432227
1732824432366
1732824432463
1732824432513
1732824432602
1732824432726
1732824432794
1732824432837
1732824432869
1732824432984
1732824433073
1732824433116
1732824433213
1732824433373
1732824433427
1732824433474
1732824433540
1732824433719
1732824433845
1732824433901
1732824434001
1732824434166
1732824434246
1732824434316
1732824434375
1732824434542
1732824434649
1732824434845
1732824434955
1732824435116
1732824435154
1732824435206
1732824435267
1732824435706
1732824435825
1732824435870
1732824436047
1732824436218
1732824436260
1732824436317
1732824436360
1732824436551
1732824436698
1732824436813
1732824436919
1732824437071
1732824437120
1732824437195
1732824437256
1732824437588
1732824437659
1732824437718
1732824437837
1732824437986
1732824438016
1732824438065
1732824438109
1732824438266
1732824438386
1732824438444
1732824438558
1732824438773
1732824438824
1732824438888
1732824438962
1732824439069
1732824439186
1732824439229
1732824439346
1732824439566
1732824439616
1732824439689
1732824439752
1732824439940
1732824440044
1732824440103
1732824440225
1732824440373
1732824440414
1732824440470
1732824440530
1732824440679
1732824440769
1732824440822
1732824440951
1732824441165
1732824441208
1732824441277
1732824441326
1732824441465
1732824441594
1732824441656
1732824441737
1732824441894
1732824441947
1732824441997
1732824442062
1732824442170
1732824442254
1732824442303
1732824442395
1732824442960
1732824443165
1732824443524
1732824443881
1732824444527
1732824445290
1732824445352
1732824445357
1732824445533
1732824445596
1732824445643
1732824445645
1732824445665
1732824445706
1732824445726
1732824445745
1732824445778
1732824445779
1732824445825
1732824445829
1732824445846
1732824445893
1732824445893
1732824445895
1732824445968
1732824445968
1732824445969
1732824445969
1732824446069
1732824446069
1732824446069
1732824446073
1732824446130
1732824446131
1732824446154
1732824446156
1732824446202
1732824446270
1732824446278
1732824446309
1732824446330
1732824446355
1732824446465
1732824446515
1732824446572
1732824446622
1732824446637
1732824446665
1732824446700
1732824446746
1732824446817
1732824446854
1732824447009
1732824447093
1732824447133
1732824447176
1732824447332
1732824447353
1732824447380
1732824447407
1732824447537
1732824447619
1732824447652
1732824447762
1732824447861
1732824447913
1732824447949
1732824448004
1732824448127
1732824448214
1732824448272
1732824448353
1732824448525
1732824448550
1732824448586
1732824448618
1732824448778
1732824448858
1732824448905
1732824448993
1732824449097
1732824449128
1732824449168
1732824449211
1732824449350
1732824449439
1732824449477
1732824449718
1732824449853
1732824449883
1732824449938
1732824449974
1732824450184
1732824450251
1732824450290
1732824450389
1732824450547
1732824450555
1732824450601
1732824450654
1732824450821
1732824450937
1732824451012
1732824451148
1732824451268
1732824451313
1732824451361
1732824451396
1732824451553
1732824451644
1732824451668
1732824451753
1732824451857
1732824451906
1732824451926
1732824452003
1732824452139
1732824452194
1732824452236
1732824452315
1732824452399
1732824452443
1732824452499
1732824452551
1732824452672
1732824452762
1732824452772
1732824452857
1732824452959
1732824453012
1732824453056
1732824453091
1732824453229
1732824453286
1732824453332
1732824453391
1732824453553
1732824453630
1732824453723
1732824453754
1732824453866
1732824453927
1732824453984
1732824454035
1732824454158
1732824454186
1732824454225
1732824454251
1732824454423
1732824454478
1732824454518
1732824454784
1732824454924
1732824454973
1732824455021
1732824455038
1732824455140
1732824455233
1732824455240
1732824455322
1732824455403
1732824455437
1732824455478
1732824455499
1732824455597
1732824455673
1732824455707
1732824455770
1732824455881
1732824455916
1732824455947
1732824455986
1732824456138
1732824456169
1732824456208
1732824456295
1732824456461
1732824456468
1732824456492
1732824456530
1732824456631
1732824456709
1732824456765
1732824456842
1732824456958
1732824456973
1732824457007
1732824457043
1732824457238
1732824457307
1732824457336
1732824457414
1732824457517
1732824457551
1732824457593
1732824457632
1732824457730
1732824457800
1732824457840
1732824457922
1732824458064
1732824458112
1732824458152
1732824458197
1732824458320
1732824458407
1732824458455
1732824458544
1732824458683
1732824458744
1732824458854
1732824458896
1732824458997
1732824459077
1732824459107
1732824459176
1732824459282
1732824459315
1732824459349
1732824459399
1732824459500
1732824459558
1732824459609
1732824459691
1732824459808
1732824459849
1732824459888
1732824459896
1732824460002
1732824460057
1732824460104
1732824460194
1732824460302
1732824460325
1732824460363
1732824460394
1732824460494
1732824460582
1732824460614
1732824460693
1732824460780
1732824460827
1732824460899
1732824460929
1732824461088
1732824461194
1732824461228
1732824461321
1732824461417
1732824461450
1732824461481
1732824461515
1732824461670
1732824461786
1732824461827
1732824461898
1732824462003
1732824462043
1732824462081
1732824462106
1732824462206
1732824462282
1732824462299
1732824462359
1732824462452
1732824462482
1732824462535
1732824462570
1732824462644
1732824462708
1732824462747
1732824462799
1732824462893
1732824462937
1732824462966
1732824463016
1732824463118
1732824463190
1732824463216
1732824463300
1732824463390
1732824463427
1732824463475
1732824463492
1732824463597
1732824463663
1732824463697
1732824463754
1732824463845
1732824463885
1732824463920
1732824463968
1732824464077
1732824464166
1732824464206
1732824464274
1732824464418
1732824464437
1732824464466
1732824464523
1732824464642
1732824464696
1732824464729
1732824464787
1732824464889
1732824464924
1732824464954
1732824464987
1732824465131
1732824465179
1732824465188
1732824465268
1732824465365
1732824465389
1732824465440
1732824465477
1732824465617
1732824465705
1732824465759
1732824465858
1732824465993
1732824466034
1732824466089
1732824466136
1732824466272
1732824466345
1732824466373
1732824466437
1732824466551
1732824466569
1732824466600
1732824466665
1732824466804
1732824466942
1732824466991
1732824467038
1732824467129
1732824467201
1732824467215
1732824467254
1732824467393
1732824467463
1732824467501
1732824467584
1732824467700
1732824467746
1732824467805
1732824467837
1732824467970
1732824468042
1732824468080
1732824468180
1732824468374
1732824468396
1732824468444
1732824468475
1732824468582
1732824468678
1732824468762
1732824468905
1732824469027
1732824469056
1732824469146
1732824469199
1732824469329
1732824469457
1732824469552
1732824469716
1732824469891
1732824469915
1732824469959
1732824469999
1732824470152
1732824470208
1732824470260
1732824470347
1732824470476
1732824470519
1732824470579
1732824470602
1732824470737
1732824470831
1732824470878
1732824470961
1732824471090
1732824471181
1732824471215
1732824471267
1732824471429
1732824471513
1732824471553
1732824471636
1732824471768
1732824471806
1732824471854
1732824471914
1732824472093
1732824472152
1732824472197
1732824472267
1732824472378
1732824472404
1732824472464
1732824472497
1732824472618
1732824472706
1732824472744
1732824472841
1732824472954
1732824472994
1732824473050
1732824473116
1732824473263
1732824473416
1732824473481
1732824473592
1732824473733
1732824473815
1732824473837
1732824473893
1732824474041
1732824474113
1732824474151
1732824474226
1732824474346
1732824474401
1732824474439
1732824474504
1732824474619
1732824474704
1732824474755
1732824474844
1732824474966
1732824474986
1732824475024
1732824475069
1732824475152
1732824475225
1732824475264
1732824475337
1732824475442
1732824475474
1732824475512
1732824475557
1732824475679
1732824475757
1732824475789
1732824475859
1732824475986
1732824476019
1732824476086
1732824476124
1732824476280
1732824476341
1732824476378
1732824476453
1732824476566
1732824476610
1732824476628
1732824476686
1732824476791
1732824476872
1732824476900
1732824476956
1732824477070
1732824477105
1732824477139
1732824477177
1732824477267
1732824477327
1732824477361
1732824477429
1732824477545
1732824477579
1732824477613
1732824477659
1732824477762
1732824477846
1732824477876
1732824477943
1732824478085
1732824478128
1732824478133
1732824478152
1732824478289
1732824478383
1732824478436
1732824478525
1732824478651
1732824478742
1732824478775
1732824478797
1732824478895
1732824478962
1732824479003
1732824479075
1732824479187
1732824479213
1732824479257
1732824479283
1732824479393
1732824479472
1732824479523
1732824479604
1732824479725
1732824479791
1732824479838
1732824479871
1732824480037
1732824480096
1732824480134
1732824480222
1732824480330
1732824480372
1732824480398
1732824480440
1732824480552
1732824480660
1732824480690
1732824480786
1732824480889
1732824480922
1732824481039
1732824481044
1732824481189
1732824481322
1732824481369
1732824481476
1732824481552
1732824481605
1732824481628
1732824481674
1732824481790
1732824481854
1732824481897
1732824482018
1732824482129
1732824482158
1732824482210
1732824482252
1732824482377
1732824482439
1732824482467
1732824482544
1732824482654
1732824482701
1732824482730
1732824482790
1732824482879
1732824482970
1732824483018
1732824483084
1732824483237
1732824483266
1732824483315
1732824483342
1732824483471
1732824483575
1732824483643
1732824483855
1732824483944
1732824483973
1732824484034
1732824484072
1732824484200
1732824484258
1732824484292
1732824484371
1732824484510
1732824484544
1732824484575
1732824484616
1732824484743
1732824484832
1732824484907
1732824484985
1732824485064
1732824485106
1732824485144
1732824485185
1732824485288
1732824485386
1732824485420
1732824485485
1732824485623
1732824485638
1732824485677
1732824485721
1732824485838
1732824485906
1732824485946
1732824486046
1732824486182
1732824486261
1732824486307
1732824486322
1732824486424
1732824486509
1732824486529
1732824486593
1732824486728
1732824486754
1732824486785
1732824486830
1732824486921
1732824486981
1732824487017
1732824487086
1732824487202
1732824487233
1732824487272
1732824487311
1732824487438
1732824487510
1732824487539
1732824487623
1732824487715
1732824487777
1732824487793
1732824487824
1732824487954
1732824487997
1732824488033
1732824488106
1732824488213
1732824488267
1732824488303
1732824488346
1732824488490
1732824488586
1732824488631
1732824488729
1732824488868
1732824488916
1732824488975
1732824489007
1732824489124
1732824489181
1732824489220
1732824489346
1732824489420
1732824489451
1732824489486
1732824489521
1732824489650
1732824489745
1732824489796
1732824489896
1732824489996
1732824490038
1732824490066
1732824490115
1732824490222
1732824490317
1732824490348
1732824490430
1732824490558
1732824490617
1732824490628
1732824490661
1732824490924
1732824491021
1732824491080
1732824491193
1732824491318
1732824491342
1732824491378
1732824491419
1732824491549
1732824491637
1732824491686
1732824491789
1732824491895
1732824491923
1732824491961
1732824492005
1732824492122
1732824492194
1732824492222
1732824492297
1732824492414
1732824492455
1732824492501
1732824492534
1732824492642
1732824492729
1732824492775
1732824492822
1732824492944
1732824493013
1732824493048
1732824493078
1732824493196
1732824493286
1732824493323
1732824493436
1732824493553
1732824493596
1732824493676
1732824493710
1732824493835
1732824493942
1732824494003
1732824494105
1732824494220
1732824494241
1732824494289
1732824494312
1732824494435
1732824494526
1732824494558
1732824494646
1732824494771
1732824494885
1732824494922
1732824494942
1732824495118
1732824495179
1732824495207
1732824495253
1732824495343
1732824495405
1732824495413
1732824495459
1732824495581
1732824495675
1732824495728
1732824495785
1732824495885
1732824495922
1732824495958
1732824496001
1732824496136
1732824496235
1732824496293
1732824496370
1732824496479
1732824496527
1732824496556
1732824496589
1732824496702
1732824496774
1732824496825
1732824496902
1732824497015
1732824497035
1732824497082
1732824497135
1732824497257
1732824497320
1732824497369
1732824497457
1732824497549
1732824497579
1732824497619
1732824497655
1732824497756
1732824497849
1732824497861
1732824497985
1732824498214
1732824498259
1732824498326
1732824498350
1732824498569
1732824498730
1732824498756
1732824498864
1732824499041
1732824499069
1732824499138
1732824499170
1732824499322
1732824499432
1732824499461
1732824499536
1732824499639
1732824499700
1732824499721
1732824499758
1732824499887
1732824499967
1732824500018
1732824500140
1732824500264
1732824500282
1732824500335
1732824500365
1732824500478
1732824500567
1732824500620
1732824500892
1732824500949
1732824500995
1732824501046
1732824501089
1732824501515
1732824501547
1732824501549
1732824501549
1732824501614
1732824501687
1732824501722
1732824501769
1732824501860
1732824501993
1732824502014
1732824502107
1732824502212
1732824502254
1732824502297
1732824502343
1732824502463
1732824502537
1732824502578
1732824502687
1732824502780
1732824502852
1732824502941
1732824502970
1732824503037
1732824503144
1732824503161
1732824503271
1732824503480
1732824503546
1732824503581
1732824503613
1732824503794
1732824503874
1732824503916
1732824503991
1732824504113
1732824504148
1732824504186
1732824504227
1732824504362
1732824504428
1732824504481
1732824504577
1732824504684
1732824504732
1732824504777
1732824504816
1732824504961
1732824505037
1732824505101
1732824505167
1732824505283
1732824505301
1732824505345
1732824505384
1732824505469
1732824505550
1732824505592
1732824505658
1732824505781
1732824505812
1732824505855
1732824505877
1732824505969
1732824506092
1732824506119
1732824506203
1732824506331
1732824506371
1732824506419
1732824506446
1732824506561
1732824506636
1732824506664
1732824506755
1732824506845
1732824506877
1732824506943
1732824506979
1732824507101
1732824507165
1732824507201
1732824507290
1732824507409
1732824507430
1732824507460
1732824507505
1732824507618
1732824507678
1732824507724
1732824507787
1732824507885
1732824507938
1732824507967
1732824507990
1732824508111
1732824508181
1732824508225
1732824508296
1732824508425
1732824508472
1732824508517
1732824508642
1732824508716
1732824508770
1732824508822
1732824508899
1732824509041
1732824509107
1732824509139
1732824509193
1732824509297
1732824509351
1732824509382
1732824509454
1732824509578
1732824509624
1732824509654
1732824509679
1732824509800
1732824509931
1732824509938
1732824510031
1732824510134
1732824510163
1732824510200
1732824510249
1732824510372
1732824510486
1732824510524
1732824510585
1732824510698
1732824510779
1732824510798
1732824510841
1732824510922
1732824511057
1732824511082
1732824511174
1732824511352
1732824511401
1732824511447
1732824511521
1732824511595
1732824511675
1732824511738
1732824511786
1732824511933
1732824511962
1732824512022
1732824512057
1732824512221
1732824512275
1732824512320
1732824512395
1732824512529
1732824512559
1732824512615
1732824512626
1732824512740
1732824512818
1732824512862
1732824512942
1732824513059
1732824513104
1732824513157
1732824513188
1732824513315
1732824513396
1732824513462
1732824513572
1732824513675
1732824513729
1732824513786
1732824513841
1732824513972
1732824514063
1732824514105
1732824514191
1732824514322
1732824514374
1732824514395
1732824514411
1732824514551
1732824514618
1732824514659
1732824514763
1732824514896
1732824514939
1732824514981
1732824515030
1732824515142
1732824515239
1732824515292
1732824515339
1732824515446
1732824515488
1732824515529
1732824515571
1732824515671
1732824515741
1732824515770
1732824515853
1732824515934
1732824515987
1732824516029
1732824516069
1732824516216
1732824516276
1732824516356
1732824516431
1732824516523
1732824516568
1732824516612
1732824516642
1732824516806
1732824517072
1732824517104
1732824517170
1732824517355
1732824517436
1732824517537
1732824517628
1732824517745
1732824517883
1732824517957
1732824518064
1732824518283
1732824518379
1732824518416
1732824518476
1732824518660
1732824518811
1732824518850
1732824518925
1732824519102
1732824519113
1732824519142
1732824519187
1732824519309
1732824519366
1732824519412
1732824519475
1732824519622
1732824519634
1732824519682
1732824519725
1732824519829
1732824519961
1732824519968
1732824520052
1732824520151
1732824520181
1732824520209
1732824520252
1732824520357
1732824520438
1732824520473
1732824520565
1732824520692
1732824520738
1732824520795
1732824520855
1732824521029
1732824521155
1732824521175
1732824521292
1732824521406
1732824521447
1732824521509
1732824521537
1732824521657
1732824521737
1732824521780
1732824521851
1732824522015
1732824522031
1732824522072
1732824522128
1732824522245
1732824522326
1732824522382
1732824522463
1732824522557
1732824522620
1732824522635
1732824522681
1732824522792
1732824522875
1732824522908
1732824523015
1732824523118
1732824523162
1732824523195
1732824523230
1732824523377
1732824523464
1732824523525
1732824523598
1732824523741
1732824523782
1732824523880
1732824523937
1732824524091
1732824524188
1732824524242
1732824524324
1732824524517
1732824524556
1732824524625
1732824524635
1732824524771
1732824524862
1732824524892
1732824524982
1732824525105
1732824525159
1732824525188
1732824525239
1732824525359
1732824525437
1732824525489
1732824525624
1732824525755
1732824525791
1732824525819
1732824525860
1732824526020
1732824526121
1732824526176
1732824526279
1732824526407
1732824526441
1732824526473
1732824526514
1732824526634
1732824526694
1732824526791
1732824526862
1732824526946
1732824526977
1732824527031
1732824527077
1732824527167
1732824527253
1732824527272
1732824527344
1732824527460
1732824527492
1732824527526
1732824527557
1732824527672
1732824527744
1732824527778
1732824527839
1732824527957
1732824528009
1732824528053
1732824528060
1732824528184
1732824528234
1732824528290
1732824528344
1732824528465
1732824528516
1732824528559
1732824528621
1732824528731
1732824528805
1732824528836
1732824528921
1732824529028
1732824529065
1732824529080
1732824529119
1732824529210
1732824529289
1732824529315
1732824529411
1732824529504
1732824529534
1732824529564
1732824529632
1732824529756
1732824529798
1732824529846
1732824529915
1732824530050
1732824530085
1732824530121
1732824530162
1732824530255
1732824530320
1732824530381
1732824530428
1732824530540
1732824530573
1732824530594
1732824530651
1732824530771
1732824530850
1732824530914
1732824530984
1732824531142
1732824531186
1732824531231
1732824531264
1732824531388
1732824531474
1732824531520
1732824531586
1732824531720
1732824531785
1732824531823
1732824531862
1732824531976
1732824532045
1732824532079
1732824532148
1732824532273
1732824532305
1732824532351
1732824532383
1732824532507
1732824532583
1732824532609
1732824532691
1732824532832
1732824532850
1732824532896
1732824532928
1732824533046
1732824533125
1732824533156
1732824533272
1732824533491
1732824533519
1732824533589
1732824533618
1732824533787
1732824533869
1732824533916
1732824534026
1732824534098
1732824534147
1732824534188
1732824534228
1732824534350
1732824534445
1732824534489
1732824534596
1732824534675
1732824534703
1732824534753
1732824534794
1732824534953
1732824535054
1732824535112
1732824535166
1732824535324
1732824535330
1732824535359
1732824535397
1732824535511
1732824535581
1732824535647
1732824535739
1732824535828
1732824535860
1732824535896
1732824535934
1732824536057
1732824536154
1732824536184
1732824536280
1732824536395
1732824536434
1732824536466
1732824536507
1732824536604
1732824536689
1732824536725
1732824536797
1732824536927
1732824536979
1732824536989
1732824537012
1732824537118
1732824537178
1732824537210
1732824537276
1732824537383
1732824537430
1732824537462
1732824537508
1732824537639
1732824537687
1732824537709
1732824537786
1732824537908
1732824537927
1732824537970
1732824537993
1732824538100
1732824538189
1732824538217
1732824538278
1732824538453
1732824538509
1732824538559
1732824538608
1732824538685
1732824538790
1732824538810
1732824538877
1732824538985
1732824539018
1732824539069
1732824539098
1732824539199
1732824539266
1732824539305
1732824539390
1732824539496
1732824539547
1732824539598
1732824539647
1732824539793
1732824539905
1732824539960
1732824540063
1732824540233
1732824540266
1732824540315
1732824540384
1732824540567
1732824540674
1732824540724
1732824540965
1732824541039
1732824541062
1732824541135
1732824541196
1732824541419
1732824541516
1732824541557
1732824541659
1732824541850
1732824541900
1732824541976
1732824542003
1732824542159
1732824542254
1732824542357
1732824542433
1732824542599
1732824542634
1732824542685
1732824542719
1732824542878
1732824542969
1732824543027
1732824543116
1732824543288
1732824543360
1732824543397
1732824543435
1732824543567
1732824543667
1732824543720
1732824543800
1732824543940
1732824543978
1732824544024
1732824544061
1732824544188
1732824544277
1732824544308
1732824544398
1732824544520
1732824544541
1732824544582
1732824544626
1732824544779
1732824544839
1732824544921
1732824544985
1732824545101
1732824545146
1732824545191
1732824545251
1732824545345
1732824545419
1732824545469
1732824545566
1732824545758
1732824545802
1732824545834
1732824545854
1732824545974
1732824546089
1732824546121
1732824546238
1732824546357
1732824546381
1732824546411
1732824546445
1732824546560
1732824546627
1732824546660
1732824546726
1732824546855
1732824546875
1732824546912
1732824546948
1732824547065
1732824547126
1732824547173
1732824547239
1732824547352
1732824547381
1732824547428
1732824547488
1732824547576
1732824547670
1732824547700
1732824547788
1732824547873
1732824547926
1732824547958
1732824547999
1732824548136
1732824548207
1732824548217
1732824548307
1732824548477
1732824548569
1732824548607
1732824548680
1732824548842
1732824548924
1732824548964
1732824549042
1732824549196
1732824549267
1732824549314
1732824549346
1732824549517
1732824549570
1732824549625
1732824549744
1732824549925
1732824549938
1732824549984
1732824550033
1732824550148
1732824550216
1732824550260
1732824550361
1732824550494
1732824550513
1732824550565
1732824550607
1732824550762
1732824550855
1732824550890
1732824551036
1732824551207
1732824551256
1732824551335
1732824551367
1732824551498
1732824551572
1732824551616
1732824551737
1732824551903
1732824551949
1732824551996
1732824552042
1732824552239
1732824552317
1732824552351
1732824552449
1732824552564
1732824552594
1732824552632
1732824552678
1732824552784
1732824552857
1732824552901
1732824552981
1732824553114
1732824553148
1732824553187
1732824553253
1732824553470
1732824553615
1732824553670
1732824553768
1732824553944
1732824554002
1732824554073
1732824554091
1732824554242
1732824554331
1732824554396
1732824554464
1732824554606
1732824554659
1732824554721
1732824554767
1732824554944
1732824555047
1732824555108
1732824555164
1732824555294
1732824555336
1732824555387
1732824555424
1732824555584
1732824555715
1732824555769
1732824555860
1732824556016
1732824556024
1732824556069
1732824556114
1732824556243
1732824556341
1732824556384
1732824556457
1732824556572
1732824556619
1732824556651
1732824556708
1732824556799
1732824556859
1732824556907
1732824556980
1732824557081
1732824557128
1732824557157
1732824557189
1732824557321
1732824557364
1732824557394
1732824557488
1732824557576
1732824557626
1732824557666
1732824557688
1732824557787
1732824557870
1732824557905
1732824557981
1732824558086
1732824558117
1732824558154
1732824558186
1732824558308
1732824558401
1732824558470
1732824558546
1732824558656
1732824558695
1732824558742
1732824558791
1732824558944
1732824559009
1732824559040
1732824559146
1732824559226
1732824559264
1732824559300
1732824559337
1732824559447
1732824559518
1732824559556
1732824559650
1732824559776
1732824559809
1732824559875
1732824559906
1732824560025
1732824560088
1732824560131
1732824560185
1732824560297
1732824560344
1732824560379
1732824560426
1732824560519
1732824560598
1732824560636
1732824560702
1732824560829
1732824560857
1732824560895
1732824560972
1732824561124
1732824561215
1732824561257
1732824561351
1732824561454
1732824561500
1732824561543
1732824561593
1732824561756
1732824561856
1732824561916
1732824562033
1732824562211
1732824562271
1732824562322
1732824562376
1732824562513
1732824562624
1732824562662
1732824562756
1732824562885
1732824562932
1732824562983
1732824563048
1732824563197
1732824563379
1732824563409
1732824563552
1732824563851
1732824563878
1732824563895
1732824563948
1732824564112
1732824564221
1732824564276
1732824564370
1732824564535
1732824564603
1732824564652
1732824564708
1732824564904
1732824565007
1732824565063
1732824565173
1732824565300
1732824565336
1732824565381
1732824565435
1732824565563
1732824565635
1732824565683
1732824565777
1732824565898
1732824565959
1732824566004
1732824566021
1732824566131
1732824566247
1732824566280
1732824566383
1732824566532
1732824566561
1732824566598
1732824566642
1732824566756
1732824566829
1732824566861
1732824566930
1732824567055
1732824567123
1732824567152
1732824567179
1732824567316
1732824567366
1732824567405
1732824567479
1732824567582
1732824567618
1732824567650
1732824567684
1732824567789
1732824567863
1732824567899
1732824567974
1732824568076
1732824568113
1732824568148
1732824568205
1732824568327
1732824568388
1732824568438
1732824568536
1732824568657
1732824568688
1732824568745
1732824568767
1732824568892
1732824568973
1732824569014
1732824569077
1732824569177
1732824569224
1732824569256
1732824569291
1732824569421
1732824569481
1732824569522
1732824569586
1732824569709
1732824569752
1732824569797
1732824569839
1732824569953
1732824570037
1732824570058
1732824570139
1732824570247
1732824570280
1732824570321
1732824570355
1732824570490
1732824570547
1732824570605
1732824570681
1732824570792
1732824570819
1732824570850
1732824570894
1732824571025
1732824571130
1732824571189
1732824571288
1732824571601
1732824571651
1732824571700
1732824571760
1732824571923
1732824572036
1732824572130
1732824572185
1732824572291
1732824572340
1732824572403
1732824572439
1732824572612
1732824572713
1732824572767
1732824572875
1732824573074
1732824573145
1732824573170
1732824573196
1732824573329
1732824573404
1732824573452
1732824573560
1732824573705
1732824573753
1732824573812
1732824573853
1732824573972
1732824574067
1732824574098
1732824574193
1732824574284
1732824574327
1732824574369
1732824574425
1732824574547
1732824574604
1732824574684
1732824574749
1732824574916
1732824574982
1732824575037
1732824575049
1732824575192
1732824575279
1732824575306
1732824575385
1732824575533
1732824575578
1732824575618
1732824575696
1732824575787
1732824575872
1732824575902
1732824575984
1732824576151
1732824576163
1732824576211
1732824576267
1732824576394
1732824576453
1732824576496
1732824576556
1732824576673
1732824576712
1732824576747
1732824576810
1732824576902
1732824576978
1732824577009
1732824577092
1732824577196
1732824577242
1732824577270
1732824577304
1732824577433
1732824577498
1732824577555
1732824577600
1732824577721
1732824577750
1732824577791
1732824577835
1732824577929
1732824578012
1732824578045
1732824578115
1732824578234
1732824578276
1732824578316
1732824578346
1732824578474
1732824578564
1732824578605
1732824578694
1732824578836
1732824578898
1732824578923
1732824578960
1732824579066
1732824579142
1732824579177
1732824579290
1732824579393
1732824579423
1732824579458
1732824579503
1732824579621
1732824579697
1732824579748
1732824579845
1732824579963
1732824579987
1732824580044
1732824580098
1732824580192
1732824580256
1732824580313
1732824580360
1732824580465
1732824580510
1732824580540
1732824580589
1732824580720
1732824580787
1732824580826
1732824580910
1732824581069
1732824581109
1732824581177
1732824581232
1732824581335
1732824581405
1732824581448
1732824581518
1732824581648
1732824581698
1732824581747
1732824581813
1732824581924
1732824582010
1732824582043
1732824582109
1732824582222
1732824582279
1732824582313
1732824582344
1732824582476
1732824582580
1732824582619
1732824582708
1732824582824
1732824582862
1732824582923
1732824582944
1732824583080
1732824583181
1732824583223
1732824583320
1732824583500
1732824583531
1732824583596
1732824583645
1732824583811
1732824583934
1732824584013
1732824584079
1732824584213
1732824584258
1732824584310
1732824584346
1732824584459
1732824584538
1732824584585
1732824584664
1732824584814
1732824584878
1732824584931
1732824584971
1732824585112
1732824585186
1732824585228
1732824585311
1732824585434
1732824585471
1732824585519
1732824585561
1732824585697
1732824585780
1732824585822
1732824585944
1732824586089
1732824586131
1732824586172
1732824586212
1732824586355
1732824586425
1732824586475
1732824586544
1732824586672
1732824586717
1732824586755
1732824586797
1732824586904
1732824586977
1732824587008
1732824587082
1732824587221
1732824587243
1732824587272
1732824587311
1732824587410
1732824587490
1732824587526
1732824587610
1732824587725
1732824587748
1732824587788
1732824587832
1732824587944
1732824588010
1732824588053
1732824588127
1732824588244
1732824588282
1732824588335
1732824588378
1732824588526
1732824588583
1732824588651
1732824588745
1732824588859
1732824588894
1732824588944
1732824589010
1732824589079
1732824589176
1732824589198
1732824589269
1732824589399
1732824589442
1732824589479
1732824589520
1732824589636
1732824589717
1732824589760
1732824589888
1732824589985
1732824590051
1732824590084
1732824590114
1732824590259
1732824590336
1732824590367
1732824590448
1732824590563
1732824590607
1732824590661
1732824590702
1732824590807
1732824590895
1732824590949
1732824591047
1732824591173
1732824591215
1732824591243
1732824591286
1732824591387
1732824591457
1732824591491
1732824591574
1732824591692
1732824591734
1732824591796
1732824591849
1732824591978
1732824592057
1732824592089
1732824592169
1732824592308
1732824592340
1732824592377
1732824592412
1732824592563
1732824592624
1732824592663
1732824592740
1732824592841
1732824592894
1732824592917
1732824592964
1732824593076
1732824593183
1732824593222
1732824593373
1732824593524
1732824593561
1732824593616
1732824593648
1732824593853
1732824593921
1732824593990
1732824594080
1732824594196
1732824594230
1732824594276
1732824594319
1732824594432
1732824594515
1732824594567
1732824594671
1732824594783
1732824594860
1732824594917
1732824594960
1732824595147
1732824595206
1732824595244
1732824595316
1732824595428
1732824595469
1732824595524
1732824595559
1732824595714
1732824595781
1732824595842
1732824595914
1732824596056
1732824596121
1732824596197
1732824596253
1732824596414
1732824596493
1732824596544
1732824596618
1732824596731
1732824596774
1732824596820
1732824596859
1732824597003
1732824597055
1732824597097
1732824597176
1732824597277
1732824597335
1732824597387
1732824597407
1732824597513
1732824597571
1732824597626
1732824597681
1732824597798
1732824597835
1732824597869
1732824597901
1732824598041
1732824598102
1732824598130
1732824598217
1732824598350
1732824598397
1732824598430
1732824598483
1732824598623
1732824598735
1732824598775
1732824598855
1732824598987
1732824599021
1732824599052
1732824599093
1732824599207
1732824599276
1732824599318
1732824599396
1732824599521
1732824599568
1732824599600
1732824599649
1732824599770
1732824599864
1732824599905
1732824599993
1732824600114
1732824600156
1732824600196
1732824600248
1732824600367
1732824600426
1732824600462
1732824600549
1732824600676
1732824600706
1732824600731
1732824600777
1732824600894
1732824600983
1732824601036
1732824601147
1732824601282
1732824601330
1732824601361
1732824601403
1732824601515
1732824601605
1732824601639
1732824601713
1732824601856
1732824601903
1732824601941
1732824601988
1732824602122
1732824602195
1732824602246
1732824602344
1732824602456
1732824602510
1732824602543
1732824602588
1732824602725
1732824602783
1732824602847
1732824602907
1732824603049
1732824603087
1732824603120
1732824603164
1732824603309
1732824603372
1732824603417
1732824603521
1732824603675
1732824603749
1732824603789
1732824603841
1732824603997
1732824604117
1732824604179
1732824604288
1732824604403
1732824604449
1732824604481
1732824604541
1732824604671
1732824604757
1732824604807
1732824604889
1732824605033
1732824605087
1732824605125
1732824605184
1732824605336
1732824605456
1732824605476
1732824605536
1732824605684
1732824605736
1732824605779
1732824605812
1732824605929
1732824606076
1732824606112
1732824606213
1732824606340
1732824606391
1732824606429
1732824606463
1732824606589
1732824606681
1732824606762
1732824606812
1732824606950
1732824606980
1732824607027
1732824607058
1732824607177
1732824607235
1732824607270
1732824607342
1732824607460
1732824607491
1732824607526
1732824607573
1732824607672
1732824607756
1732824607777
1732824607847
1732824607960
1732824608017
1732824608031
1732824608081
1732824608171
1732824608248
1732824608299
1732824608355
1732824608491
1732824608530
1732824608564
1732824608623
1732824608889
1732824609079
1732824609639
1732824609648
1732824609665
1732824609665
1732824609667
1732824609726
1732824609774
1732824609797
1732824609797
1732824609812
1732824609844
1732824609857
1732824609862
1732824609874
1732824609994
1732824610081
1732824610121
1732824610207
1732824610283
1732824610326
1732824610356
1732824610409
1732824610521
1732824610610
1732824610652
1732824610707
1732824610815
1732824610857
1732824610896
1732824610930
1732824611060
1732824611183
1732824611204
1732824611284
1732824611408
1732824611438
1732824611484
1732824611511
1732824611620
1732824611704
1732824611764
1732824611835
1732824611961
1732824612018
1732824612057
1732824612109
1732824612275
1732824612358
1732824612389
1732824612441
1732824612516
1732824612548
1732824612593
1732824612624
1732824612766
1732824612825
1732824612878
1732824612943
1732824613080
1732824613103
1732824613161
1732824613195
1732824613322
1732824613405
1732824613447
1732824613551
1732824613687
1732824613744
1732824613794
1732824613862
1732824614007
1732824614087
1732824614150
1732824614217
1732824614327
1732824614359
1732824614396
1732824614435
1732824614563
1732824614636
1732824614669
1732824614767
1732824614904
1732824614932
1732824614993
1732824615032
1732824615180
1732824615266
1732824615308
1732824615369
1732824615483
1732824615540
1732824615574
1732824615637
1732824615769
1732824615821
1732824615865
1732824615942
1732824616087
1732824616143
1732824616207
1732824616250
1732824616388
1732824616476
1732824616522
1732824616582
1732824616704
1732824616747
1732824616787
1732824616834
1732824616969
1732824617050
1732824617085
1732824617159
1732824617289
1732824617325
1732824617351
1732824617382
1732824617523
1732824617566
1732824617602
1732824617691
1732824617792
1732824617843
1732824617875
1732824617910
1732824618047
1732824618144
1732824618195
1732824618266
1732824618414
1732824618466
1732824618518
1732824618546
1732824618701
1732824618807
1732824618849
1732824618913
1732824619063
1732824619107
1732824619146
1732824619209
1732824619329
1732824619418
1732824619454
1732824619547
1732824619661
1732824619723
1732824619759
1732824619810
1732824619941
1732824620017
1732824620060
1732824620109
1732824620228
1732824620270
1732824620312
1732824620343
1732824620451
1732824620531
1732824620560
1732824620644
1732824620746
1732824620779
1732824620811
1732824620848
1732824621014
1732824621087
1732824621127
1732824621231
1732824621350
1732824621400
1732824621429
1732824621468
1732824621588
1732824621654
1732824621697
1732824621778
1732824621929
1732824621960
1732824621996
1732824622022
1732824622142
1732824622217
1732824622252
1732824622346
1732824622478
1732824622521
1732824622577
1732824622595
1732824622686
1732824622760
1732824622813
1732824622880
1732824622995
1732824623034
1732824623084
1732824623152
1732824623311
1732824623435
1732824623476
1732824623609
1732824623773
1732824623818
1732824623883
1732824623924
1732824624030
1732824624112
1732824624159
1732824624231
1732824624358
1732824624411
1732824624446
1732824624482
1732824624622
1732824624685
1732824624735
1732824624806
1732824624953
1732824624994
1732824625053
1732824625080
1732824625236
1732824625301
1732824625328
1732824625410
1732824625523
1732824625578
1732824625622
1732824625655
1732824625807
1732824625876
1732824625912
1732824625989
1732824626170
1732824626196
1732824626244
1732824626290
1732824626442
1732824626517
1732824626587
1732824626648
1732824626762
1732824626796
1732824626838
1732824626870
1732824626990
1732824627079
1732824627115
1732824627199
1732824627290
1732824627327
1732824627394
1732824627411
1732824627522
1732824627576
1732824627616
1732824627678
1732824627806
1732824627868
1732824627899
1732824627942
1732824628052
1732824628159
1732824628193
1732824628280
1732824628396
1732824628436
1732824628479
1732824628527
1732824628649
1732824628731
1732824628782
1732824628874
1732824628994
1732824629032
1732824629068
1732824629122
1732824629227
1732824629290
1732824629348
1732824629408
1732824629508
1732824629581
1732824629590
1732824629624
1732824629752
1732824629850
1732824629905
1732824629972
1732824630104
1732824630138
1732824630165
1732824630190
1732824630308
1732824630387
1732824630424
1732824630482
1732824630595
1732824630673
1732824630697
1732824630717
1732824630855
1732824630909
1732824630954
1732824631040
1732824631189
1732824631217
1732824631251
1732824631299
1732824631399
1732824631502
1732824631526
1732824631582
1732824631703
1732824631752
1732824631780
1732824631834
1732824631961
1732824632036
1732824632078
1732824632140
1732824632271
1732824632298
1732824632335
1732824632408
1732824632516
1732824632589
1732824632627
1732824632692
1732824632806
1732824632849
1732824632881
1732824632942
1732824633031
1732824633114
1732824633146
1732824633250
1732824633376
1732824633413
1732824633486
1732824633534
1732824633699
1732824633816
1732824633883
1732824634007
1732824634135
1732824634182
1732824634238
1732824634292
1732824634452
1732824634551
1732824634614
1732824634706
1732824634868
1732824634912
1732824635012
1732824635131
1732824635363
1732824635496
1732824635550
1732824635718
1732824635882
1732824635945
1732824636005
1732824636034
1732824636222
1732824636359
1732824636416
1732824636556
1732824636718
1732824636760
1732824636811
1732824636906
1732824637025
1732824637087
1732824637123
1732824637215
1732824637362
1732824637394
1732824637443
1732824637482
1732824637684
1732824637758
1732824637811
1732824637881
1732824638028
1732824638088
1732824638136
1732824638152
1732824638282
1732824638366
1732824638449
1732824638535
1732824638641
1732824638723
1732824638741
1732824638807
1732824639062
1732824639118
1732824639177
1732824639242
1732824639366
1732824639407
1732824639462
1732824639505
1732824639651
1732824639729
1732824639784
1732824639909
1732824640037
1732824640082
1732824640138
1732824640177
1732824640318
1732824640422
1732824640449
1732824640536
1732824640662
1732824640699
1732824640752
1732824640787
1732824640893
1732824640970
1732824641006
1732824641096
1732824641323
1732824641356
1732824641392
1732824641441
1732824641559
1732824641633
1732824641680
1732824641747
1732824641897
1732824641944
1732824641989
1732824642045
1732824642155
1732824642226
1732824642260
1732824642350
1732824642453
1732824642493
1732824642542
1732824642589
1732824642697
1732824642813
1732824642834
1732824642919
1732824643024
1732824643083
1732824643111
1732824643150
1732824643297
1732824643357
1732824643396
1732824643487
1732824643636
1732824643663
1732824643706
1732824643753
1732824643900
1732824644002
1732824644032
1732824644136
1732824644276
1732824644322
1732824644390
1732824644440
1732824644607
1732824644718
1732824644757
1732824644841
1732824645036
1732824645071
1732824645143
1732824645200
1732824645338
1732824645438
1732824645494
1732824645568
1732824645685
1732824645730
1732824645765
1732824645821
1732824645933
1732824646018
1732824646053
1732824646147
1732824646293
1732824646360
1732824646391
1732824646439
1732824646581
1732824646740
1732824646797
1732824646889
1732824647053
1732824647086
1732824647154
1732824647191
1732824647337
1732824647417
1732824647475
1732824647532
1732824647675
1732824647737
1732824647790
1732824647822
1732824647964
1732824648064
1732824648102
1732824648199
1732824648350
1732824648408
1732824648474
1732824648526
1732824648700
1732824648830
1732824648883
1732824648986
1732824649162
1732824649204
1732824649263
1732824649301
1732824649466
1732824649582
1732824649633
1732824649747
1732824649937
1732824649981
1732824650062
1732824650113
1732824650261
1732824650372
1732824650420
1732824650540
1732824650711
1732824650741
1732824650770
1732824650809
1732824650930
1732824651009
1732824651047
1732824651144
1732824651293
1732824651331
1732824651383
1732824651409
1732824651529
1732824651615
1732824651682
1732824651875
1732824652047
1732824652094
1732824652157
1732824652193
1732824652366
1732824652455
1732824652483
1732824652559
1732824652688
1732824652725
1732824652768
1732824652815
1732824652928
1732824653033
1732824653085
1732824653208
1732824653402
1732824653477
1732824653570
1732824653648
1732824653831
1732824653931
1732824653979
1732824654126
1732824654349
1732824654398
1732824654446
1732824654513
1732824654647
1732824654777
1732824654798
1732824654910
1732824655117
1732824655172
1732824655210
1732824655263
1732824655422
1732824655520
1732824655577
1732824655708
1732824655939
1732824655988
1732824656032
1732824656096
1732824656265
1732824656368
1732824656435
1732824656604
1732824656749
1732824656820
1732824656875
1732824656947
1732824657118
1732824657210
1732824657297
1732824657371
1732824657476
1732824657507
1732824657563
1732824657583
1732824657701
1732824657769
1732824657817
1732824657898
1732824658001
1732824658039
1732824658086
1732824658128
1732824658342
1732824658441
1732824658504
1732824658609
1732824658799
1732824658840
1732824658913
1732824658973
1732824659107
1732824659259
1732824659300
1732824659399
1732824659566
1732824659613
1732824659654
1732824659738
1732824659871
1732824659967
1732824660017
1732824660123
1732824660269
1732824660350
1732824660355
1732824660393
1732824660535
1732824660654
1732824660689
1732824660770
1732824660890
1732824660928
1732824660976
1732824661017
1732824661131
1732824661251
1732824661302
1732824661391
1732824661526
1732824661572
1732824661608
1732824661664
1732824661790
1732824661870
1732824661920
1732824662006
1732824662132
1732824662167
1732824662248
1732824662327
1732824662481
1732824662572
1732824662617
1732824662703
1732824662847
1732824662889
1732824662928
1732824662991
1732824663135
1732824663219
1732824663267
1732824663344
1732824663482
1732824663546
1732824663600
1732824663657
1732824663858
1732824663972
1732824664037
1732824664090
1732824664211
1732824664262
1732824664296
1732824664332
1732824664463
1732824664569
1732824664608
1732824664700
1732824664837
1732824664883
1732824664929
1732824664990
1732824665113
1732824665201
1732824665242
1732824665331
1732824665449
1732824665493
1732824665537
1732824665584
1732824665729
1732824665810
1732824665847
1732824665923
1732824666089
1732824666182
1732824666217
1732824666279
1732824666432
1732824666511
1732824666557
1732824666629
1732824666752
1732824666794
1732824666852
1732824666888
1732824667002
1732824667095
1732824667128
1732824667208
1732824667345
1732824667382
1732824667421
1732824667480
1732824667592
1732824667669
1732824667703
1732824667775
1732824667873
1732824667921
1732824667944
1732824667991
1732824668113
1732824668186
1732824668250
1732824668302
1732824668425
1732824668467
1732824668520
1732824668558
1732824668711
1732824668797
1732824668842
1732824668927
1732824669038
1732824669077
1732824669116
1732824669157
1732824669294
1732824669342
1732824669386
1732824669454
1732824669563
1732824669604
1732824669649
1732824669701
1732824669827
1732824669916
1732824669964
1732824670037
1732824670160
1732824670187
1732824670223
1732824670272
1732824670374
1732824670480
1732824670526
1732824670599
1732824670722
1732824670759
1732824670801
1732824670966
1732824671050
1732824671154
1732824671229
1732824671299
1732824671443
1732824671476
1732824671518
1732824671569
1732824671697
1732824671801
1732824671835
1732824671933
1732824672062
1732824672080
1732824672122
1732824672160
1732824672277
1732824672345
1732824672393
1732824672468
1732824672590
1732824672629
1732824672667
1732824672697
1732824672810
1732824672903
1732824672934
1732824673009
1732824673134
1732824673189
1732824673224
1732824673267
1732824673382
1732824673482
1732824673512
1732824673611
1732824673768
1732824673794
1732824673841
1732824673910
1732824674062
1732824674135
1732824674170
1732824674249
1732824674368
1732824674421
1732824674471
1732824674515
1732824674641
1732824674717
1732824674766
1732824674855
1732824674986
1732824675023
1732824675055
1732824675113
1732824675210
1732824675303
1732824675348
1732824675420
1732824675567
1732824675619
1732824675669
1732824675726
1732824675831
1732824675922
1732824675971
1732824676086
1732824676236
1732824676287
1732824676325
1732824676365
1732824676500
1732824676582
1732824676610
1732824676712
1732824676816
1732824676848
1732824676901
1732824676935
1732824677066
1732824677148
1732824677181
1732824677240
1732824677357
1732824677427
1732824677441
1732824677477
1732824677607
1732824677675
1732824677733
1732824677787
1732824677893
1732824677939
1732824678742
1732824678948
1732824679016
1732824679041
1732824679076
1732824679114
1732824679150
1732824679153
1732824679172
1732824679199
1732824679206
1732824679223
1732824679223
1732824679273
1732824679344
1732824679364
1732824679384
1732824679392
1732824679444
1732824679476
1732824679521
1732824679556
1732824679607
1732824679643
1732824679698
1732824679718
1732824679872
1732824679927
1732824679987
1732824680056
1732824680184
1732824680249
1732824680292
1732824680345
1732824680464
1732824680535
1732824680574
1732824680649
1732824680775
1732824680807
1732824680839
1732824680874
1732824680973
1732824681077
1732824681138
1732824681243
1732824681362
1732824681415
1732824681445
1732824681480
1732824681598
1732824681675
1732824681707
1732824681800
1732824681952
1732824681999
1732824682029
1732824682072
1732824682186
1732824682268
1732824682305
1732824682378
1732824682490
1732824682526
1732824682563
1732824682607
1732824682707
1732824682806
1732824682825
1732824682891
1732824683028
1732824683057
1732824683102
1732824683145
1732824683313
1732824683422
1732824683495
1732824683630
1732824683777
1732824683818
1732824683895
1732824683914
1732824684072
1732824684172
1732824684226
1732824684295
1732824684413
1732824684449
1732824684501
1732824684544
1732824684657
1732824684731
1732824684773
1732824684901
1732824684991
1732824685036
1732824685078
1732824685124
1732824685256
1732824685315
1732824685357
1732824685444
1732824685564
1732824685603
1732824685651
1732824685699
1732824685824
1732824685910
1732824685958
1732824686050
1732824686196
1732824686247
1732824686376
1732824686385
1732824686480
1732824686559
1732824686617
1732824686670
1732824686785
1732824686819
1732824686865
1732824686928
1732824687061
1732824687139
1732824687176
1732824687239
1732824687378
1732824687414
1732824687450
1732824687493
1732824687613
1732824687705
1732824687755
1732824687828
1732824687968
1732824688007
1732824688043
1732824688091
1732824688206
1732824688301
1732824688352
1732824688424
1732824688553
1732824688594
1732824688641
1732824688687
1732824688840
1732824688950
1732824688994
1732824689124
1732824689197
1732824689235
1732824689286
1732824689344
1732824689447
1732824689539
1732824689588
1732824689665
1732824689784
1732824689824
1732824689870
1732824689925
1732824690053
1732824690124
1732824690176
1732824690254
1732824690359
1732824690393
1732824690432
1732824690473
1732824690609
1732824690671
1732824690725
1732824690786
1732824690909
1732824690951
1732824691001
1732824691034
1732824691229
1732824691321
1732824691379
1732824691474
1732824691580
1732824691629
1732824691674
1732824691705
1732824691834
1732824691936
1732824691981
1732824692057
1732824692188
1732824692218
1732824692264
1732824692312
1732824692426
1732824692504
1732824692539
1732824692630
1732824692718
1732824692770
1732824692811
1732824692841
1732824692950
1732824693014
1732824693051
1732824693138
1732824693275
1732824693303
1732824693332
1732824693394
1732824693532
1732824693614
1732824693664
1732824693750
1732824693895
1732824693957
1732824693992
1732824694045
1732824694183
1732824694272
1732824694312
1732824694394
1732824694520
1732824694585
1732824694606
1732824694640
1732824694786
1732824694874
1732824694956
1732824695005
1732824695140
1732824695175
1732824695216
1732824695274
1732824695398
1732824695469
1732824695506
1732824695586
1732824695720
1732824695759
1732824695819
1732824695844
1732824695957
1732824696057
1732824696143
1732824696259
1732824696435
1732824696443
1732824696514
1732824696538
1732824696666
1732824696744
1732824696795
1732824696888
1732824697030
1732824697063
1732824697083
1732824697117
1732824697238
1732824697313
1732824697353
1732824697433
1732824697561
1732824697601
1732824697642
1732824697687
1732824697806
1732824697881
1732824697925
1732824698000
1732824698145
1732824698170
1732824698220
1732824698271
1732824698406
1732824698472
1732824698513
1732824698604
1732824698750
1732824698806
1732824698888
1732824698905
1732824699031
1732824699105
1732824699148
1732824699224
1732824699328
1732824699364
1732824699424
1732824699445
1732824699558
1732824699629
1732824699674
1732824699761
1732824699899
1732824699943
1732824699971
1732824700016
1732824700122
1732824700209
1732824700246
1732824700321
1732824700432
1732824700472
1732824700509
1732824700561
1732824700713
1732824700791
1732824700834
1732824700910
1732824701081
1732824701151
1732824701193
1732824701250
1732824701429
1732824701534
1732824701597
1732824701673
1732824701843
1732824701952
1732824701978
1732824702030
1732824702155
1732824702258
1732824702272
1732824702340
1732824702453
1732824702494
1732824702550
1732824702580
1732824702701
1732824702804
1732824702850
1732824702940
1732824703050
1732824703090
1732824703133
1732824703182
1732824703276
1732824703359
1732824703398
1732824703481
1732824703634
1732824703677
1732824703725
1732824703779
1732824703926
1732824704019
1732824704065
1732824704137
1732824704278
1732824704299
1732824704343
1732824704384
1732824704520
1732824704634
1732824704662
1732824704737
1732824704889
1732824704919
1732824704967
1732824705010
1732824705162
1732824705269
1732824705286
1732824705394
1732824705514
1732824705560
1732824705591
1732824705663
1732824705814
1732824705884
1732824705919
1732824705990
1732824706169
1732824706221
1732824706272
1732824706325
1732824706451
1732824706527
1732824706580
1732824706649
1732824706819
1732824706854
1732824706901
1732824706947
1732824707062
1732824707153
1732824707200
1732824707284
1732824707429
1732824707459
1732824707500
1732824707538
1732824707654
1732824707732
1732824707778
1732824707861
1732824707970
1732824708009
1732824708067
1732824708091
1732824708236
1732824708306
1732824708347
1732824708438
1732824708576
1732824708624
1732824708659
1732824708728
1732824708867
1732824708942
1732824708983
1732824709084
1732824709202
1732824709224
1732824709272
1732824709297
1732824709408
1732824709498
1732824709527
1732824709602
1732824709729
1732824709774
1732824709800
1732824709830
1732824709972
1732824710054
1732824710098
1732824710177
1732824710293
1732824710340
1732824710369
1732824710420
1732824710534
1732824710637
1732824710659
1732824710770
1732824710869
1732824710915
1732824710951
1732824710970
1732824711096
1732824711193
1732824711272
1732824711346
1732824711468
1732824711505
1732824711562
1732824711607
1732824711705
1732824711780
1732824711797
1732824711895
1732824712029
1732824712069
1732824712127
1732824712169
1732824712267
1732824712342
1732824712392
1732824712459
1732824712575
1732824712631
1732824712659
1732824712701
1732824712809
1732824712871
1732824712909
1732824712997
1732824713123
1732824713172
1732824713202
1732824713260
1732824713425
1732824713570
1732824713618
1732824713733
1732824713889
1732824713928
1732824713976
1732824714026
1732824714168
1732824714227
1732824714261
1732824714360
1732824714467
1732824714519
1732824714581
1732824714628
1732824714787
1732824714920
1732824714958
1732824715064
1732824715196
1732824715241
1732824715289
1732824715331
1732824715470
1732824715551
1732824715609
1732824715702
1732824715934
1732824716011
1732824716062
1732824716202
1732824716448
1732824716620
1732824716679
1732824716758
1732824716899
1732824716969
1732824716997
1732824717157
1732824717334
1732824717449
1732824717472
1732824717574
1732824717717
1732824717821
1732824717874
1732824717894
1732824718047
1732824718148
1732824718235
1732824718312
1732824718478
1732824718547
1732824718610
1732824718704
1732824718844
1732824718944
1732824718987
1732824719091
1732824719211
1732824719248
1732824719288
1732824719339
1732824719451
1732824719544
1732824719580
1732824719664
1732824719772
1732824719816
1732824719874
1732824719898
1732824720041
1732824720156
1732824720187
1732824720279
1732824720373
1732824720407
1732824720447
1732824720488
1732824720631
1732824720698
1732824720734
1732824720807
1732824720947
1732824720991
1732824721028
1732824721070
1732824721205
1732824721358
1732824721380
1732824721467
1732824721618
1732824721670
1732824721701
1732824721731
1732824721851
1732824721936
1732824721971
1732824722054
1732824722174
1732824722217
1732824722267
1732824722299
1732824722419
1732824722511
1732824722559
1732824722627
1732824722726
1732824722767
1732824722803
1732824722841
1732824722955
1732824723027
1732824723064
1732824723169
1732824723284
1732824723332
1732824723404
1732824723438
1732824723611
1732824723703
1732824723765
1732824723848
1732824724009
1732824724056
1732824724109
1732824724162
1732824724284
1732824724343
1732824724408
1732824724523
1732824724602
1732824724647
1732824724687
1732824724734
1732824724867
1732824724994
1732824725036
1732824725273
1732824725339
1732824725380
1732824725561
1732824725640
1732824725693
1732824725780
1732824725910
1732824725945
1732824725984
1732824726050
1732824726299
1732824726667
1732824726727
1732824726959
1732824727047
1732824727297
1732824727554
1732824727777
1732824727930
1732824727957
1732824728194
1732824728288
1732824728581
1732824728621
1732824728689
1732824729326
1732824729350
1732824729539
1732824729634
1732824729858
1732824729883
1732824730418
1732824730455
1732824730678
1732824730975
1732824731019
1732824731611
1732824731947
1732824731993
1732824732208
1732824732738
1732824732781
1732824732977
1732824733071
1732824733315
1732824733541
1732824734279
1732824734684
1732824734732
1732824735908
1732824736546
1732824739023
1732824748456
1732824759068
1732824760738
1732824761931
1732824764044
1732824767579
1732824767819
1732824767942
1732824770035
1732824770167
1732824770695
1732824770790
1732824771529
1732824772810
1732824772844
1732824774041
1732824774392
1732824776093
1732824781511
1732824782606
1732824783136
1732824785278
1732824785527
1732824785809
1732824786744
1732824788762
1732824789629
1732824792679
1732824793048
1732824793098
1732824793156
1732824793394
1732824794088
1732824794373
1732824794983
1732824795052
1732824795172
1732824795654
1732824795923
1732824795970
1732824796037
1732824796285
1732824797106
1732824798395
1732824798442
1732824798691
1732824798984
1732824800051
1732824800108
1732824800346
1732824800641
1732824801179
1732824802872
1732824802956
1732824804470
1732824806138
1732824807001
1732824809863
1732824816731
1732824820638
1732824821542
1732824822576
1732824823199
1732824823531
1732824824887
1732824829825
1732824830859
1732824831354
1732824831670
1732824832155
1732824832614
1732824861915
1732824961828
1732824961903
1732824962187
