1732952100543
1732952119010
1732952119016
1732952119025
1732952119061
1732952119086
1732952119112
1732952119163
1732952119163
1732952119255
1732952119292
1732952119295
1732952119310
1732952119391
1732952119421
1732952119427
1732952119459
1732952119553
1732952119597
1732952119628
1732952119680
1732952119763
1732952119798
1732952119821
1732952119859
1732952119949
1732952120001
1732952120029
1732952120067
1732952120134
1732952120148
1732952120166
1732952120189
1732952120250
1732952120300
1732952120357
1732952120384
1732952120464
1732952120498
1732952120513
1732952120529
1732952120629
1732952120661
1732952120697
1732952120751
1732952120816
1732952120836
1732952120855
1732952120900
1732952120957
1732952120994
1732952121026
1732952121070
1732952121122
1732952121151
1732952121173
1732952121188
1732952121235
1732952121278
1732952121289
1732952121324
1732952121416
1732952121421
1732952121453
1732952121472
1732952121525
1732952121557
1732952121572
1732952121616
1732952121669
1732952121693
1732952121717
1732952121725
1732952121788
1732952121825
1732952121844
1732952121882
1732952121947
1732952121977
1732952122001
1732952122032
1732952122132
1732952122167
1732952122198
1732952122257
1732952122300
1732952122319
1732952122345
1732952122369
1732952122425
1732952122463
1732952122492
1732952122539
1732952122573
1732952122645
1732952122646
1732952122652
1732952122731
1732952122786
1732952122790
1732952122813
1732952122893
1732952122920
1732952122926
1732952122941
1732952123000
1732952123034
1732952123054
1732952123112
1732952123169
1732952123182
1732952123217
1732952123244
1732952123379
1732952123393
1732952123396
1732952123403
1732952123450
1732952123466
1732952123479
1732952123485
1732952123556
1732952123568
1732952123612
1732952123656
1732952123689
1732952123702
1732952123736
1732952123758
1732952123828
1732952123859
1732952123865
1732952123905
1732952123941
1732952123961
1732952123973
1732952123987
1732952124073
1732952124098
1732952124108
1732952124157
1732952124219
1732952124252
1732952124277
1732952124310
1732952124405
1732952124412
1732952124419
1732952124443
1732952124480
1732952124515
1732952124523
1732952124531
1732952124582
1732952124616
1732952124624
1732952124710
1732952124786
1732952124794
1732952124819
1732952124873
1732952124953
1732952124996
1732952125016
1732952125053
1732952125109
1732952125140
1732952125167
1732952125173
1732952125219
1732952125264
1732952125281
1732952125316
1732952125368
1732952125392
1732952125399
1732952125421
1732952125480
1732952125507
1732952125513
1732952125553
1732952125606
1732952125612
1732952125636
1732952125642
1732952125704
1732952125777
1732952125796
1732952125842
1732952125895
1732952125919
1732952125926
1732952125953
1732952126004
1732952126040
1732952126053
1732952126081
1732952126145
1732952126153
1732952126187
1732952126193
1732952126241
1732952126276
1732952126296
1732952126325
1732952126377
1732952126402
1732952126427
1732952126434
1732952126508
1732952126519
1732952126543
1732952126570
1732952126615
1732952126650
1732952126654
1732952126668
1732952126726
1732952126790
1732952126812
1732952126841
1732952126896
1732952126919
1732952126969
1732952127026
1732952127086
1732952127100
1732952127114
1732952127149
1732952127193
1732952127209
1732952127223
1732952127237
1732952127306
1732952127339
1732952127365
1732952127409
1732952127506
1732952127512
1732952127524
1732952127542
1732952127612
1732952127641
1732952127645
1732952127682
1732952127727
1732952127733
1732952127749
1732952127781
1732952127856
1732952127892
1732952127903
1732952127963
1732952128008
1732952128014
1732952128038
1732952128055
1732952128099
1732952128125
1732952128143
1732952128172
1732952128229
1732952128237
1732952128253
1732952128276
1732952128335
1732952128369
1732952128377
1732952128407
1732952128465
1732952128477
1732952128491
1732952128499
1732952128548
1732952128592
1732952128611
1732952128633
1732952128678
1732952128696
1732952128711
1732952128734
1732952128796
1732952128839
1732952128860
1732952128908
1732952128986
1732952129007
1732952129019
1732952129037
1732952129080
1732952129104
1732952129136
1732952129170
1732952129210
1732952129219
1732952129239
1732952129248
1732952129297
1732952129332
1732952129342
1732952129383
1732952129425
1732952129432
1732952129453
1732952129464
1732952129513
1732952129543
1732952129553
1732952129587
1732952129633
1732952129651
1732952129684
1732952129694
1732952129753
1732952129782
1732952129789
1732952129832
1732952129881
1732952129903
1732952129909
1732952129943
1732952129979
1732952130006
1732952130013
1732952130056
1732952130109
1732952130115
1732952130132
1732952130140
1732952130189
1732952130226
1732952130235
1732952130279
1732952130323
1732952130340
1732952130347
1732952130373
1732952130421
1732952130443
1732952130461
1732952130474
1732952130533
1732952130540
1732952130561
1732952130569
1732952130612
1732952130656
1732952130660
1732952130695
1732952130733
1732952130744
1732952130768
1732952130784
1732952130843
1732952130890
1732952130901
1732952130927
1732952131021
1732952131022
1732952131071
1732952131074
1732952131104
1732952131154
1732952131160
1732952131187
1732952131233
1732952131258
1732952131278
1732952131285
1732952131337
1732952131368
1732952131381
1732952131417
1732952131460
1732952131468
1732952131498
1732952131503
1732952131542
1732952131577
1732952131583
1732952131615
1732952131660
1732952131681
1732952131690
1732952131718
1732952131754
1732952131786
1732952131790
1732952131819
1732952131870
1732952131894
1732952131898
1732952131915
1732952131943
1732952131973
1732952131994
1732952132023
1732952132062
1732952132080
1732952132086
1732952132115
1732952132143
1732952132168
1732952132198
1732952132210
1732952132251
1732952132276
1732952132282
1732952132306
1732952132339
1732952132384
1732952132389
1732952132415
1732952132472
1732952132478
1732952132493
1732952132504
1732952132546
1732952132572
1732952132579
1732952132615
1732952132653
1732952132677
1732952132682
1732952132703
1732952132749
1732952132761
1732952132792
1732952132820
1732952132858
1732952132863
1732952132882
1732952132888
1732952132929
1732952132966
1732952132973
1732952133000
1732952133041
1732952133068
1732952133073
1732952133091
1732952133140
1732952133167
1732952133173
1732952133211
1732952133253
1732952133258
1732952133288
1732952133292
1732952133340
1732952133362
1732952133383
1732952133419
1732952133459
1732952133464
1732952133484
1732952133499
1732952133568
1732952133623
1732952133652
1732952133696
1732952133736
1732952133753
1732952133770
1732952133821
1732952133854
1732952133885
1732952133894
1732952133929
1732952133983
1732952133991
1732952134009
1732952134015
1732952134064
1732952134096
1732952134121
1732952134189
1732952134269
1732952134303
1732952134326
1732952134360
1732952134417
1732952134456
1732952134462
1732952134538
1732952134586
1732952134613
1732952134618
1732952134657
1732952134703
1732952134770
1732952134775
1732952134831
1732952134913
1732952134955
1732952134959
1732952134978
1732952135027
1732952135061
1732952135090
1732952135136
1732952135175
1732952135201
1732952135222
1732952135245
1732952135297
1732952135335
1732952135351
1732952135395
1732952135458
1732952135473
1732952135494
1732952135541
1732952135576
1732952135624
1732952135646
1732952135656
1732952135695
1732952135711
1732952135725
1732952135741
1732952135798
1732952135845
1732952135871
1732952135907
1732952135974
1732952135985
1732952136010
1732952136029
1732952136086
1732952136113
1732952136137
1732952136156
1732952136201
1732952136217
1732952136232
1732952136250
1732952136311
1732952136350
1732952136356
1732952136390
1732952136424
1732952136432
1732952136458
1732952136463
1732952136516
1732952136539
1732952136548
1732952136583
1732952136623
1732952136645
1732952136652
1732952136680
1732952136752
1732952136753
1732952136770
1732952136791
1732952136823
1732952136851
1732952136876
1732952136883
1732952136947
1732952136971
1732952136994
1732952137025
1732952137061
1732952137065
1732952137070
1732952137099
1732952137133
1732952137167
1732952137170
1732952137196
1732952137243
1732952137259
1732952137264
1732952137285
1732952137348
1732952137359
1732952137382
1732952137414
1732952137456
1732952137477
1732952137484
1732952137500
1732952137561
1732952137573
1732952137601
1732952137619
1732952137663
1732952137693
1732952137703
1732952137731
1732952137777
1732952137792
1732952137819
1732952137845
1732952137879
1732952137908
1732952137912
1732952137929
1732952137970
1732952137994
1732952138024
1732952138053
1732952138082
1732952138092
1732952138123
1732952138126
1732952138161
1732952138188
1732952138216
1732952138237
1732952138278
1732952138288
1732952138306
1732952138316
1732952138368
1732952138393
1732952138418
1732952138456
1732952138499
1732952138505
1732952138512
1732952138530
1732952138570
1732952138603
1732952138611
1732952138643
1732952138699
1732952138703
1732952138738
1732952138753
1732952138810
1732952138851
1732952138896
1732952138920
1732952138984
1732952139013
1732952139047
1732952139053
1732952139101
1732952139131
1732952139139
1732952139162
1732952139220
1732952139225
1732952139233
1732952139258
1732952139292
1732952139328
1732952139334
1732952139371
1732952139410
1732952139433
1732952139441
1732952139447
1732952139492
1732952139523
1732952139528
1732952139580
1732952139608
1732952139614
1732952139625
1732952139639
1732952139684
1732952139715
1732952139732
1732952139762
1732952139805
1732952139824
1732952139843
1732952139865
1732952139905
1732952139935
1732952139951
1732952139978
1732952140037
1732952140041
1732952140048
1732952140078
1732952140115
1732952140150
1732952140154
1732952140200
1732952140233
1732952140240
1732952140265
1732952140270
1732952140324
1732952140361
1732952140366
1732952140398
1732952140432
1732952140458
1732952140465
1732952140488
1732952140533
1732952140562
1732952140566
1732952140598
1732952140652
1732952140656
1732952140664
1732952140685
1732952140747
1732952140781
1732952140789
1732952140819
1732952140867
1732952140884
1732952140898
1732952140913
1732952140956
1732952140997
1732952141023
1732952141069
1732952141143
1732952141180
1732952141204
1732952141226
1732952141277
1732952141315
1732952141334
1732952141372
1732952141452
1732952141466
1732952141514
1732952141534
1732952141576
1732952141618
1732952141643
1732952141701
1732952141752
1732952141755
1732952141784
1732952141789
1732952141850
1732952141892
1732952141912
1732952141951
1732952142011
1732952142018
1732952142048
1732952142052
1732952142094
1732952142129
1732952142139
1732952142165
1732952142215
1732952142222
1732952142250
1732952142255
1732952142301
1732952142324
1732952142342
1732952142369
1732952142415
1732952142445
1732952142452
1732952142459
1732952142499
1732952142537
1732952142543
1732952142587
1732952142652
1732952142660
1732952142687
1732952142707
1732952142763
1732952142795
1732952142825
1732952142858
1732952142916
1732952142939
1732952142949
1732952142983
1732952143030
1732952143066
1732952143086
1732952143118
1732952143161
1732952143191
1732952143199
1732952143253
1732952143283
1732952143324
1732952143353
1732952143372
1732952143439
1732952143444
1732952143479
1732952143493
1732952143556
1732952143608
1732952143623
1732952143657
1732952143693
1732952143716
1732952143721
1732952143744
1732952143787
1732952143814
1732952143826
1732952143857
1732952143903
1732952143912
1732952143928
1732952143943
1732952143980
1732952144013
1732952144020
1732952144053
1732952144101
1732952144108
1732952144138
1732952144142
1732952144188
1732952144212
1732952144230
1732952144269
1732952144305
1732952144310
1732952144333
1732952144339
1732952144381
1732952144416
1732952144423
1732952144451
1732952144510
1732952144514
1732952144535
1732952144542
1732952144582
1732952144611
1732952144635
1732952144665
1732952144697
1732952144726
1732952144731
1732952144739
1732952144792
1732952144812
1732952144837
1732952144865
1732952144923
1732952144926
1732952144934
1732952144956
1732952144996
1732952145034
1732952145039
1732952145071
1732952145114
1732952145120
1732952145149
1732952145154
1732952145192
1732952145218
1732952145247
1732952145272
1732952145311
1732952145349
1732952145352
1732952145365
1732952145396
1732952145425
1732952145432
1732952145471
1732952145502
1732952145529
1732952145551
1732952145560
1732952145632
1732952145680
1732952145689
1732952145736
1732952145792
1732952145797
1732952145827
1732952145841
1732952145898
1732952145940
1732952145961
1732952145990
1732952146054
1732952146057
1732952146076
1732952146083
1732952146141
1732952146192
1732952146205
1732952146251
1732952146307
1732952146330
1732952146353
1732952146365
1732952146413
1732952146455
1732952146487
1732952146544
1732952146598
1732952146604
1732952146621
1732952146643
1732952146694
1732952146714
1732952146735
1732952146760
1732952146814
1732952146847
1732952146859
1732952146890
1732952146955
1732952146985
1732952146990
1732952147029
1732952147074
1732952147087
1732952147094
1732952147115
1732952147150
1732952147185
1732952147192
1732952147231
1732952147261
1732952147291
1732952147297
1732952147320
1732952147378
1732952147407
1732952147440
1732952147480
1732952147526
1732952147546
1732952147559
1732952147578
1732952147643
1732952147671
1732952147698
1732952147742
1732952147799
1732952147820
1732952147825
1732952147850
1732952147895
1732952147930
1732952147938
1732952148000
1732952148034
1732952148066
1732952148072
1732952148092
1732952148173
1732952148201
1732952148209
1732952148249
1732952148327
1732952148373
1732952148387
1732952148424
1732952148509
1732952148571
1732952148579
1732952148636
1732952148692
1732952148723
1732952148730
1732952148754
1732952148810
1732952148850
1732952148877
1732952148910
1732952148972
1732952148982
1732952149045
1732952149068
1732952149119
1732952149159
1732952149240
1732952149271
1732952149373
1732952149387
1732952149417
1732952149446
1732952149501
1732952149559
1732952149569
1732952149621
1732952149688
1732952149698
1732952149717
1732952149743
1732952149801
1732952149839
1732952149864
1732952149891
1732952149956
1732952149964
1732952149978
1732952150004
1732952150074
1732952150128
1732952150156
1732952150198
1732952150285
1732952150304
1732952150342
1732952150448
1732952150526
1732952150584
1732952150607
1732952150664
1732952150725
1732952150770
1732952150790
1732952150809
1732952150861
1732952150899
1732952150924
1732952150970
1732952151012
1732952151031
1732952151051
1732952151060
1732952151134
1732952151163
1732952151174
1732952151208
1732952151291
1732952151312
1732952151334
1732952151358
1732952151412
1732952151460
1732952151492
1732952151541
1732952151579
1732952151598
1732952151619
1732952151634
1732952151739
1732952151770
1732952151792
1732952151839
1732952151907
1732952151911
1732952151923
1732952151941
1732952151989
1732952152059
1732952152092
1732952152145
1732952152222
1732952152229
1732952152276
1732952152279
1732952152335
1732952152370
1732952152390
1732952152440
1732952152489
1732952152514
1732952152530
1732952152563
1732952152649
1732952152696
1732952152722
1732952152761
1732952152817
1732952152846
1732952152865
1732952152889
1732952152954
1732952152984
1732952153000
1732952153042
1732952153093
1732952153110
1732952153122
1732952153141
1732952153185
1732952153223
1732952153229
1732952153263
1732952153313
1732952153336
1732952153341
1732952153360
1732952153412
1732952153444
1732952153449
1732952153488
1732952153531
1732952153540
1732952153559
1732952153578
1732952153635
1732952153673
1732952153694
1732952153719
1732952153776
1732952153797
1732952153815
1732952153837
1732952153905
1732952153944
1732952153951
1732952153993
1732952154038
1732952154057
1732952154079
1732952154087
1732952154144
1732952154181
1732952154186
1732952154222
1732952154260
1732952154277
1732952154291
1732952154297
1732952154364
1732952154376
1732952154398
1732952154430
1732952154481
1732952154486
1732952154493
1732952154518
1732952154550
1732952154594
1732952154606
1732952154644
1732952154686
1732952154713
1732952154719
1732952154734
1732952154788
1732952154819
1732952154836
1732952154874
1732952154925
1732952154931
1732952154957
1732952154963
1732952155025
1732952155041
1732952155063
1732952155113
1732952155181
1732952155212
1732952155242
1732952155249
1732952155297
1732952155336
1732952155342
1732952155418
1732952155469
1732952155488
1732952155495
1732952155526
1732952155555
1732952155586
1732952155616
1732952155653
1732952155708
1732952155732
1732952155761
1732952155783
1732952155878
1732952155887
1732952155940
1732952155983
1732952155998
1732952156035
1732952156055
1732952156060
1732952156099
1732952156129
1732952156159
1732952156177
1732952156223
1732952156250
1732952156256
1732952156279
1732952156327
1732952156361
1732952156371
1732952156393
1732952156440
1732952156450
1732952156477
1732952156484
1732952156539
1732952156583
1732952156608
1732952156663
1732952156708
1732952156745
1732952156749
1732952156776
1732952156805
1732952156841
1732952156847
1732952156886
1732952156925
1732952156931
1732952156953
1732952156960
1732952157007
1732952157038
1732952157057
1732952157083
1732952157134
1732952157144
1732952157159
1732952157183
1732952157224
1732952157259
1732952157266
1732952157298
1732952157345
1732952157354
1732952157380
1732952157385
1732952157437
1732952157450
1732952157478
1732952157514
1732952157545
1732952157552
1732952157579
1732952157584
1732952157623
1732952157662
1732952157669
1732952157703
1732952157747
1732952157753
1732952157778
1732952157785
1732952157831
1732952157862
1732952157869
1732952157896
1732952157937
1732952157966
1732952157971
1732952157990
1732952158035
1732952158074
1732952158082
1732952158128
1732952158220
1732952158225
1732952158234
1732952158243
1732952158302
1732952158343
1732952158355
1732952158390
1732952158441
1732952158450
1732952158480
1732952158486
1732952158532
1732952158559
1732952158582
1732952158623
1732952158649
1732952158672
1732952158678
1732952158702
1732952158752
1732952158792
1732952158826
1732952158877
1732952158932
1732952158938
1732952158970
1732952158975
1732952159020
1732952159061
1732952159068
1732952159127
1732952159172
1732952159179
1732952159188
1732952159233
1732952159271
1732952159303
1732952159332
1732952159362
1732952159406
1732952159428
1732952159442
1732952159452
1732952159498
1732952159530
1732952159558
1732952159593
1732952159645
1732952159651
1732952159684
1732952159689
1732952159734
1732952159767
1732952159772
1732952159797
1732952159900
1732952159937
1732952159944
1732952159967
1732952160100
1732952160150
1732952160157
1732952160208
1732952160323
1732952160354
1732952160393
1732952160406
1732952160485
1732952160541
1732952160560
1732952160627
1732952160671
1732952160692
1732952160709
1732952160728
1732952160795
1732952160836
1732952160857
1732952160907
1732952161003
1732952161025
1732952161056
1732952161066
1732952161153
1732952161224
1732952161262
1732952161300
1732952161376
1732952161406
1732952161426
1732952161450
1732952161557
1732952161583
1732952161621
1732952161642
1732952161722
1732952161748
1732952161758
1732952161790
1732952161854
1732952161918
1732952161942
1732952162048
1732952162116
1732952162147
1732952162183
1732952162213
1732952162293
1732952162328
1732952162360
1732952162415
1732952162470
1732952162493
1732952162516
1732952162537
1732952162622
1732952162674
1732952162683
1732952162751
1732952162820
1732952162852
1732952162859
1732952162887
1732952162964
1732952163004
1732952163029
1732952163075
1732952163184
1732952163208
1732952163219
1732952163250
1732952163336
1732952163379
1732952163394
1732952163442
1732952163515
1732952163536
1732952163559
1732952163584
1732952163678
1732952163721
1732952163743
1732952163770
1732952163844
1732952163872
1732952163903
1732952163911
1732952163992
1732952164043
1732952164071
1732952164113
1732952164179
1732952164240
1732952164246
1732952164259
1732952164404
1732952164445
1732952164473
1732952164530
1732952164555
1732952164562
1732952164578
1732952164613
1732952164678
1732952164726
1732952164753
1732952164800
1732952164875
1732952164902
1732952164922
1732952164992
1732952165022
1732952165068
1732952165087
1732952165146
1732952165227
1732952165239
1732952165259
1732952165290
1732952165370
1732952165415
1732952165451
1732952165477
1732952165570
1732952165595
1732952165631
1732952165672
1732952165738
1732952165783
1732952165801
1732952165865
1732952165942
1732952165951
1732952165974
1732952165997
1732952166063
1732952166119
1732952166139
1732952166195
1732952166278
1732952166299
1732952166315
1732952166331
1732952166437
1732952166481
1732952166489
1732952166532
1732952166603
1732952166631
1732952166662
1732952166679
1732952166764
1732952166848
1732952166891
1732952166957
1732952167075
1732952167111
1732952167146
1732952167190
1732952167260
1732952167301
1732952167348
1732952167389
1732952167460
1732952167475
1732952167496
1732952167527
1732952167593
1732952167657
1732952167666
1732952167717
1732952167914
1732952167948
1732952167999
1732952168008
1732952168068
1732952168111
1732952168116
1732952168160
1732952168258
1732952168264
1732952168294
1732952168302
1732952168441
1732952168477
1732952168504
1732952168555
1732952168634
1732952168662
1732952168674
1732952168710
1732952168790
1732952168859
1732952168913
1732952168979
1732952169070
1732952169100
1732952169119
1732952169169
1732952169229
1732952169275
1732952169299
1732952169357
1732952169429
1732952169460
1732952169478
1732952169499
1732952169568
1732952169640
1732952169675
1732952169742
1732952169842
1732952169848
1732952169866
1732952169889
1732952169983
1732952170009
1732952170049
1732952170077
1732952170178
1732952170197
1732952170219
1732952170246
1732952170319
1732952170365
1732952170394
1732952170442
1732952170532
1732952170558
1732952170566
1732952170596
1732952170678
1732952170723
1732952170745
1732952170791
1732952170878
1732952170899
1732952170918
1732952170936
1732952171008
1732952171068
1732952171073
1732952171116
1732952171204
1732952171258
1732952171267
1732952171271
1732952171319
1732952171354
1732952171395
1732952171445
1732952171512
1732952171532
1732952171566
1732952171571
1732952171643
1732952171763
1732952171851
1732952171885
1732952171960
1732952171984
1732952171992
1732952171998
1732952172076
1732952172115
1732952172135
1732952172187
1732952172255
1732952172286
1732952172303
1732952172328
1732952172403
1732952172511
1732952172534
1732952172585
1732952172637
1732952172666
1732952172693
1732952172721
1732952172803
1732952172840
1732952172868
1732952172914
1732952172985
1732952172997
1732952173025
1732952173054
1732952173111
1732952173164
1732952173179
1732952173223
1732952173321
1732952173350
1732952173363
1732952173387
1732952173429
1732952173485
1732952173517
1732952173553
1732952173618
1732952173647
1732952173654
1732952173683
1732952173736
1732952173748
1732952173777
1732952173805
1732952173857
1732952173863
1732952173871
1732952173894
1732952173941
1732952173980
1732952173999
1732952174027
1732952174069
1732952174087
1732952174113
1732952174121
1732952174184
1732952174207
1732952174231
1732952174257
1732952174307
1732952174328
1732952174334
1732952174361
1732952174405
1732952174431
1732952174440
1732952174477
1732952174534
1732952174539
1732952174562
1732952174568
1732952174613
1732952174657
1732952174668
1732952174716
1732952174774
1732952174811
1732952174828
1732952174836
1732952174904
1732952174941
1732952174946
1732952174979
1732952175037
1732952175049
1732952175059
1732952175079
1732952175155
1732952175180
1732952175193
1732952175230
1732952175291
1732952175298
1732952175317
1732952175339
1732952175392
1732952175423
1732952175444
1732952175477
1732952175524
1732952175535
1732952175554
1732952175570
1732952175625
1732952175647
1732952175666
1732952175688
1732952175739
1732952175759
1732952175784
1732952175805
1732952175855
1732952175905
1732952175912
1732952175938
1732952175983
1732952176011
1732952176024
1732952176043
1732952176089
1732952176123
1732952176136
1732952176163
1732952176198
1732952176215
1732952176231
1732952176258
1732952176305
1732952176377
1732952176390
1732952176408
1732952176455
1732952176467
1732952176499
1732952176507
1732952176579
1732952176590
1732952176613
1732952176642
1732952176720
1732952176735
1732952176752
1732952176772
1732952176827
1732952176857
1732952176878
1732952176918
1732952176983
1732952176989
1732952177006
1732952177026
1732952177094
1732952177111
1732952177131
1732952177172
1732952177234
1732952177242
1732952177260
1732952177282
1732952177339
1732952177372
1732952177391
1732952177437
1732952177500
1732952177521
1732952177543
1732952177554
1732952177627
1732952177657
1732952177670
1732952177708
1732952177761
1732952177776
1732952177813
1732952177818
1732952177880
1732952177906
1732952177912
1732952177950
1732952177994
1732952178027
1732952178036
1732952178062
1732952178119
1732952178146
1732952178158
1732952178202
1732952178246
1732952178276
1732952178283
1732952178308
1732952178374
1732952178419
1732952178441
1732952178482
1732952178541
1732952178559
1732952178586
1732952178611
1732952178661
1732952178722
1732952178726
1732952178755
1732952178800
1732952178847
1732952178852
1732952178860
1732952178913
1732952178950
1732952178972
1732952179011
1732952179072
1732952179091
1732952179107
1732952179127
1732952179178
1732952179224
1732952179230
1732952179272
1732952179313
1732952179340
1732952179368
1732952179374
1732952179411
1732952179473
1732952179479
1732952179510
1732952179549
1732952179557
1732952179587
1732952179591
1732952179638
1732952179691
1732952179702
1732952179770
1732952179817
1732952179849
1732952179859
1732952179893
1732952179941
1732952179976
1732952180004
1732952180033
1732952180076
1732952180114
1732952180122
1732952180152
1732952180190
1732952180232
1732952180239
1732952180290
1732952180330
1732952180353
1732952180362
1732952180383
1732952180442
1732952180472
1732952180489
1732952180511
1732952180560
1732952180573
1732952180592
1732952180617
1732952180663
1732952180686
1732952180709
1732952180745
1732952180780
1732952180802
1732952180816
1732952180840
1732952180873
1732952180908
1732952180925
1732952180952
1732952180998
1732952181028
1732952181038
1732952181046
1732952181090
1732952181117
1732952181137
1732952181162
1732952181205
1732952181236
1732952181242
1732952181265
1732952181314
1732952181355
1732952181365
1732952181396
1732952181444
1732952181466
1732952181472
1732952181496
1732952181540
1732952181577
1732952181583
1732952181635
1732952181681
1732952181705
1732952181718
1732952181728
1732952181779
1732952181807
1732952181833
1732952181856
1732952181905
1732952181919
1732952181928
1732952181955
1732952182001
1732952182031
1732952182037
1732952182068
1732952182111
1732952182129
1732952182155
1732952182178
1732952182236
1732952182269
1732952182314
1732952182357
1732952182377
1732952182390
1732952182414
1732952182424
1732952182487
1732952182528
1732952182546
1732952182571
1732952182634
1732952182678
1732952182683
1732952182690
1732952182752
1732952182785
1732952182806
1732952182862
1732952182929
1732952182937
1732952182960
1732952182975
1732952183034
1732952183078
1732952183094
1732952183127
1732952183191
1732952183214
1732952183226
1732952183274
1732952183300
1732952183350
1732952183384
1732952183399
1732952183464
1732952183494
1732952183499
1732952183518
1732952183574
1732952183599
1732952183625
1732952183664
1732952183726
1732952183730
1732952183764
1732952183768
1732952183812
1732952183854
1732952183870
1732952183921
1732952183973
1732952183989
1732952184006
1732952184021
1732952184078
1732952184110
1732952184129
1732952184178
1732952184217
1732952184243
1732952184260
1732952184266
1732952184353
1732952184381
1732952184397
1732952184446
1732952184484
1732952184508
1732952184536
1732952184546
1732952184637
1732952184646
1732952184668
1732952184703
1732952184768
1732952184784
1732952184817
1732952184820
1732952184884
1732952184936
1732952184949
1732952184980
1732952185029
1732952185060
1732952185083
1732952185090
1732952185137
1732952185167
1732952185201
1732952185252
1732952185288
1732952185296
1732952185313
1732952185338
1732952185395
1732952185428
1732952185444
1732952185485
1732952185524
1732952185546
1732952185559
1732952185593
1732952185629
1732952185668
1732952185685
1732952185743
1732952185789
1732952185803
1732952185814
1732952185835
1732952185893
1732952185927
1732952185945
1732952185980
1732952186049
1732952186094
1732952186101
1732952186101
1732952186146
1732952186204
1732952186209
1732952186239
1732952186293
1732952186304
1732952186341
1732952186365
1732952186400
1732952186434
1732952186456
1732952186509
1732952186552
1732952186578
1732952186599
1732952186604
1732952186668
1732952186695
1732952186708
1732952186768
1732952186798
1732952186814
1732952186831
1732952186869
1732952186951
1732952186992
1732952186999
1732952187009
1732952187066
1732952187084
1732952187113
1732952187123
1732952187182
1732952187225
1732952187245
1732952187280
1732952187340
1732952187346
1732952187372
1732952187383
1732952187445
1732952187494
1732952187504
1732952187542
1732952187599
1732952187616
1732952187633
1732952187653
1732952187695
1732952187740
1732952187762
1732952187792
1732952187842
1732952187867
1732952187892
1732952187915
1732952187982
1732952188005
1732952188031
1732952188063
1732952188124
1732952188140
1732952188151
1732952188177
1732952188233
1732952188263
1732952188282
1732952188336
1732952188390
1732952188414
1732952188439
1732952188448
1732952188517
1732952188561
1732952188575
1732952188616
1732952188677
1732952188694
1732952188716
1732952188732
1732952188799
1732952188842
1732952188861
1732952188896
1732952188961
1732952188979
1732952188996
1732952189030
1732952189075
1732952189111
1732952189129
1732952189175
1732952189224
1732952189249
1732952189269
1732952189295
1732952189353
1732952189392
1732952189413
1732952189453
1732952189526
1732952189536
1732952189574
1732952189580
1732952189652
1732952189679
1732952189696
1732952189744
1732952189815
1732952189829
1732952189845
1732952189869
1732952189932
1732952189977
1732952189994
1732952190046
1732952190117
1732952190136
1732952190162
1732952190182
1732952190248
1732952190291
1732952190304
1732952190347
1732952190411
1732952190439
1732952190459
1732952190482
1732952190550
1732952190599
1732952190627
1732952190662
1732952190723
1732952190730
1732952190755
1732952190768
1732952190841
1732952190890
1732952190898
1732952190944
1732952191007
1732952191031
1732952191041
1732952191056
1732952191119
1732952191168
1732952191208
1732952191230
1732952191284
1732952191309
1732952191325
1732952191346
1732952191417
1732952191456
1732952191478
1732952191519
1732952191583
1732952191610
1732952191633
1732952191656
1732952191712
1732952191752
1732952191773
1732952191810
1732952191864
1732952191873
1732952191901
1732952191911
1732952191984
1732952192023
1732952192041
1732952192077
1732952192135
1732952192143
1732952192167
1732952192174
1732952192240
1732952192290
1732952192297
1732952192338
1732952192409
1732952192429
1732952192436
1732952192454
1732952192507
1732952192553
1732952192563
1732952192597
1732952192654
1732952192684
1732952192700
1732952192718
1732952192766
1732952192816
1732952192824
1732952192873
1732952192923
1732952192941
1732952192969
1732952192974
1732952193026
1732952193068
1732952193096
1732952193124
1732952193189
1732952193195
1732952193211
1732952193244
1732952193306
1732952193376
1732952193397
1732952193420
1732952193476
1732952193500
1732952193521
1732952193539
1732952193604
1732952193657
1732952193684
1732952193729
1732952193785
1732952193814
1732952193821
1732952193849
1732952193905
1732952193970
1732952193986
1732952194046
1732952194109
1732952194116
1732952194146
1732952194162
1732952194225
1732952194261
1732952194308
1732952194348
1732952194410
1732952194442
1732952194461
1732952194480
1732952194536
1732952194587
1732952194603
1732952194652
1732952194729
1732952194743
1732952194757
1732952194781
1732952194847
1732952194900
1732952194923
1732952194964
1732952195023
1732952195043
1732952195078
1732952195097
1732952195148
1732952195185
1732952195212
1732952195246
1732952195342
1732952195398
1732952195404
1732952195433
1732952195491
1732952195514
1732952195535
1732952195609
1732952195659
1732952195689
1732952195706
1732952195735
1732952195792
1732952195838
1732952195867
1732952195895
1732952195967
1732952195976
1732952195995
1732952196012
1732952196078
1732952196112
1732952196145
1732952196170
1732952196245
1732952196251
1732952196285
1732952196302
1732952196359
1732952196396
1732952196415
1732952196480
1732952196516
1732952196529
1732952196543
1732952196581
1732952196627
1732952196692
1732952196697
1732952196758
1732952196811
1732952196817
1732952196838
1732952196842
1732952196896
1732952196934
1732952196953
1732952196996
1732952197050
1732952197074
1732952197093
1732952197114
1732952197165
1732952197202
1732952197221
1732952197287
1732952197356
1732952197379
1732952197392
1732952197424
1732952197475
1732952197522
1732952197546
1732952197584
1732952197639
1732952197665
1732952197691
1732952197705
1732952197775
1732952197816
1732952197836
1732952197892
1732952197953
1732952197974
1732952198004
1732952198031
1732952198095
1732952198119
1732952198144
1732952198189
1732952198247
1732952198282
1732952198288
1732952198316
1732952198365
1732952198413
1732952198444
1732952198477
1732952198537
1732952198544
1732952198575
1732952198586
1732952198662
1732952198705
1732952198740
1732952198794
1732952198890
1732952198912
1732952198959
1732952198977
1732952199068
1732952199112
1732952199131
1732952199186
1732952199256
1732952199283
1732952199322
1732952199331
1732952199393
1732952199445
1732952199452
1732952199513
1732952199568
1732952199587
1732952199601
1732952199632
1732952199685
1732952199730
1732952199770
1732952199782
1732952199903
1732952199913
1732952199921
1732952199972
1732952200099
1732952200197
1732952200197
1732952200198
1732952200619
1732952200620
1732952200641
1732952200679
1732952200713
1732952200792
1732952200792
1732952200793
1732952200874
1732952200877
1732952200893
1732952200893
1732952200928
1732952200952
1732952200954
1732952200985
1732952201019
1732952201027
1732952201054
1732952201055
1732952201126
1732952201162
1732952201201
1732952201214
1732952201276
1732952201318
1732952201326
1732952201359
1732952201440
1732952201465
1732952201492
1732952201538
1732952201603
1732952201627
1732952201646
1732952201674
1732952201739
1732952201784
1732952201830
1732952201867
1732952201970
1732952201987
1732952201994
1732952202014
1732952202092
1732952202166
1732952202183
1732952202192
1732952202276
1732952202297
1732952202331
1732952202352
1732952202419
1732952202533
1732952202533
1732952202563
1732952202617
1732952202624
1732952202645
1732952202680
1732952202716
1732952202762
1732952202782
1732952202843
1732952202927
1732952202953
1732952202978
1732952203003
1732952203087
1732952203142
1732952203171
1732952203205
1732952203281
1732952203309
1732952203321
1732952203357
1732952203446
1732952203517
1732952203539
1732952203605
1732952203747
1732952203770
1732952203830
1732952203885
1732952204008
1732952204082
1732952204125
1732952204187
1732952204278
1732952204314
1732952204343
1732952204393
1732952204586
1732952204654
1732952204685
1732952204755
1732952204863
1732952204926
1732952204950
1732952204985
1732952205149
1732952205199
1732952205240
1732952205346
1732952205438
1732952205473
1732952205545
1732952205599
1732952205721
1732952205777
1732952205804
1732952205870
1732952205987
1732952206009
