1732942969647
1732942983105
1732942983146
1732942983181
1732942983283
1732942983382
1732942983420
1732942983458
1732942983501
1732942984071
1732942984192
1732942984199
1732942984259
1732942984355
1732942984375
1732942984420
1732942984435
1732942984530
1732942984603
1732942984616
1732942984689
1732942984772
1732942984803
1732942984815
1732942984840
1732942984907
1732942984966
1732942985067
1732942985082
1732942985094
1732942985118
1732942985152
1732942985161
1732942985227
1732942985272
1732942985280
1732942985325
1732942985393
1732942985414
1732942985446
1732942985478
1732942985524
1732942985574
1732942985596
1732942985640
1732942985704
1732942985723
1732942985745
1732942985765
1732942985821
1732942985863
1732942985894
1732942985925
1732942985985
1732942986021
1732942986041
1732942986056
1732942986132
1732942986156
1732942986166
1732942986202
1732942986269
1732942986287
1732942986309
1732942986337
1732942986388
1732942986436
1732942986466
1732942986517
1732942986583
1732942986605
1732942986627
1732942986650
1732942990383
1732942990469
1732942990485
1732942990517
1732942990685
1732942990796
1732942990803
1732942990852
1732942990984
1732942991049
1732942991077
1732942991162
1732942991293
1732942991352
1732942991393
1732942991479
1732942991586
1732942991650
1732942991679
1732942991746
1732942991840
1732942991862
1732942991889
1732942991910
1732942992036
1732942992066
1732942992097
1732942992123
1732942992191
1732942992223
1732942992242
1732942992263
1732942992330
1732942992377
1732942992400
1732942992454
1732942992524
1732942992551
1732942992573
1732942992622
1732942992697
1732942992718
1732942992748
1732942992789
1732942992874
1732942992907
1732942992916
1732942992956
1732942993016
1732942993077
1732942993090
1732942993162
1732942993226
1732942993233
1732942993258
1732942993283
1732942993370
1732942993424
1732942993445
1732942993502
1732942993572
1732942993618
1732942993650
1732942993657
1732942993821
1732942993866
1732942993869
1732942993918
1732942993974
1732942993990
1732942994022
1732942994060
1732942994116
1732942994165
1732942994191
1732942994232
1732942994307
1732942994333
1732942994379
1732942994386
1732942994453
1732942994502
1732942994534
1732942994573
1732942994633
1732942994657
1732942994683
1732942994698
1732942994773
1732942994807
1732942994822
1732942994876
1732942994953
1732942994963
1732942994988
1732942995010
1732942995097
1732942995134
1732942995176
1732942995219
1732942995303
1732942995356
1732942995360
1732942995377
1732942995459
1732942995497
1732942995538
1732942995599
1732942995703
1732942995710
1732942995744
1732942995768
1732942995864
1732942995910
1732942995929
1732942995985
1732942996064
1732942996114
1732942996161
1732942996207
1732942996265
1732942996308
1732942996325
1732942996370
1732942996452
1732942996458
1732942996520
1732942996521
1732942996570
1732942996623
1732942996630
1732942996672
1732942996734
1732942996755
1732942996776
1732942996814
1732942996882
1732942996916
1732942996946
1732942997000
1732942997075
1732942997105
1732942997127
1732942997141
1732942997236
1732942997257
1732942997277
1732942997312
1732942997381
1732942997399
1732942997409
1732942997440
1732942997498
1732942997530
1732942997577
1732942997597
1732942997665
1732942997671
1732942997696
1732942997715
1732942997776
1732942997818
1732942997840
1732942997934
1732942997983
1732942997989
1732942998020
1732942998028
1732942998110
1732942998145
1732942998168
1732942998207
1732942998270
1732942998291
1732942998311
1732942998336
1732942998397
1732942998437
1732942998457
1732942998525
1732942998571
1732942998596
1732942998621
1732942998649
1732942998719
1732942998777
1732942998788
1732942998835
1732942998908
1732942998936
1732942998962
1732942998988
1732942999106
1732942999162
1732942999184
1732942999235
1732942999308
1732942999326
1732942999353
1732942999368
1732942999455
1732942999500
1732942999506
1732942999548
1732942999644
1732942999648
1732942999686
1732942999712
1732942999763
1732942999796
1732942999824
1732942999881
1732942999939
1732942999971
1732942999985
1732942999997
1732943000077
1732943000130
1732943000174
1732943000231
1732943000348
1732943000383
1732943000391
1732943000410
1732943000508
1732943000558
1732943000582
1732943000629
1732943000704
1732943000723
1732943000751
1732943000773
1732943000851
1732943000909
1732943000930
1732943000984
1732943001065
1732943001076
1732943001092
1732943001113
1732943001188
1732943001226
1732943001253
1732943001288
1732943001352
1732943001367
1732943001396
1732943001424
1732943001477
1732943001532
1732943001561
1732943001603
1732943001676
1732943001688
1732943001711
1732943001742
1732943001816
1732943001873
1732943001952
1732943001988
1732943002058
1732943002091
1732943002116
1732943002160
1732943002237
1732943002296
1732943002311
1732943002362
1732943002427
1732943002457
1732943002467
1732943002501
1732943002568
1732943002603
1732943002622
1732943002662
1732943002739
1732943002745
1732943002777
1732943002788
1732943002857
1732943002903
1732943002907
1732943002958
1732943003023
1732943003049
1732943003072
1732943003100
1732943003163
1732943003209
1732943003228
1732943003275
1732943003334
1732943003358
1732943003379
1732943003400
1732943003469
1732943003492
1732943003517
1732943003556
1732943003621
1732943003650
1732943003661
1732943003691
1732943003750
1732943003784
1732943003810
1732943003848
1732943003914
1732943003943
1732943003966
1732943003986
1732943004060
1732943004086
1732943004106
1732943004163
1732943004249
1732943004289
1732943004294
1732943004312
1732943004425
1732943004475
1732943004490
1732943004544
1732943004614
1732943004643
1732943004650
1732943004698
1732943004739
1732943004789
1732943004808
1732943004850
1732943004914
1732943004930
1732943004958
1732943004981
1732943005057
1732943005114
1732943005133
1732943005189
1732943005249
1732943005269
1732943005291
1732943005311
1732943005378
1732943005439
1732943005449
1732943005497
1732943005556
1732943005581
1732943005626
1732943005632
1732943005693
1732943005759
1732943005767
1732943005803
1732943005868
1732943005880
1732943005903
1732943005927
1732943006005
1732943006027
1732943006045
1732943006097
1732943006177
1732943006182
1732943006202
1732943006231
1732943006290
1732943006344
1732943006391
1732943006423
1732943006462
1732943006502
1732943006533
1732943006541
1732943006597
1732943006633
1732943006655
1732943006700
1732943006766
1732943006806
1732943006807
1732943006830
1732943006889
1732943006934
1732943006962
1732943007016
1732943007057
1732943007082
1732943007111
1732943007117
1732943007210
1732943007228
1732943007262
1732943007291
1732943007356
1732943007374
1732943007410
1732943007416
1732943007476
1732943007518
1732943007558
1732943007595
1732943007663
1732943007690
1732943007697
1732943007715
1732943007789
1732943007818
1732943007843
1732943007886
1732943007942
1732943007968
1732943007987
1732943008001
1732943008059
1732943008095
1732943008150
1732943008162
1732943008222
1732943008249
1732943008273
1732943008294
1732943008370
1732943008396
1732943008416
1732943008463
1732943008522
1732943008563
1732943008571
1732943008594
1732943008656
1732943008707
1732943008726
1732943008762
1732943008832
1732943008872
1732943008902
1732943008940
1732943009015
1732943009086
1732943009128
1732943009157
1732943009189
1732943009198
1732943009253
1732943009260
1732943009309
1732943009367
1732943009392
1732943009424
1732943009493
1732943009499
1732943009521
1732943009530
1732943009596
1732943009643
1732943009681
1732943009710
1732943009775
1732943009798
1732943009820
1732943009836
1732943009910
1732943009963
1732943009983
1732943010039
1732943010079
1732943010093
1732943010115
1732943010143
1732943010199
1732943010261
1732943010267
1732943010319
1732943010414
1732943010471
1732943010508
1732943010516
1732943010630
1732943010676
1732943010703
1732943010762
1732943010822
1732943010834
1732943010852
1732943010892
1732943010941
1732943010985
1732943011005
1732943011054
1732943011102
1732943011125
1732943011143
1732943011172
1732943011231
1732943011289
1732943011306
1732943011341
1732943011390
1732943011412
1732943011438
1732943011459
1732943011545
1732943011577
1732943011588
1732943011646
1732943011717
1732943011731
1732943011753
1732943011779
1732943011861
1732943011913
1732943011937
1732943012026
1732943012092
1732943012118
1732943012163
1732943012175
1732943012257
1732943012323
1732943012341
1732943012382
1732943012457
1732943012471
1732943012486
1732943012511
1732943012588
1732943012654
1732943012666
1732943012740
1732943012804
1732943012820
1732943012848
1732943012871
1732943012927
1732943013009
1732943013016
1732943013052
1732943013123
1732943013146
1732943013175
1732943013191
1732943013254
1732943013292
1732943013319
1732943013354
1732943013436
1732943013441
1732943013464
1732943013489
1732943013539
1732943013575
1732943013600
1732943013641
1732943013700
1732943013712
1732943013741
1732943013760
1732943013836
1732943013869
1732943013881
1732943013955
1732943013989
1732943014003
1732943014035
1732943014048
1732943014106
1732943014147
1732943014183
1732943014240
1732943014366
1732943014389
1732943014416
1732943014439
1732943014519
1732943014546
1732943014566
1732943014595
1732943014650
1732943014664
1732943014688
1732943014711
1732943014785
1732943014823
1732943014847
1732943014906
1732943014977
1732943015004
1732943015033
1732943015057
1732943015125
1732943015173
1732943015197
1732943015242
1732943015304
1732943015319
1732943015340
1732943015360
1732943015421
1732943015453
1732943015474
1732943015514
1732943015602
1732943015606
1732943015620
1732943015649
1732943015692
1732943015737
1732943015756
1732943015810
1732943015856
1732943015885
1732943015907
1732943015929
1732943016001
1732943016041
1732943016090
1732943016118
1732943016191
1732943016197
1732943016233
1732943016238
1732943016296
1732943016362
1732943016367
1732943016401
1732943016481
1732943016487
1732943016501
1732943016523
1732943016584
1732943016649
1732943016668
1732943016721
1732943016763
1732943016800
1732943016807
1732943016850
1732943016906
1732943016939
1732943016976
1732943017010
1732943017068
1732943017089
1732943017112
1732943017138
1732943017217
1732943017253
1732943017270
1732943017305
1732943017364
1732943017383
1732943017403
1732943017423
1732943017487
1732943017525
1732943017548
1732943017581
1732943017644
1732943017671
1732943017710
1732943017731
1732943017783
1732943017825
1732943017861
1732943017891
1732943017958
1732943017974
1732943018002
1732943018018
1732943018098
1732943018140
1732943018146
1732943018187
1732943018255
1732943018275
1732943018295
1732943018316
1732943018380
1732943018426
1732943018444
1732943018483
1732943018545
1732943018565
1732943018586
1732943018623
1732943018670
1732943018712
1732943018744
1732943018775
1732943018846
1732943018862
1732943018885
1732943018901
1732943018965
1732943019002
1732943019029
1732943019064
1732943019127
1732943019143
1732943019167
1732943019193
1732943019263
1732943019302
1732943019323
1732943019377
1732943019430
1732943019457
1732943019464
1732943019483
1732943019550
1732943019585
1732943019614
1732943019651
1732943019707
1732943019744
1732943019775
1732943019793
1732943019862
1732943019897
1732943019917
1732943019964
1732943020033
1732943020051
1732943020071
1732943020096
1732943020167
1732943020220
1732943020250
1732943020291
1732943020384
1732943020387
1732943020404
1732943020422
1732943020485
1732943020524
1732943020561
1732943020595
1732943020654
1732943020681
1732943020710
1732943020731
1732943020819
1732943020853
1732943020858
1732943020905
1732943020970
1732943020991
1732943021019
1732943021026
1732943021091
1732943021131
1732943021149
1732943021207
1732943021264
1732943021296
1732943021324
1732943021329
1732943021395
1732943021438
1732943021464
1732943021495
1732943021559
1732943021584
1732943021604
1732943021624
1732943021695
1732943021738
1732943021770
1732943021825
1732943021944
1732943021948
1732943021979
1732943022008
1732943022075
1732943022123
1732943022153
1732943022208
1732943022287
1732943022307
1732943022322
1732943022348
1732943022421
1732943022466
1732943022483
1732943022531
1732943022601
1732943022616
1732943022632
1732943022664
1732943022738
1732943022764
1732943022789
1732943022832
1732943022904
1732943022926
1732943022952
1732943022973
1732943023042
1732943023091
1732943023115
1732943023156
1732943023234
1732943023257
1732943023269
1732943023292
1732943023361
1732943023390
1732943023422
1732943023469
1732943023518
1732943023533
1732943023556
1732943023580
1732943023651
1732943023686
1732943023702
1732943023739
1732943023795
1732943023844
1732943023847
1732943023863
1732943023919
1732943023967
1732943023982
1732943024033
1732943024094
1732943024112
1732943024139
1732943024151
1732943024219
1732943024281
1732943024305
1732943024364
1732943024427
1732943024450
1732943024475
1732943024496
1732943024598
1732943024667
1732943024694
1732943024753
1732943024807
1732943024851
1732943024862
1732943024884
1732943024958
1732943024996
1732943025011
1732943025073
1732943025126
1732943025140
1732943025184
1732943025194
1732943025280
1732943025320
1732943025363
1732943025407
1732943025487
1732943025508
1732943025517
1732943025543
1732943025607
1732943025657
1732943025681
1732943025707
1732943025772
1732943025805
1732943025820
1732943025840
1732943025896
1732943025941
1732943025980
1732943026005
1732943026069
1732943026092
1732943026114
1732943026132
1732943026203
1732943026243
1732943026279
1732943026313
1732943026369
1732943026389
1732943026416
1732943026439
1732943026499
1732943026540
1732943026567
1732943026610
1732943026678
1732943026695
1732943026719
1732943026742
1732943026819
1732943026858
1732943026882
1732943026938
1732943027023
1732943027050
1732943027058
1732943027085
1732943027160
1732943027186
1732943027202
1732943027246
1732943027319
1732943027337
1732943027352
1732943027372
1732943027437
1732943027476
1732943027496
1732943027558
1732943027620
1732943027629
1732943027658
1732943027677
1732943027753
1732943027813
1732943027819
1732943027861
1732943027904
1732943027928
1732943027944
1732943027968
1732943028023
1732943028077
1732943028098
1732943028142
1732943028234
1732943028240
1732943028260
1732943028284
1732943028356
1732943028409
1732943028437
1732943028471
1732943028530
1732943028552
1732943028573
1732943028595
1732943028661
1732943028709
1732943028735
1732943028772
1732943028835
1732943028872
1732943028897
1732943028904
1732943028965
1732943029007
1732943029028
1732943029070
1732943029135
1732943029178
1732943029184
1732943029207
1732943029271
1732943029317
1732943029329
1732943029374
1732943029433
1732943029451
1732943029491
1732943029496
1732943029566
1732943029595
1732943029629
1732943029671
1732943029731
1732943029750
1732943029768
1732943029788
1732943029857
1732943029899
1732943029925
1732943029979
1732943030012
1732943030031
1732943030065
1732943030097
1732943030146
1732943030184
1732943030201
1732943030249
1732943030317
1732943030334
1732943030350
1732943030365
1732943030433
1732943030475
1732943030487
1732943030530
1732943030593
1732943030617
1732943030638
1732943030648
1732943030711
1732943030748
1732943030777
1732943030815
1732943030877
1732943030900
1732943030919
1732943030945
1732943031004
1732943031043
1732943031066
1732943031114
1732943031177
1732943031194
1732943031213
1732943031231
1732943031298
1732943031339
1732943031360
1732943031399
1732943031467
1732943031488
1732943031508
1732943031528
1732943031593
1732943031652
1732943031666
1732943031699
1732943031769
1732943031808
1732943031823
1732943031849
1732943031930
1732943031988
1732943032027
1732943032092
1732943032169
1732943032191
1732943032217
1732943032253
1732943032321
1732943032362
1732943032381
1732943032423
1732943032484
1732943032509
1732943032529
1732943032554
1732943032608
1732943032652
1732943032682
1732943032722
1732943032784
1732943032804
1732943032830
1732943032857
1732943032940
1732943032987
1732943033005
1732943033038
1732943033121
1732943033142
1732943033165
1732943033185
1732943033263
1732943033305
1732943033325
1732943033378
1732943033432
1732943033469
1732943033472
1732943033498
1732943033580
1732943033603
1732943033624
1732943033663
1732943033726
1732943033772
1732943033776
1732943033799
1732943033863
1732943033903
1732943033910
1732943034016
1732943034076
1732943034102
1732943034116
1732943034142
1732943034220
1732943034281
1732943034329
1732943034378
1732943034448
1732943034470
1732943034496
1732943034515
1732943034596
1732943034625
1732943034652
1732943034703
1732943034768
1732943034784
1732943034811
1732943034850
1732943034902
1732943034961
1732943034984
1732943035051
1732943035113
1732943035148
1732943035161
1732943035186
1732943035253
1732943035295
1732943035321
1732943035358
1732943035431
1732943035450
1732943035488
1732943035493
1732943035559
1732943035603
1732943035617
1732943035665
1732943035727
1732943035746
1732943035763
1732943035785
1732943035843
1732943035884
1732943035903
1732943035944
1732943036010
1732943036026
1732943036058
1732943036071
1732943036134
1732943036165
1732943036188
1732943036229
1732943036297
1732943036355
1732943036360
1732943036364
1732943036429
1732943036461
1732943036479
1732943036526
1732943036612
1732943036616
1732943036626
1732943036660
1732943036720
1732943036742
1732943036760
1732943036802
1732943036877
1732943036883
1732943036903
1732943036924
1732943036996
1732943037031
1732943037052
1732943037090
1732943037148
1732943037168
1732943037188
1732943037211
1732943037290
1732943037330
1732943037346
1732943037383
1732943037460
1732943037491
1732943037499
1732943037506
1732943037575
1732943037622
1732943037644
1732943037685
1732943037748
1732943037766
1732943037789
1732943037807
1732943037876
1732943037919
1732943037939
1732943037983
1732943038044
1732943038074
1732943038090
1732943038113
1732943038185
1732943038216
1732943038233
1732943038284
1732943038351
1732943038366
1732943038387
1732943038412
1732943038458
1732943038504
1732943038526
1732943038570
1732943038644
1732943038664
1732943038685
1732943038707
1732943038765
1732943038810
1732943038837
1732943038862
1732943038927
1732943038946
1732943038987
1732943038994
1732943039055
1732943039097
1732943039117
1732943039178
1732943039226
1732943039247
1732943039276
1732943039305
1732943039371
1732943039411
1732943039422
1732943039475
1732943039520
1732943039540
1732943039562
1732943039592
1732943039645
1732943039688
1732943039703
1732943039754
1732943039804
1732943039837
1732943039852
1732943039877
1732943039935
1732943039987
1732943039993
1732943040051
1732943040116
1732943040141
1732943040155
1732943040184
1732943040242
1732943040285
1732943040313
1732943040368
1732943040455
1732943040489
1732943040516
1732943040551
1732943040677
1732943040740
1732943040744
1732943040790
1732943040867
1732943040907
1732943040939
1732943040945
1732943041041
1732943041079
1732943041134
1732943041153
1732943041234
1732943041240
1732943041267
1732943041300
1732943041377
1732943041422
1732943041458
1732943041522
1732943041585
1732943041617
1732943041631
1732943041656
1732943041742
1732943041782
1732943041803
1732943041859
1732943041957
1732943041985
1732943042023
1732943042059
1732943042155
1732943042200
1732943042252
1732943042326
1732943042345
1732943042366
1732943042386
1732943042410
1732943042493
1732943042519
1732943042544
1732943042586
1732943042652
1732943042687
1732943042695
1732943042714
1732943042783
1732943042819
1732943042842
1732943042884
1732943042955
1732943042977
1732943043001
1732943043026
1732943043093
1732943043150
1732943043174
1732943043221
1732943043275
1732943043287
1732943043305
1732943043328
1732943043393
1732943043446
1732943043470
1732943043506
1732943043578
1732943043597
1732943043620
1732943043637
1732943043717
1732943043753
1732943043767
1732943043815
1732943043866
1732943043886
1732943043905
1732943043931
1732943043990
1732943044041
1732943044055
1732943044099
1732943044193
1732943044224
1732943044256
1732943044275
1732943044366
1732943044401
1732943044423
1732943044488
1732943044542
1732943044555
1732943044584
1732943044602
1732943044667
1732943044718
1732943044738
1732943044774
1732943044833
1732943044867
1732943044898
1732943044940
1732943045011
1732943045049
1732943045078
1732943045139
1732943045202
1732943045224
1732943045250
1732943045295
1732943045351
1732943045386
1732943045413
1732943045468
1732943045537
1732943045543
1732943045559
1732943045580
1732943045650
1732943045689
1732943045711
1732943045744
1732943045813
1732943045828
1732943045848
1732943045869
1732943045930
1732943045971
1732943046015
1732943046061
1732943046120
1732943046125
1732943046153
1732943046184
1732943046238
1732943046271
1732943046293
1732943046321
1732943046383
1732943046402
1732943046422
1732943046445
1732943046506
1732943046546
1732943046577
1732943046618
1732943046688
1732943046703
1732943046726
1732943046744
1732943046811
1732943046879
1732943046884
1732943046919
1732943046992
1732943047000
1732943047034
1732943047041
1732943047105
1732943047148
1732943047167
1732943047210
1732943047273
1732943047297
1732943047325
1732943047343
1732943047415
1732943047462
1732943047482
1732943047537
1732943047596
1732943047614
1732943047634
1732943047667
1732943047733
1732943047795
1732943047802
1732943047855
1732943047912
1732943047940
1732943047960
1732943047989
1732943048069
1732943048100
1732943048127
1732943048177
1732943048245
1732943048263
1732943048280
1732943048309
1732943048376
1732943048412
1732943048437
1732943048484
1732943048556
1732943048576
1732943048596
1732943048619
1732943048686
1732943048728
1732943048747
1732943048789
1732943048851
1732943048875
1732943048906
1732943048916
1732943048982
1732943049021
1732943049043
1732943049099
1732943049142
1732943049163
1732943049193
1732943049219
1732943049303
1732943049342
1732943049365
1732943049416
1732943049487
1732943049520
1732943049556
1732943049589
1732943049643
1732943049703
1732943049720
1732943049743
1732943049805
1732943049826
1732943049837
1732943049865
1732943049924
1732943049970
1732943049990
1732943050021
1732943050081
1732943050104
1732943050122
1732943050149
1732943050215
1732943050245
1732943050268
1732943050318
1732943050368
1732943050393
1732943050410
1732943050435
1732943050494
1732943050534
1732943050562
1732943050605
1732943050661
1732943050698
1732943050705
1732943050727
1732943050788
1732943050829
1732943050853
1732943050889
1732943050958
1732943050976
1732943050999
1732943051019
1732943051098
1732943051134
1732943051150
1732943051190
1732943051242
1732943051262
1732943051288
1732943051310
1732943051373
1732943051411
1732943051437
1732943051476
1732943051537
1732943051554
1732943051581
1732943051609
1732943051677
1732943051727
1732943051746
1732943051790
1732943051896
1732943051924
1732943051951
1732943051985
1732943052059
1732943052107
1732943052158
1732943052192
1732943052265
1732943052290
1732943052312
1732943052335
1732943052413
1732943052454
1732943052472
1732943052537
1732943052596
1732943052601
1732943052628
1732943052660
1732943052718
1732943052755
1732943052774
1732943052812
1732943052873
1732943052898
1732943052921
1732943052960
1732943053026
1732943053060
1732943053088
1732943053126
1732943053192
1732943053230
1732943053238
1732943053263
1732943053332
1732943053380
1732943053386
1732943053437
1732943053487
1732943053507
1732943053534
1732943053573
1732943053629
1732943053668
1732943053679
1732943053765
1732943053786
1732943053803
1732943053827
1732943053855
1732943053918
1732943053987
1732943053994
1732943054036
1732943054106
1732943054132
1732943054162
1732943054171
1732943054243
1732943054302
1732943054354
1732943054389
1732943054483
1732943054521
1732943054527
1732943054556
1732943054609
1732943054659
1732943054682
1732943054737
1732943054800
1732943054829
1732943054850
1732943054878
1732943054938
1732943054984
1732943055049
1732943055068
1732943055166
1732943055190
1732943055209
1732943055243
1732943055317
1732943055364
1732943055390
1732943055447
1732943055524
1732943055536
1732943055556
1732943055573
1732943055656
1732943055696
1732943055725
1732943055765
1732943055832
1732943055849
1732943055880
1732943055903
1732943055977
1732943056018
1732943056038
1732943056113
1732943056184
1732943056207
1732943056227
1732943056255
1732943056342
1732943056401
1732943056435
1732943056494
1732943056563
1732943056603
1732943056626
1732943056665
1732943056786
1732943056863
1732943056907
1732943057005
1732943057168
1732943057227
1732943057263
1732943057299
1732943057399
1732943057501
1732943057521
1732943057592
1732943057681
1732943057706
1732943057737
1732943057767
1732943057850
1732943057909
1732943057933
1732943057988
1732943058065
1732943058102
1732943058123
1732943058151
1732943058256
1732943058316
1732943058349
1732943058398
1732943058475
1732943058497
1732943058527
1732943058570
1732943058663
1732943058728
1732943058761
1732943058820
1732943058913
1732943058955
1732943058985
1732943059022
1732943059107
1732943059202
1732943059223
1732943059265
1732943059338
1732943059360
1732943059390
1732943059415
1732943059510
1732943059556
1732943059586
1732943059640
1732943059709
1732943059737
1732943059758
1732943059783
1732943059870
1732943059918
1732943059959
1732943060015
1732943060108
1732943060143
1732943060173
1732943060198
1732943060279
1732943060336
1732943060363
1732943060430
1732943060495
1732943060527
1732943060562
1732943060582
1732943060662
1732943060706
1732943060736
1732943060787
1732943060856
1732943060888
1732943060920
1732943060941
1732943061027
1732943061078
1732943061106
1732943061174
1732943061256
1732943061295
1732943061303
1732943061328
1732943061406
1732943061447
1732943061467
1732943061520
1732943061585
1732943061612
1732943061645
1732943061661
1732943061740
1732943061802
1732943061825
1732943061909
1732943061979
1732943062024
1732943062051
1732943062119
1732943062222
1732943062247
1732943062282
1732943062360
1732943062458
1732943062487
1732943062511
1732943062555
1732943062657
1732943062702
1732943062717
1732943062768
1732943062846
1732943062875
1732943062900
1732943062927
1732943063021
1732943063081
1732943063112
1732943063179
1732943063251
1732943063272
1732943063306
1732943063355
1732943063436
1732943063493
1732943063518
1732943063569
1732943063668
1732943063678
1732943063706
1732943063745
1732943063806
1732943063880
1732943063893
1732943063939
1732943064035
1732943064044
1732943064077
1732943064107
1732943064203
1732943064285
1732943064344
1732943064420
1732943064511
1732943064535
1732943064565
1732943064606
1732943064680
1732943064735
1732943064758
1732943064788
1732943064884
1732943064933
1732943064967
1732943064972
1732943065065
1732943065115
1732943065139
1732943065202
1732943065268
1732943065297
1732943065314
1732943065341
1732943065416
1732943065468
1732943065505
1732943065543
1732943065620
1732943065643
1732943065680
1732943065698
1732943065780
1732943065827
1732943065846
1732943065890
1732943065965
1732943065993
1732943066035
1732943066042
1732943066118
1732943066186
1732943066192
1732943066253
1732943066339
1732943066347
1732943066370
1732943066395
1732943066476
1732943066524
1732943066543
1732943066604
1732943066676
1732943066705
1732943066730
1732943066765
1732943066858
1732943066911
1732943066929
1732943066986
1732943067076
1732943067096
1732943067133
1732943067155
1732943067246
1732943067311
1732943067340
1732943067389
1732943067485
1732943067519
1732943067546
1732943067575
1732943067668
1732943067724
1732943067755
1732943067811
1732943067898
1732943067924
1732943067956
1732943067991
1732943068080
1732943068142
1732943068168
1732943068231
1732943068323
1732943068359
1732943068401
1732943068414
1732943068495
1732943068572
1732943068606
1732943068671
1732943068822
1732943068871
1732943068914
1732943068952
1732943069046
1732943069148
1732943069212
1732943069303
1732943069409
1732943069448
1732943069500
1732943069537
1732943069652
1732943069728
1732943069768
1732943070227
1732943071012
1732943071607
1732943071692
1732943071700
1732943071790
1732943071804
1732943071821
1732943071837
1732943071879
1732943071881
1732943071881
1732943071927
1732943071946
1732943071946
1732943071947
1732943072010
1732943072010
1732943072011
1732943072011
1732943072011
1732943072085
1732943072144
1732943072168
1732943072251
1732943072293
1732943072309
1732943072334
1732943072338
1732943072381
1732943072418
1732943072447
1732943072502
1732943072598
1732943072640
1732943072656
1732943072693
1732943072784
1732943072839
1732943072868
1732943072934
1732943073049
1732943073053
1732943073116
1732943073121
1732943073210
1732943073286
1732943073293
1732943073344
1732943073424
1732943073462
1732943073487
1732943073510
1732943073585
1732943073668
1732943073688
1732943073721
1732943073801
1732943073832
1732943073859
1732943073888
1732943073971
1732943074026
1732943074053
1732943074104
1732943074193
1732943074210
1732943074256
1732943074302
1732943074405
1732943074476
1732943074494
1732943074551
1732943074641
1732943074676
1732943074703
1732943074719
1732943074799
1732943074860
1732943074882
1732943074954
1732943075050
1732943075082
1732943075111
1732943075141
1732943075228
1732943075270
1732943075309
1732943075344
1732943075433
1732943075444
1732943075466
1732943075487
1732943075575
1732943075611
1732943075640
1732943075683
1732943075763
1732943075791
1732943075810
1732943075845
1732943075906
1732943075935
1732943075955
1732943076014
1732943076074
1732943076099
1732943076150
1732943076151
1732943076218
1732943076276
1732943076284
1732943076332
1732943076403
1732943076428
1732943076453
1732943076486
1732943076550
1732943076608
1732943076614
1732943076666
1732943076748
1732943076777
1732943076784
1732943076820
1732943076887
1732943076927
1732943076958
1732943076990
1732943077113
1732943077113
1732943077119
1732943077166
1732943077238
1732943077250
1732943077277
1732943077318
1732943077387
1732943077414
1732943077432
1732943077468
1732943077528
1732943077582
1732943077600
1732943077640
1732943077740
1732943077744
1732943077771
1732943077778
1732943077870
1732943077904
1732943077931
1732943077971
1732943078042
1732943078058
1732943078083
1732943078104
1732943078166
1732943078211
1732943078238
1732943078279
1732943078358
1732943078376
1732943078406
1732943078423
1732943078494
1732943078547
1732943078569
1732943078617
1732943078690
1732943078728
1732943078732
1732943078741
1732943078805
1732943078848
1732943078867
1732943078929
1732943078983
1732943079011
1732943079028
1732943079055
1732943079138
1732943079180
1732943079198
1732943079243
1732943079321
1732943079334
1732943079352
1732943079379
1732943079455
1732943079499
1732943079522
1732943079577
1732943079667
1732943079674
1732943079702
1732943079730
1732943079788
1732943079847
1732943079866
1732943079909
1732943079976
1732943079996
1732943080020
1732943080043
1732943080114
1732943080162
1732943080189
1732943080233
1732943080313
1732943080322
1732943080351
1732943080380
1732943080438
1732943080482
1732943080514
1732943080568
1732943080622
1732943080637
1732943080670
1732943080688
1732943080763
1732943080830
1732943080845
1732943080879
1732943080963
1732943080972
1732943081000
1732943081016
1732943081088
1732943081134
1732943081153
1732943081214
1732943081286
1732943081303
1732943081337
1732943081356
1732943081424
1732943081491
1732943081496
1732943081551
1732943081638
1732943081646
1732943081671
1732943081692
1732943081783
1732943081843
1732943081875
1732943081941
1732943082048
1732943082081
1732943082109
1732943082151
1732943082236
1732943082290
1732943082329
1732943082366
1732943082441
1732943082461
1732943082481
1732943082506
1732943082591
1732943082638
1732943082657
1732943082706
1732943082772
1732943082832
1732943082836
1732943082871
1732943082933
1732943082988
1732943083018
1732943083062
1732943083167
1732943083173
1732943083200
1732943083211
1732943083298
1732943083350
1732943083367
1732943083422
1732943083476
1732943083498
1732943083520
1732943083550
1732943083623
1732943083680
1732943083696
1732943083758
1732943083809
1732943083838
1732943083888
1732943083896
1732943083961
1732943084008
1732943084043
1732943084086
1732943084181
1732943084209
1732943084242
1732943084272
1732943084377
1732943084423
1732943084450
1732943084486
1732943084552
1732943084580
1732943084606
1732943084633
1732943084711
1732943084748
1732943084771
1732943084827
1732943084911
1732943084955
1732943084972
1732943085003
1732943085091
1732943085146
1732943085189
1732943085233
1732943085335
1732943085344
1732943085350
1732943085377
1732943085434
1732943085496
1732943085503
1732943085547
1732943085615
1732943085653
1732943085672
1732943085706
1732943085767
1732943085804
1732943085850
1732943085875
1732943085936
1732943085952
1732943085990
1732943085995
1732943086061
1732943086123
1732943086130
1732943086170
1732943086237
1732943086257
1732943086290
1732943086316
1732943086373
1732943086419
1732943086439
1732943086494
1732943086582
1732943086588
1732943086610
1732943086636
1732943086704
1732943086767
1732943086774
1732943086854
1732943086902
1732943086926
1732943086962
1732943086996
1732943087061
1732943087097
1732943087120
1732943087167
1732943087234
1732943087255
1732943087290
1732943087315
1732943087384
1732943087435
1732943087466
1732943087532
1732943087602
1732943087618
1732943087645
1732943087674
1732943087745
1732943087789
1732943087810
1732943087856
1732943087926
1732943087961
1732943087989
1732943088006
1732943088111
1732943088165
1732943088206
1732943088270
1732943088366
1732943088460
1732943088468
1732943088483
1732943088573
1732943088633
1732943088655
1732943088723
1732943088798
1732943088831
1732943088835
1732943088859
1732943088932
1732943088977
1732943089009
1732943089061
1732943089132
1732943089153
1732943089193
1732943089202
1732943089272
1732943089319
1732943089345
1732943089387
1732943089463
1732943089491
1732943089509
1732943089532
1732943089607
1732943089667
1732943089686
1732943089745
1732943089803
1732943089813
1732943089843
1732943089877
1732943089945
1732943089994
1732943090022
1732943090065
1732943090137
1732943090168
1732943090214
1732943090221
1732943090284
1732943090346
1732943090349
1732943090390
1732943090464
1732943090483
1732943090501
1732943090533
1732943090621
1732943090649
1732943090671
1732943090719
1732943090803
1732943090810
1732943090832
1732943090851
1732943090932
1732943090968
1732943091008
1732943091039
1732943091101
1732943091128
1732943091162
1732943091182
1732943091256
1732943091297
1732943091319
1732943091365
1732943091433
1732943091459
1732943091479
1732943091500
1732943091564
1732943091614
1732943091652
1732943091706
1732943091803
1732943091841
1732943091867
1732943091904
1732943092043
1732943092098
1732943092133
1732943092217
1732943092318
1732943092346
1732943092396
1732943092449
1732943092526
1732943092599
1732943092608
1732943092666
1732943092758
1732943092780
1732943092818
1732943092841
1732943092936
1732943092997
1732943093027
1732943093111
1732943093188
1732943093241
1732943093273
1732943093320
1732943093404
1732943093441
1732943093469
1732943093545
1732943093616
1732943093642
1732943093672
1732943093706
1732943093813
1732943093861
1732943093893
1732943093980
1732943094051
1732943094090
1732943094126
1732943094147
1732943094229
1732943094334
1732943094377
1732943094431
1732943094570
1732943094594
1732943094620
1732943094659
1732943094745
1732943094805
1732943094820
1732943094890
1732943094996
1732943095007
1732943095030
1732943095065
1732943095153
1732943095220
1732943095241
1732943095300
1732943095387
1732943095415
1732943095448
1732943095474
1732943095553
1732943095607
1732943095649
1732943095686
1732943095750
1732943095779
1732943095816
1732943095843
1732943095909
1732943095959
1732943095965
1732943096001
1732943096088
1732943096123
1732943096163
1732943096202
1732943096286
1732943096331
1732943096356
1732943096398
1732943096474
1732943096510
1732943096519
1732943096564
1732943096641
1732943096704
1732943096726
1732943096773
1732943096873
1732943096914
1732943096919
1732943096946
1732943097028
1732943097074
1732943097101
1732943097142
1732943097221
1732943097245
1732943097303
1732943097316
1732943097383
1732943097433
1732943097453
1732943097509
1732943097575
1732943097595
1732943097618
1732943097682
1732943097714
1732943097776
1732943097782
1732943097834
1732943097904
1732943097934
1732943097952
1732943097980
1732943098036
1732943098080
1732943098118
1732943098156
1732943098220
1732943098243
1732943098266
1732943098291
1732943098367
1732943098435
1732943098452
1732943098484
1732943098561
1732943098579
1732943098601
1732943098625
1732943098692
1732943098739
1732943098758
1732943098809
1732943098879
1732943098903
1732943098933
1732943098963
1732943099032
1732943099080
1732943099122
1732943099173
1732943099251
1732943099258
1732943099286
1732943099306
1732943099366
1732943099413
1732943099435
1732943099487
1732943099569
1732943099607
1732943099640
1732943099647
1732943099726
1732943099779
1732943099807
1732943099870
1732943099962
1732943099968
1732943100014
1732943100042
1732943100099
1732943100144
1732943100180
1732943100228
1732943100288
1732943100319
1732943100356
1732943100413
1732943100500
1732943100561
1732943100610
1732943100680
1732943100760
1732943100776
1732943100806
1732943100824
1732943100909
1732943100962
1732943100970
1732943101030
1732943101122
1732943101126
1732943101146
1732943101165
1732943101239
1732943101305
1732943101310
1732943101380
1732943101449
1732943101460
1732943101497
1732943101501
1732943101734
1732943101736
1732943101810
1732943101978
1732943102099
1732943102100
1732943102100
1732943102101
1732943102133
1732943102146
1732943102193
1732943102287
1732943102407
1732943102421
1732943102451
1732943102480
1732943102565
1732943102621
1732943102654
1732943102688
1732943102783
1732943102795
1732943102828
1732943102875
1732943102932
1732943102974
1732943103011
1732943103109
1732943103221
1732943103249
1732943103280
1732943103323
1732943103424
1732943103491
1732943103541
1732943103592
1732943103703
1732943103730
1732943103770
1732943103802
1732943103909
1732943103980
1732943104021
1732943104052
1732943104130
1732943104153
1732943104173
1732943104212
1732943104305
1732943104384
1732943104413
1732943104468
1732943104567
1732943104593
1732943104600
1732943104635
1732943104707
1732943104754
1732943104774
1732943104811
1732943104891
1732943104928
1732943104974
1732943104999
1732943105106
1732943105160
1732943105182
1732943105237
1732943105303
1732943105322
1732943105364
1732943105370
1732943105442
1732943105479
1732943105510
1732943105546
1732943105620
1732943105673
1732943105680
1732943105700
1732943105782
1732943105819
1732943105873
1732943105905
1732943105995
1732943106001
1732943106024
1732943106050
1732943106111
1732943106156
1732943106181
1732943106228
1732943106291
1732943106316
1732943106339
1732943106359
1732943106427
1732943106463
1732943106488
1732943106540
1732943106621
1732943106639
1732943106660
1732943106680
1732943106750
1732943106795
1732943106818
1732943106856
1732943106948
1732943106964
1732943106982
1732943106999
1732943107072
1732943107116
1732943107147
1732943107190
1732943107266
1732943107283
1732943107304
1732943107325
1732943107397
1732943107440
1732943107461
1732943107499
1732943107588
1732943107595
1732943107615
1732943107639
1732943107700
1732943107742
1732943107774
1732943107852
1732943107889
1732943107919
1732943107956
1732943107977
1732943108056
1732943108082
1732943108116
1732943108162
1732943108236
1732943108254
1732943108276
1732943108308
1732943108395
1732943108420
1732943108448
1732943108491
1732943108556
1732943108586
1732943108607
1732943108648
1732943108700
1732943108792
1732943108795
1732943108819
1732943108894
1732943108909
1732943108940
1732943108960
1732943109055
1732943109090
1732943109103
1732943109157
1732943109223
1732943109240
1732943109260
1732943109292
1732943109351
1732943109403
1732943109433
1732943109479
1732943109545
1732943109588
1732943109605
1732943109632
1732943109688
1732943109726
1732943109749
1732943109797
1732943109881
1732943109915
1732943109933
1732943109973
1732943110034
1732943110085
1732943110114
1732943110170
1732943110240
1732943110266
1732943110284
1732943110315
1732943110393
1732943110430
1732943110458
1732943110509
1732943110578
1732943110609
1732943110662
1732943110668
1732943110720
1732943110777
1732943110783
1732943110829
1732943110894
1732943110930
1732943110936
1732943110964
1732943111034
1732943111075
1732943111092
1732943111143
1732943111223
1732943111244
1732943111274
1732943111281
1732943111354
1732943111400
1732943111436
1732943111473
1732943111543
1732943111580
1732943111589
1732943111615
1732943111692
1732943111737
1732943111766
1732943111829
1732943111954
1732943112047
1732943112063
1732943112065
1732943112131
1732943112212
1732943112242
1732943112326
1732943112392
1732943112415
1732943112444
1732943112477
1732943112534
1732943112584
1732943112609
1732943112657
1732943112726
1732943112762
1732943112793
1732943112800
1732943112885
1732943112929
1732943112952
1732943113010
1732943113078
1732943113110
1732943113138
1732943113168
1732943113253
1732943113291
1732943113336
1732943113379
1732943113451
1732943113504
1732943113511
1732943113540
1732943113585
1732943113638
1732943113661
1732943113716
1732943113779
1732943113802
1732943113831
1732943113862
1732943113962
1732943113986
1732943114009
1732943114054
1732943114132
1732943114154
1732943114174
1732943114201
1732943114320
1732943114399
1732943114425
1732943114470
1732943114539
1732943114562
1732943114586
1732943114617
1732943114690
1732943114735
1732943114751
1732943114816
1732943114877
1732943114895
1732943114939
1732943114965
1732943115082
1732943115109
1732943115143
1732943115202
1732943115249
1732943115275
1732943115302
1732943115320
1732943115412
1732943115454
1732943115482
1732943115542
1732943115604
1732943115610
1732943115631
1732943115650
1732943115718
1732943115766
1732943115798
1732943115834
1732943115918
1732943115928
1732943115950
1732943115991
1732943116067
1732943116112
1732943116139
1732943116192
1732943116263
1732943116289
1732943116322
1732943116346
1732943116417
1732943116473
1732943116488
1732943116537
1732943116608
1732943116632
1732943116662
1732943116687
1732943116759
1732943116807
1732943116829
1732943116883
1732943116955
1732943116974
1732943117015
1732943117032
1732943117089
1732943117134
1732943117169
1732943117204
1732943117272
1732943117296
1732943117332
1732943117352
1732943117417
1732943117459
1732943117481
1732943117534
1732943117601
1732943117632
1732943117649
1732943117677
1732943117768
1732943117820
1732943117826
1732943117881
1732943117945
1732943117963
1732943117991
1732943118021
1732943118082
1732943118159
1732943118180
1732943118213
1732943118275
1732943118282
1732943118325
1732943118350
1732943118410
1732943118442
1732943118472
1732943118506
1732943118576
1732943118603
1732943118636
1732943118659
1732943118735
1732943118790
1732943118797
1732943118856
1732943118927
1732943118970
1732943118975
1732943119014
1732943119073
1732943119129
1732943119137
1732943119181
1732943119263
1732943119275
1732943119311
1732943119317
1732943119385
1732943119433
1732943119465
1732943119505
1732943119582
1732943119597
1732943119625
1732943119655
1732943119716
1732943119764
1732943119784
1732943119828
1732943119919
1732943119939
1732943119963
1732943119990
1732943120072
1732943120129
1732943120156
1732943120192
1732943120265
1732943120291
1732943120317
1732943120338
1732943120409
1732943120456
1732943120481
1732943120538
1732943120596
1732943120626
1732943120645
1732943120667
1732943120747
1732943120788
1732943120805
1732943120846
1732943120939
1732943120945
1732943120964
1732943120987
1732943121073
1732943121102
1732943121122
1732943121182
1732943121235
1732943121264
1732943121283
1732943121309
1732943121400
1732943121428
1732943121468
1732943121501
1732943121569
1732943121595
1732943121628
1732943121651
1732943121761
1732943121780
1732943121808
1732943121871
1732943121971
1732943122004
1732943122079
1732943122087
1732943122193
1732943122261
1732943122287
1732943122352
1732943122463
1732943122488
1732943122505
1732943122530
1732943122598
1732943122662
1732943122677
1732943122738
1732943122814
1732943122849
1732943122865
1732943122933
1732943122974
1732943123030
1732943123068
1732943123116
1732943123205
1732943123236
1732943123261
1732943123299
1732943123373
1732943123427
1732943123462
1732943123519
1732943123621
1732943123627
1732943123646
1732943123669
1732943123747
1732943123818
1732943123828
1732943123902
1732943123960
1732943123984
1732943124010
1732943124039
1732943124130
1732943124153
1732943124169
1732943124259
1732943124339
1732943124372
1732943124406
1732943124435
1732943124528
1732943124551
1732943124571
1732943124627
1732943124697
1732943124723
1732943124749
1732943124767
1732943124844
1732943124893
1732943124941
1732943124983
1732943125069
1732943125101
1732943125127
1732943125161
1732943125242
1732943125281
1732943125303
1732943125354
1732943125422
1732943125452
1732943125467
1732943125513
1732943125573
1732943125632
1732943125660
1732943125685
1732943125749
1732943125787
1732943125795
1732943125820
1732943125883
1732943125927
1732943125968
1732943126003
1732943126074
1732943126112
1732943126115
1732943126146
1732943126206
1732943126260
1732943126277
1732943126322
1732943126443
1732943126452
1732943126456
1732943126491
1732943126566
1732943126627
1732943126654
1732943126731
1732943126793
1732943126822
1732943126828
1732943126857
1732943126941
1732943126975
1732943127004
1732943127062
1732943127118
1732943127165
1732943127173
1732943127191
1732943127269
1732943127305
1732943127327
1732943127380
1732943127464
1732943127467
1732943127486
1732943127513
1732943127568
1732943127626
1732943127651
1732943127676
1732943127758
1732943127779
1732943127799
1732943127821
1732943127899
1732943127934
1732943127962
1732943128010
1732943128084
1732943128106
1732943128112
1732943128132
1732943128223
1732943128261
1732943128279
1732943128320
1732943128384
1732943128406
1732943128440
1732943128460
1732943128524
1732943128567
1732943128591
1732943128631
1732943128709
1732943128754
1732943128761
1732943128787
1732943128860
1732943128902
1732943128929
1732943128974
1732943129053
1732943129103
1732943129106
1732943129130
1732943129180
1732943129243
1732943129248
1732943129299
1732943129358
1732943129382
1732943129420
1732943129436
1732943129526
1732943129575
1732943129608
1732943129633
1732943129699
1732943129725
1732943129752
1732943129781
1732943129843
1732943129896
1732943129919
1732943129985
1732943130057
1732943130090
1732943130109
1732943130154
1732943130218
1732943130273
1732943130322
1732943130412
1732943130528
1732943130571
1732943130601
1732943130637
1732943130733
1732943130794
1732943130823
1732943130875
1732943130966
1732943130996
1732943131020
1732943131048
1732943131139
1732943131194
1732943131224
1732943131278
1732943131391
1732943131398
1732943131464
1732943131468
1732943131538
1732943131603
1732943131634
1732943131729
1732943131778
1732943131804
1732943131853
1732943131861
1732943131951
1732943132002
1732943132030
1732943132121
1732943132232
1732943132265
1732943132288
1732943132318
1732943132399
1732943132475
1732943132488
1732943132545
1732943132609
1732943132631
1732943132654
1732943132684
1732943132760
1732943132814
1732943132837
1732943132887
1732943132983
1732943133002
1732943133025
1732943133045
1732943133147
1732943133181
1732943133206
1732943133256
1732943133334
1732943133353
1732943133385
1732943133406
1732943133484
1732943133530
1732943133556
1732943133620
1732943133687
1732943133709
1732943133751
1732943133756
1732943133849
1732943133895
1732943133951
1732943133993
1732943134043
1732943134069
1732943134096
1732943134130
1732943134203
1732943134259
1732943134283
1732943134356
1732943134456
1732943134475
1732943134499
1732943134528
1732943134605
1732943134655
1732943134670
1732943134715
1732943134792
1732943134828
1732943134835
1732943134853
1732943134961
1732943135007
1732943135038
1732943135108
1732943135185
1732943135213
1732943135240
1732943135245
1732943135321
1732943135359
1732943135375
1732943135442
1732943135505
1732943135533
1732943135561
1732943135568
1732943135649
1732943135684
1732943135712
1732943135745
1732943135809
1732943135836
1732943135855
1732943135876
1732943135941
1732943135984
1732943136011
1732943136052
1732943136129
1732943136138
1732943136158
1732943136183
1732943136260
1732943136299
1732943136354
1732943136379
1732943136438
1732943136457
1732943136482
1732943136499
1732943136567
1732943136614
1732943136636
1732943136678
1732943136746
1732943136775
1732943136804
1732943136836
1732943136908
1732943136964
1732943136987
1732943137037
1732943137106
1732943137134
1732943137158
1732943137185
1732943137248
1732943137300
1732943137319
1732943137371
1732943137433
1732943137488
1732943137496
1732943137513
1732943137583
1732943137616
1732943137635
1732943137689
1732943137764
1732943137782
1732943137820
1732943137827
1732943137914
1732943137944
1732943137967
1732943138006
1732943138074
1732943138094
1732943138121
1732943138139
1732943138207
1732943138259
1732943138278
1732943138317
1732943138397
1732943138424
1732943138432
1732943138451
1732943138525
1732943138570
1732943138586
1732943138651
1732943138706
1732943138728
1732943138749
1732943138775
1732943138847
1732943138889
1732943138916
1732943138970
1732943139035
1732943139081
1732943139085
1732943139121
1732943139169
1732943139221
1732943139235
1732943139278
1732943139347
1732943139371
1732943139409
1732943139430
1732943139493
1732943139539
1732943139555
1732943139602
1732943139669
1732943139697
1732943139718
1732943139741
1732943139804
1732943139859
1732943139879
1732943139933
1732943140007
1732943140029
1732943140054
1732943140076
1732943140142
1732943140190
1732943140213
1732943140270
1732943140332
1732943140360
1732943140373
1732943140395
1732943140468
1732943140510
1732943140535
1732943140600
1732943140674
1732943140701
1732943140709
1732943140735
1732943140793
1732943140839
1732943140863
1732943140906
1732943140975
1732943141004
1732943141026
1732943141050
1732943141126
1732943141174
1732943141202
1732943141249
1732943141305
1732943141351
1732943141358
1732943141384
1732943141463
1732943141529
1732943141534
1732943141602
1732943141657
1732943141704
1732943141711
1732943141739
1732943141820
1732943141881
1732943141910
1732943141989
1732943142087
1732943142132
1732943142155
1732943142195
1732943142283
1732943142338
1732943142359
1732943142426
1732943142496
1732943142519
1732943142548
1732943142571
1732943142668
1732943142692
1732943142720
1732943142775
1732943142834
1732943142868
1732943142885
1732943142918
1732943142988
1732943143047
1732943143069
1732943143117
1732943143202
1732943143222
1732943143249
1732943143270
1732943143342
1732943143410
1732943143416
1732943143467
1732943143533
1732943143555
1732943143580
1732943143630
1732943143679
1732943143730
1732943143747
1732943143801
1732943143893
1732943143898
1732943143936
1732943143952
1732943144017
1732943144103
1732943144106
1732943144137
1732943144228
1732943144275
1732943144299
1732943144334
1732943144435
1732943144489
1732943144507
1732943144557
1732943144639
1732943144659
1732943144677
1732943144694
1732943144766
1732943144813
1732943144841
1732943144903
1732943145001
1732943145017
1732943145056
1732943145081
1732943145172
1732943145224
1732943145243
1732943145302
1732943145366
1732943145391
1732943145423
1732943145465
1732943145524
1732943145565
1732943145589
1732943145643
1732943145717
1732943145746
1732943145789
1732943145810
1732943145863
1732943145906
1732943145943
1732943145974
1732943146034
1732943146084
1732943146085
1732943146104
1732943146179
1732943146223
1732943146248
1732943146287
1732943146354
1732943146375
1732943146401
1732943146420
1732943146494
1732943146537
1732943146559
1732943146611
1732943146682
1732943146704
1732943146736
1732943146756
1732943146849
1732943146904
1732943146935
1732943146985
1732943147016
1732943147034
1732943147100
1732943147107
1732943147192
1732943147236
1732943147257
1732943147323
1732943147393
1732943147414
1732943147434
1732943147469
1732943147538
1732943147589
1732943147628
1732943147659
1732943147724
1732943147754
1732943147777
1732943147805
1732943147875
1732943147947
1732943147965
1732943148003
1732943148056
1732943148087
1732943148123
1732943148130
1732943148213
1732943148243
1732943148275
1732943148314
1732943148382
1732943148408
1732943148434
1732943148457
1732943148540
1732943148576
1732943148598
1732943148644
1732943148701
1732943148745
1732943148749
1732943148789
1732943148857
1732943148893
1732943148916
1732943148959
1732943149023
1732943149048
1732943149068
1732943149090
1732943149154
1732943149198
1732943149211
1732943149266
1732943149371
1732943149413
1732943149427
1732943149461
1732943149523
1732943149596
1732943149621
1732943149651
1732943149738
1732943149762
1732943149786
1732943149809
1732943149886
1732943149938
1732943149957
1732943150001
1732943150071
1732943150092
1732943150114
1732943150136
1732943150205
1732943150276
1732943150298
1732943150345
1732943150406
1732943150450
1732943150476
1732943150483
1732943150551
1732943150607
1732943150651
1732943150676
1732943150770
1732943150787
1732943150812
1732943150824
1732943150890
1732943150934
1732943150977
1732943151003
1732943151077
1732943151094
1732943151114
1732943151157
1732943151217
1732943151254
1732943151284
1732943151334
1732943151391
1732943151416
1732943151437
1732943151458
1732943151525
1732943151586
1732943151614
1732943151660
1732943151736
1732943151766
1732943151810
1732943151830
1732943151903
1732943151975
1732943152010
1732943152082
1732943152187
1732943152209
1732943152252
1732943152275
1732943152370
1732943152412
1732943152437
1732943152480
1732943152567
1732943152597
1732943152618
1732943152634
1732943152716
1732943152760
1732943152792
1732943152836
1732943152911
1732943152941
1732943152964
1732943152996
1732943153080
1732943153132
1732943153174
1732943153210
1732943153311
1732943153316
1732943153339
1732943153388
1732943153441
1732943153497
1732943153518
1732943153564
1732943153647
1732943153663
1732943153689
1732943153739
1732943153795
1732943153835
1732943153867
1732943153916
1732943154011
1732943154043
1732943154072
1732943154098
1732943154145
1732943154237
1732943154261
1732943154313
1732943154421
1732943154471
1732943154488
1732943154498
1732943154582
1732943154616
1732943154634
1732943154691
1732943154758
1732943154779
1732943154799
1732943154841
1732943154902
1732943154972
1732943155000
1732943155059
1732943155148
1732943155174
1732943155186
1732943155211
1732943155276
1732943155345
1732943155350
1732943155407
1732943155469
1732943155490
1732943155504
1732943155545
1732943155594
1732943155639
1732943155679
1732943155704
1732943155777
1732943155806
1732943155815
1732943155866
1732943155918
1732943155954
1732943155982
1732943156028
1732943156095
1732943156119
1732943156143
1732943156167
1732943156236
1732943156281
1732943156312
1732943156364
1732943156425
1732943156451
1732943156472
1732943156502
1732943156566
1732943156617
1732943156636
1732943156706
1732943156762
1732943156784
1732943156807
1732943156832
1732943156903
1732943156941
1732943156975
1732943157011
1732943157084
1732943157104
1732943157139
1732943157156
1732943157227
1732943157277
1732943157298
1732943157352
1732943157437
1732943157444
1732943157457
1732943157495
1732943157577
1732943157627
1732943157650
1732943157697
1732943157783
1732943157817
1732943157847
1732943157855
1732943157930
1732943157998
1732943158004
1732943158045
1732943158108
1732943158136
1732943158157
1732943158192
1732943158262
1732943158303
1732943158327
1732943158365
1732943158438
1732943158457
1732943158480
1732943158504
1732943158588
1732943158621
1732943158647
1732943158684
1732943158777
1732943158785
1732943158833
1732943158847
1732943158906
1732943158962
1732943158990
1732943159025
1732943159106
1732943159114
1732943159136
1732943159167
1732943159237
1732943159281
1732943159319
1732943159354
1732943159414
1732943159452
1732943159471
1732943159488
1732943159588
1732943159629
1732943159635
1732943159671
1732943159732
1732943159752
1732943159777
1732943159803
1732943159892
1732943159929
1732943159967
1732943160033
1732943160092
1732943160119
1732943160148
1732943160170
1732943160238
1732943160290
1732943160322
1732943160366
1732943160484
1732943160513
1732943160537
1732943160601
1732943160673
1732943160740
1732943160745
1732943160810
1732943160868
1732943160878
1732943160907
1732943160913
1732943161005
1732943161032
1732943161084
1732943161138
1732943161182
1732943161191
1732943161211
1732943161242
1732943161306
1732943161354
1732943161370
1732943161427
1732943161485
1732943161507
1732943161530
1732943161551
1732943161644
1732943161675
1732943161707
1732943161760
1732943161835
1732943161872
1732943161889
1732943161925
1732943162023
1732943162112
1732943162157
1732943162220
1732943162272
1732943162298
1732943162338
1732943162364
1732943162450
1732943162498
1732943162524
1732943162577
1732943162664
1732943162670
1732943162701
1732943162722
1732943162793
1732943162843
1732943162863
1732943162916
1732943162995
1732943163016
1732943163063
1732943163075
1732943163151
1732943163204
1732943163238
1732943163296
1732943163350
1732943163371
1732943163395
1732943163415
1732943163493
1732943163541
1732943163568
1732943163611
1732943163686
1732943163702
1732943163721
1732943163752
1732943163841
1732943163884
1732943163948
1732943163960
1732943164038
1732943164057
1732943164067
1732943164089
1732943164180
1732943164230
1732943164246
1732943164318
1732943164403
1732943164447
1732943164475
1732943164517
1732943164590
1732943164639
1732943164679
1732943164713
1732943164778
1732943164793
1732943164833
1732943164861
1732943164934
1732943164985
1732943165001
1732943165067
1732943165149
1732943165183
1732943165214
1732943165246
1732943165317
1732943165353
1732943165376
1732943165425
1732943165505
1732943165519
1732943165540
1732943165562
1732943165649
1732943165692
1732943165719
1732943165754
1732943165815
1732943165844
1732943165871
1732943165899
1732943165962
1732943166008
1732943166024
1732943166088
1732943166143
1732943166173
1732943166191
1732943166221
1732943166281
1732943166326
1732943166346
1732943166411
1732943166462
1732943166513
1732943166541
1732943166546
1732943166628
1732943166673
1732943166702
1732943166748
1732943166808
1732943166829
1732943166848
1732943166883
1732943166946
1732943166988
1732943167014
1732943167085
1732943167149
1732943167155
1732943167184
1732943167211
1732943167289
1732943167316
1732943167340
1732943167398
1732943167444
1732943167478
1732943167495
1732943167511
1732943167585
1732943167636
1732943167656
1732943167734
1732943167777
1732943167798
1732943167818
1732943167846
1732943167918
1732943167988
1732943167997
1732943168053
1732943168128
1732943168164
1732943168188
1732943168202
1732943168272
1732943168317
1732943168336
1732943168387
1732943168450
1732943168470
1732943168495
1732943168514
1732943168587
1732943168664
1732943168667
1732943168704
1732943168774
1732943168791
1732943168808
1732943168835
1732943168904
1732943168953
1732943168973
1732943169033
1732943169096
1732943169127
1732943169134
1732943169167
1732943169252
1732943169293
1732943169335
1732943169360
1732943169421
1732943169427
1732943169458
1732943169490
1732943169544
1732943169589
1732943169631
1732943169666
1732943169728
1732943169774
1732943169801
1732943169827
1732943169890
1732943169926
1732943169948
1732943169989
1732943170060
1732943170084
1732943170138
1732943170161
1732943170241
1732943170293
1732943170324
1732943170358
1732943170424
1732943170453
1732943170471
1732943170503
1732943170580
1732943170614
1732943170644
1732943170687
1732943170750
1732943170780
1732943170804
1732943170827
1732943170911
1732943170967
1732943170974
1732943171020
1732943171083
1732943171118
1732943171137
1732943171153
1732943171229
1732943171293
1732943171319
1732943171349
1732943171421
1732943171444
1732943171471
1732943171494
1732943171567
1732943171629
1732943171642
1732943171697
1732943171788
1732943171840
1732943171869
1732943171898
1732943171952
1732943172021
1732943172092
1732943172142
1732943172224
1732943172254
1732943172284
1732943172316
1732943172399
1732943172460
1732943172501
1732943172547
1732943172647
1732943172652
1732943172669
1732943172691
1732943172780
1732943172817
1732943172849
1732943172885
1732943172960
1732943172987
1732943173011
1732943173032
1732943173117
1732943173175
1732943173204
1732943173262
1732943173351
1732943173375
1732943173397
1732943173425
1732943173523
1732943173580
1732943173584
1732943173636
1732943173694
1732943173723
1732943173747
1732943173843
1732943173854
1732943173912
1732943173932
1732943173983
1732943174061
1732943174078
1732943174097
1732943174139
1732943174204
1732943174306
1732943174329
1732943174382
1732943174473
1732943174500
1732943174523
1732943174547
1732943174637
1732943174675
1732943174696
1732943174736
1732943174821
1732943174840
1732943174863
1732943174888
1732943174978
1732943175049
1732943175056
1732943175120
1732943175205
1732943175237
1732943175260
1732943175277
1732943175352
1732943175393
1732943175426
1732943175477
1732943175543
1732943175570
1732943175594
1732943175618
1732943175687
1732943175745
1732943175790
1732943175831
1732943175875
1732943175896
1732943175923
1732943175956
1732943176015
1732943176058
1732943176099
1732943176122
1732943176204
1732943176229
1732943176235
1732943176260
1732943176331
1732943176405
1732943176410
1732943176447
1732943176520
1732943176546
1732943176567
1732943176591
1732943176689
1732943176715
1732943176733
1732943176774
1732943176843
1732943176880
1732943176911
1732943176919
1732943176999
1732943177033
1732943177067
1732943177105
1732943177174
1732943177190
1732943177215
1732943177246
1732943177311
1732943177363
1732943177394
1732943177422
1732943177502
1732943177518
1732943177538
1732943177564
1732943177646
1732943177673
1732943177708
1732943177756
1732943177831
1732943177851
1732943177867
1732943177901
1732943177964
1732943178014
1732943178034
1732943178085
1732943178163
1732943178184
1732943178203
1732943178241
1732943178337
1732943178402
1732943178434
1732943178488
1732943178564
1732943178592
1732943178618
1732943178645
1732943178713
1732943178762
1732943178793
1732943178843
1732943178909
1732943178931
1732943178954
1732943178977
1732943179050
1732943179098
1732943179122
1732943179178
1732943179242
1732943179261
1732943179308
1732943179316
1732943179399
1732943179425
1732943179451
1732943179522
1732943179572
1732943179601
1732943179628
1732943179667
1732943179718
1732943179752
1732943179779
1732943179844
1732943179908
1732943179937
1732943179964
1732943179973
1732943180038
1732943180095
1732943180112
1732943180176
1732943180236
1732943180264
1732943180293
1732943180301
1732943180364
1732943180414
1732943180445
1732943180501
1732943180568
1732943180596
1732943180602
1732943180645
1732943180715
1732943180751
1732943180764
1732943180822
1732943180881
1732943180900
1732943180954
1732943180959
1732943181036
1732943181065
1732943181091
1732943181131
1732943181210
1732943181226
1732943181253
1732943181276
1732943181363
1732943181401
1732943181422
1732943181473
1732943181545
1732943181589
1732943181596
1732943181625
1732943181699
1732943181746
1732943181775
1732943181818
1732943181919
1732943181938
1732943181960
1732943181994
1732943182102
1732943182170
1732943182192
1732943182287
1732943182378
1732943182412
1732943182422
1732943182456
1732943182524
1732943182576
1732943182600
1732943182644
1732943182722
1732943182754
1732943182790
1732943182818
1732943182884
1732943182931
1732943182959
1732943183012
1732943183093
1732943183124
1732943183154
1732943183174
1732943183253
1732943183326
1732943183330
1732943183382
1732943183479
1732943183485
1732943183512
1732943183537
1732943183614
1732943183663
1732943183682
1732943183746
1732943183828
1732943183835
1732943183878
1732943183897
1732943183970
1732943184026
1732943184046
1732943184096
1732943184173
1732943184188
1732943184214
1732943184246
1732943184344
1732943184396
1732943184450
1732943184496
1732943184580
1732943184608
1732943184630
1732943184651
1732943184745
1732943184775
1732943184834
1732943184867
1732943184934
1732943184964
1732943184984
1732943185010
1732943185106
1732943185182
1732943185198
1732943185253
1732943185324
1732943185334
1732943185367
1732943185386
1732943185467
1732943185501
1732943185519
1732943185582
1732943185638
1732943185657
1732943185676
1732943185701
1732943185771
1732943185846
1732943185853
1732943185908
1732943185991
1732943186013
1732943186037
1732943186054
1732943186118
1732943186166
1732943186195
1732943186229
1732943186299
1732943186324
1732943186343
1732943186375
1732943186443
1732943186504
1732943186528
1732943186562
1732943186640
1732943186655
1732943186688
1732943186706
1732943186785
1732943186820
1732943186859
1732943186911
1732943186970
1732943186998
1732943187026
1732943187033
1732943187138
1732943187170
1732943187177
1732943187221
1732943187285
1732943187309
1732943187330
1732943187354
1732943187423
1732943187493
1732943187499
1732943187537
1732943187603
1732943187635
1732943187652
1732943187694
1732943187754
1732943187809
1732943187818
1732943187864
1732943187944
1732943187951
1732943187980
1732943188007
1732943188070
1732943188138
1732943188143
1732943188200
1732943188267
1732943188284
1732943188310
1732943188348
1732943188403
1732943188449
1732943188477
1732943188548
1732943188640
1732943188668
1732943188719
1732943188739
1732943188845
1732943188909
1732943188928
1732943188982
1732943189056
1732943189089
1732943189102
1732943189134
1732943189205
1732943189260
1732943189281
1732943189330
1732943189422
1732943189430
1732943189454
1732943189479
1732943189558
1732943189620
1732943189632
1732943189705
1732943189761
1732943189807
1732943189814
1732943189838
1732943189930
1732943189978
1732943190007
1732943190062
1732943190139
1732943190191
1732943190197
1732943190229
1732943190321
1732943190389
1732943190429
1732943190521
1732943190625
1732943190654
1732943190696
1732943190716
1732943190788
1732943190846
1732943190873
1732943190935
1732943191008
1732943191034
1732943191070
1732943191094
1732943191175
1732943191229
1732943191258
1732943191306
1732943191398
1732943191437
1732943191449
1732943191476
1732943191577
1732943191647
1732943191679
1732943191745
1732943191843
1732943191865
1732943191895
1732943191934
1732943192062
1732943192130
1732943192204
1732943192263
1732943192350
1732943192385
1732943192417
1732943192459
1732943192539
1732943192601
1732943192618
1732943192682
1732943192772
1732943192797
1732943192828
1732943192883
1732943192951
1732943193031
1732943193044
1732943193114
1732943193190
1732943193212
1732943193286
1732943193308
1732943193357
1732943193411
1732943193441
1732943193497
1732943193588
1732943193618
1732943193684
1732943193690
1732943193789
1732943193824
1732943193870
1732943193934
1732943194048
1732943194087
1732943194122
1732943194161
1732943194248
1732943194323
1732943194386
1732943194455
1732943194602
1732943194651
1732943194682
1732943194712
1732943194778
1732943194846
1732943194900
1732943194939
1732943195041
1732943195069
1732943195101
1732943195157
1732943195273
1732943195332
1732943195339
1732943195416
1732943195475
1732943195507
1732943195516
1732943195545
1732943195662
1732943195722
1732943195766
1732943195818
1732943195901
1732943195934
1732943195979
1732943195995
1732943196099
1732943196173
1732943196202
1732943196252
1732943196349
1732943196385
1732943196415
1732943196439
1732943196527
1732943196593
1732943196625
1732943196713
1732943196797
1732943196853
1732943196892
1732943196913
1732943197024
1732943197090
1732943197117
1732943197223
1732943197323
1732943197379
1732943197392
1732943197455
1732943197550
1732943197604
1732943197632
1732943197679
1732943197785
1732943197804
1732943197830
1732943197862
1732943197946
1732943198009
1732943198040
1732943198103
1732943198185
1732943198214
1732943198227
1732943198262
1732943198324
1732943198372
1732943198404
1732943198452
1732943198527
1732943198560
1732943198585
1732943198628
1732943198694
1732943198735
1732943198767
1732943198829
1732943198892
1732943198922
1732943198960
1732943198985
1732943199077
1732943199149
1732943199171
1732943199239
1732943199317
1732943199341
1732943199370
1732943199397
1732943199482
1732943199537
1732943199562
1732943199614
1732943199695
1732943199726
1732943199757
1732943199793
1732943199887
1732943199921
1732943199954
1732943200013
1732943200098
1732943200118
1732943200140
1732943200168
1732943200258
1732943200308
1732943200351
1732943200396
1732943200484
1732943200503
1732943200526
1732943200545
1732943200616
1732943200658
1732943200694
1732943200743
1732943200800
1732943200833
1732943200864
1732943200884
1732943200957
1732943200992
1732943201032
1732943201077
1732943201129
1732943201151
1732943201177
1732943201204
1732943201279
1732943201328
1732943201346
1732943201401
1732943201463
1732943201487
1732943201515
1732943201537
1732943201627
1732943201650
1732943201681
1732943201740
1732943201811
1732943201838
1732943201874
1732943201904
1732943202043
1732943202132
1732943202197
1732943202318
1732943202425
1732943202487
1732943202812
1732943202885
1732943203485
1732943203528
1732943203548
1732943203549
1732943203552
1732943203552
1732943203553
1732943203609
1732943203654
1732943203728
1732943203738
1732943203740
1732943203880
1732943203901
1732943203917
1732943203919
1732943204061
1732943204107
1732943204135
1732943204173
1732943204192
1732943204230
1732943204256
1732943204281
1732943204415
1732943204514
1732943204596
1732943204686
1732943204792
1732943204824
1732943204872
1732943204904
1732943205015
1732943205105
1732943205108
1732943205158
1732943205313
1732943205314
1732943205321
1732943205333
1732943205429
1732943205482
1732943205506
1732943205568
1732943205633
1732943205654
1732943205694
1732943205708
1732943205790
1732943205834
1732943205849
1732943205923
1732943206000
1732943206027
1732943206057
1732943206076
1732943206165
1732943206214
1732943206234
1732943206282
1732943206384
1732943206391
1732943206413
1732943206447
1732943206517
1732943206558
1732943206580
1732943206637
1732943206712
1732943206734
1732943206757
1732943206784
1732943206849
1732943206923
1732943206939
1732943206990
1732943207060
1732943207081
1732943207113
1732943207153
1732943207211
1732943207264
1732943207271
1732943207320
1732943207399
1732943207432
1732943207451
1732943207470
1732943207532
1732943207602
1732943207607
1732943207646
1732943207711
1732943207733
1732943207757
1732943207783
1732943207859
1732943207918
1732943207936
1732943207995
1732943208057
1732943208094
1732943208114
1732943208121
1732943208203
1732943208256
1732943208283
1732943208326
1732943208411
1732943208443
1732943208467
1732943208488
1732943208552
1732943208600
1732943208647
1732943208682
1732943208758
1732943208786
1732943208805
1732943208836
1732943208905
1732943208949
1732943208994
1732943209029
1732943209104
1732943209126
1732943209141
1732943209162
1732943209240
1732943209289
1732943209342
1732943209403
1732943209477
1732943209499
1732943209540
1732943209560
1732943209643
1732943209692
1732943209735
1732943209774
1732943209830
1732943209858
1732943209892
1732943209913
1732943209970
1732943210025
1732943210064
1732943210096
1732943210163
1732943210182
1732943210204
1732943210236
1732943210291
1732943210343
1732943210358
1732943210413
1732943210489
1732943210520
1732943210536
1732943210567
1732943210611
1732943210661
1732943210688
1732943210738
1732943210808
1732943210835
1732943210886
1732943210890
1732943210953
1732943211022
1732943211029
1732943211069
1732943211139
1732943211176
1732943211213
1732943211220
1732943211277
1732943211326
1732943211349
1732943211399
1732943211475
1732943211495
1732943211520
1732943211542
1732943211647
1732943211674
1732943211706
1732943211791
1732943211880
1732943211907
1732943211930
1732943211965
1732943212073
1732943212145
1732943212174
1732943212241
1732943212336
1732943212367
1732943212406
1732943212425
1732943212509
1732943212576
1732943212596
1732943212653
1732943212719
1732943212755
1732943212779
1732943212826
1732943212909
1732943212944
1732943212973
1732943213034
1732943213112
1732943213135
1732943213170
1732943213198
1732943213282
1732943213331
1732943213363
1732943213407
1732943213487
1732943213504
1732943213543
1732943213567
1732943213640
1732943213690
1732943213720
1732943213765
1732943213842
1732943213869
1732943213897
1732943213955
1732943214008
1732943214063
1732943214090
1732943214149
1732943214241
1732943214287
1732943214366
1732943214375
1732943214446
1732943214525
1732943214529
1732943214586
1732943214660
1732943214699
1732943214712
1732943214728
1732943214798
1732943214843
1732943214885
1732943214919
1732943215027
1732943215056
1732943215122
1732943215130
1732943215204
1732943215245
1732943215271
1732943215330
1732943215384
1732943215413
1732943215427
1732943215456
1732943215528
1732943215578
1732943215623
1732943215665
1732943215719
1732943215744
1732943215782
1732943215790
1732943215875
1732943215918
1732943215941
1732943215998
1732943216073
1732943216087
1732943216112
1732943216136
1732943216225
1732943216251
1732943216275
1732943216321
1732943216382
1732943216407
1732943216434
1732943216463
1732943216521
1732943216577
1732943216610
1732943216643
1732943216707
1732943216728
1732943216762
1732943216776
1732943216861
1732943216895
1732943216922
1732943216963
1732943217033
1732943217074
1732943217081
1732943217106
1732943217182
1732943217230
1732943217256
1732943217305
1732943217373
1732943217403
1732943217427
1732943217460
1732943217528
1732943217617
1732943217621
1732943217677
1732943217737
1732943217762
1732943217805
1732943217811
1732943217879
1732943217929
1732943217951
1732943218016
1732943218062
1732943218088
1732943218111
1732943218130
1732943218209
1732943218250
1732943218273
1732943218312
1732943218393
1732943218417
1732943218425
1732943218458
1732943218551
1732943218591
1732943218600
1732943218652
1732943218721
1732943218756
1732943218775
1732943218801
1732943218862
1732943218913
1732943218958
1732943219001
1732943219067
1732943219086
1732943219114
1732943219133
1732943219196
1732943219243
1732943219268
1732943219311
1732943219396
1732943219418
1732943219442
1732943219456
1732943219551
1732943219597
1732943219620
1732943219662
1732943219772
1732943219791
1732943219830
1732943219859
1732943219956
1732943220016
1732943220045
1732943220126
1732943220199
1732943220224
1732943220242
1732943220258
1732943220346
1732943220445
1732943220455
1732943220526
1732943220647
1732943220659
1732943220694
1732943220726
1732943220790
1732943220849
1732943220865
1732943220914
1732943220994
1732943221018
1732943221031
1732943221069
1732943221131
1732943221184
1732943221213
1732943221245
1732943221328
1732943221376
1732943221380
1732943221402
1732943221468
1732943221531
1732943221538
1732943221583
1732943221688
1732943221696
1732943221716
1732943221767
1732943221829
1732943221886
1732943221920
1732943221976
1732943222080
1732943222118
1732943222152
1732943222192
1732943222301
1732943222355
1732943222404
1732943222446
1732943222550
1732943222586
1732943222630
1732943222671
1732943222740
1732943222792
1732943222800
1732943222840
1732943222908
1732943222937
1732943222963
1732943223002
1732943223070
1732943223128
1732943223160
1732943223208
1732943223296
1732943223326
1732943223344
1732943223377
1732943223453
1732943223509
1732943223533
1732943223579
1732943223653
1732943223683
1732943223730
1732943223754
1732943223807
1732943223853
1732943223876
1732943223929
1732943224012
1732943224046
1732943224082
1732943224089
1732943224163
1732943224245
1732943224250
1732943224292
1732943224405
1732943224415
1732943224456
1732943224486
1732943224598
1732943224660
1732943224681
1732943224746
1732943224800
1732943224835
1732943224858
1732943224895
1732943224953
1732943225012
1732943225029
1732943225098
1732943225174
1732943225233
1732943225248
1732943225276
1732943225369
1732943225413
1732943225435
1732943225494
1732943225564
1732943225613
1732943225631
1732943225649
1732943225727
1732943225773
1732943225796
1732943225871
1732943225911
1732943225933
1732943225963
1732943225985
1732943226060
1732943226107
1732943226136
1732943226179
1732943226244
1732943226264
1732943226299
1732943226323
1732943226380
1732943226434
1732943226464
1732943226510
1732943226576
1732943226608
1732943226630
1732943226667
1732943226731
1732943226797
1732943226814
1732943226877
1732943226931
1732943226951
1732943226988
1732943226995
1732943227062
1732943227127
1732943227163
1732943227191
1732943227250
1732943227268
1732943227289
1732943227320
1732943227386
1732943227441
1732943227473
1732943227514
1732943227577
1732943227600
1732943227628
1732943227650
1732943227727
1732943227764
1732943227786
1732943227853
1732943227933
1732943227964
1732943227970
1732943227987
1732943228047
1732943228086
1732943228117
1732943228169
1732943228228
1732943228268
1732943228277
1732943228327
1732943228367
1732943228416
1732943228447
1732943228492
1732943228553
1732943228576
1732943228613
1732943228620
1732943228690
1732943228746
1732943228770
1732943228808
1732943228885
1732943228916
1732943228948
1732943228980
1732943229042
1732943229075
1732943229097
1732943229149
1732943229225
1732943229243
1732943229263
1732943229294
1732943229354
1732943229396
1732943229428
1732943229463
1732943229539
1732943229564
1732943229591
1732943229612
1732943229686
1732943229725
1732943229746
1732943229795
1732943229868
1732943229922
1732943229929
1732943229946
1732943230032
1732943230077
1732943230098
1732943230166
1732943230243
1732943230272
1732943230294
1732943230319
1732943230385
1732943230443
1732943230463
1732943230502
1732943230574
1732943230596
1732943230616
1732943230655
1732943230728
1732943230765
1732943230788
1732943230826
1732943230896
1732943230922
1732943230948
1732943230971
1732943231036
1732943231098
1732943231112
1732943231173
1732943231232
1732943231257
1732943231292
1732943231300
1732943231374
1732943231413
1732943231440
1732943231504
1732943231574
1732943231602
1732943231620
1732943231640
1732943231726
1732943231778
1732943231819
1732943231887
1732943231961
1732943231989
1732943232018
1732943232060
1732943232170
1732943232232
1732943232281
1732943232329
1732943232416
1732943232470
1732943232473
1732943232500
1732943232575
1732943232641
1732943232669
1732943232696
1732943232768
1732943232794
1732943232831
1732943232866
1732943232951
1732943233012
1732943233044
1732943233110
1732943233223
1732943233230
1732943233279
1732943233283
1732943233357
1732943233421
1732943233445
1732943233511
1732943233591
1732943233618
1732943233653
1732943233687
1732943233755
1732943233802
1732943233839
1732943233882
1732943233966
1732943234013
1732943234028
1732943234060
1732943234135
1732943234186
1732943234211
1732943234281
1732943234354
1732943234415
1732943234478
1732943234510
1732943234593
1732943234652
1732943234687
1732943234751
1732943234821
1732943234852
1732943234883
1732943234900
1732943234985
1732943235021
1732943235069
1732943235122
1732943235224
1732943235265
1732943235279
1732943235305
1732943235375
1732943235427
1732943235448
1732943235493
1732943235573
1732943235593
1732943235616
1732943235658
1732943235726
1732943235771
1732943235806
1732943235839
1732943235930
1732943235943
1732943235967
1732943235999
1732943236063
1732943236104
1732943236125
1732943236175
1732943236255
1732943236282
1732943236314
1732943236333
1732943236393
1732943236441
1732943236473
1732943236516
1732943236590
1732943236606
1732943236651
1732943236660
1732943236748
1732943236796
1732943236818
1732943236866
1732943236933
1732943236968
1732943237006
1732943237010
1732943237072
1732943237119
1732943237146
1732943237193
1732943237269
1732943237293
1732943237320
1732943237343
1732943237435
1732943237466
1732943237492
1732943237536
1732943237610
1732943237634
1732943237657
1732943237674
1732943237771
1732943237815
1732943237843
1732943237892
1732943237993
1732943238015
1732943238040
1732943238066
1732943238169
1732943238222
1732943238243
1732943238304
1732943238390
1732943238397
1732943238423
1732943238438
1732943238520
1732943238557
1732943238591
1732943238663
1732943238728
1732943238761
1732943238776
1732943238804
1732943238887
1732943238937
1732943238965
1732943239053
1732943239083
1732943239109
1732943239133
1732943239158
1732943239250
1732943239300
1732943239315
1732943239360
1732943239445
1732943239470
1732943239478
1732943239526
1732943239599
1732943239627
1732943239664
1732943239707
1732943239792
1732943239814
1732943239821
1732943239853
1732943239923
1732943239972
1732943239993
1732943240042
1732943240130
1732943240147
1732943240169
1732943240217
1732943240272
1732943240312
1732943240340
1732943240389
1732943240489
1732943240509
1732943240554
1732943240558
1732943240642
1732943240711
1732943240732
1732943240785
1732943240870
1732943240889
1732943240910
1732943240929
1732943241007
1732943241052
1732943241077
1732943241126
1732943241200
1732943241232
1732943241255
1732943241283
1732943241359
1732943241406
1732943241427
1732943241484
1732943241558
1732943241602
1732943241608
1732943241633
1732943241715
1732943241772
1732943241803
1732943241848
1732943241961
1732943241977
1732943242019
1732943242072
1732943242168
1732943242229
1732943242261
1732943242366
1732943242441
1732943242462
1732943242531
1732943242537
1732943242603
1732943242675
1732943242709
1732943242754
1732943242831
1732943242860
1732943242909
1732943242916
1732943242992
1732943243059
1732943243096
1732943243142
1732943243233
1732943243280
1732943243320
1732943243329
1732943243411
1732943243463
1732943243491
1732943243555
1732943243640
1732943243673
1732943243699
1732943243727
1732943243804
1732943243889
1732943243897
1732943244267
1732943244592
1732943244596
1732943244603
1732943244604
1732943244617
1732943244676
1732943244680
1732943244703
1732943244720
1732943244726
1732943244777
1732943244788
1732943244837
1732943244844
1732943244848
1732943244895
1732943244948
1732943244956
1732943245008
1732943245022
1732943245075
1732943245149
1732943245182
1732943245265
1732943245355
1732943245377
1732943245400
1732943245442
1732943245521
1732943245559
1732943245607
1732943245648
1732943245716
1732943245748
1732943245789
1732943245796
1732943245857
1732943245913
1732943245933
1732943245991
1732943246064
1732943246090
1732943246121
1732943246150
1732943246220
1732943246260
1732943246293
1732943246342
1732943246397
1732943246419
1732943246438
1732943246471
1732943246542
1732943246585
1732943246623
1732943246666
1732943246742
1732943246759
1732943246779
1732943246825
1732943246881
1732943246939
1732943246946
1732943246994
1732943247063
1732943247089
1732943247116
1732943247143
1732943247214
1732943247265
1732943247295
1732943247340
1732943247408
1732943247438
1732943247457
1732943247486
1732943247569
1732943247604
1732943247626
1732943247673
1732943247743
1732943247781
1732943247796
1732943247822
1732943247892
1732943247933
1732943247960
1732943248008
1732943248073
1732943248099
1732943248124
1732943248170
1732943248233
1732943248258
1732943248285
1732943248344
1732943248407
1732943248434
1732943248462
1732943248494
1732943248558
1732943248614
1732943248632
1732943248668
1732943248753
1732943248772
1732943248792
1732943248815
1732943248898
1732943248948
1732943248976
1732943249023
1732943249086
1732943249114
1732943249153
1732943249158
1732943249245
1732943249274
1732943249300
1732943249352
1732943249417
1732943249446
1732943249469
1732943249489
1732943249564
1732943249617
1732943249648
1732943249709
1732943249755
1732943249803
1732943249808
1732943249837
1732943249915
1732943249964
1732943249977
1732943250020
1732943250088
1732943250109
1732943250142
1732943250172
1732943250233
1732943250330
1732943250337
1732943250377
1732943250468
1732943250509
1732943250558
1732943250568
1732943250684
1732943250746
1732943250766
1732943250820
1732943250917
1732943250937
1732943250974
1732943250993
1732943251085
1732943251153
1732943251181
1732943251221
1732943251291
1732943251331
1732943251337
1732943251366
1732943251440
1732943251476
1732943251513
1732943251558
1732943251631
1732943251654
1732943251681
1732943251713
1732943251804
1732943251846
1732943251882
1732943251958
1732943252045
1732943252094
1732943252105
1732943252133
1732943252236
1732943252304
1732943252333
1732943252415
1732943252481
1732943252519
1732943252544
1732943252561
1732943252638
1732943252683
1732943252706
1732943252758
1732943252831
1732943252862
1732943252902
1732943252923
1732943252985
1732943253046
1732943253073
1732943253154
1732943253222
1732943253229
1732943253259
1732943253280
1732943253355
1732943253409
1732943253432
1732943253490
1732943253582
1732943253599
1732943253623
1732943253655
1732943253730
1732943253774
1732943253809
1732943253872
1732943253952
1732943253965
1732943253984
1732943254008
1732943254106
1732943254135
1732943254175
1732943254207
1732943254305
1732943254337
1732943254356
1732943254400
1732943254524
1732943254553
1732943254576
1732943254621
1732943254701
1732943254743
1732943254748
1732943254776
1732943254873
1732943254898
1732943254927
1732943254989
1732943255069
1732943255085
1732943255121
1732943255168
1732943255259
1732943255295
1732943255321
1732943255359
1732943255438
1732943255457
1732943255474
1732943255494
1732943255578
1732943255632
1732943255648
1732943255698
1732943255766
1732943255796
1732943255814
1732943255850
1732943255920
1732943255973
1732943256000
1732943256034
1732943256109
1732943256127
1732943256149
1732943256197
1732943256249
1732943256293
1732943256328
1732943256377
1732943256435
1732943256455
1732943256506
1732943256525
1732943256581
1732943256631
1732943256674
1732943256709
1732943256780
1732943256805
1732943256834
1732943256861
1732943256923
1732943256971
1732943257003
1732943257050
1732943257108
1732943257139
1732943257164
1732943257191
1732943257263
1732943257310
1732943257320
1732943257371
1732943257438
1732943257459
1732943257477
1732943257505
1732943257573
1732943257640
1732943257644
1732943257690
1732943257756
1732943257785
1732943257808
1732943257832
1732943257904
1732943257956
1732943257975
1732943258026
1732943258090
1732943258119
1732943258136
1732943258165
1732943258231
1732943258303
1732943258311
1732943258382
1732943258425
1732943258447
1732943258472
1732943258496
1732943258572
1732943258612
1732943258639
1732943258707
1732943258773
1732943258786
1732943258816
1732943258839
1732943258919
1732943258959
1732943258985
1732943259041
1732943259110
1732943259132
1732943259146
1732943259190
1732943259244
1732943259287
1732943259336
1732943259369
1732943259430
1732943259457
1732943259476
1732943259500
1732943259577
1732943259630
1732943259648
1732943259699
1732943259776
1732943259804
1732943259848
1732943259858
1732943259941
1732943259977
1732943259997
1732943260056
1732943260130
1732943260150
1732943260165
1732943260191
1732943260270
1732943260308
1732943260331
1732943260389
1732943260445
1732943260476
1732943260509
1732943260517
1732943260605
1732943260658
1732943260676
1732943260707
1732943260779
1732943260804
1732943260833
1732943260859
1732943260927
1732943260973
1732943261005
1732943261059
1732943261119
1732943261144
1732943261176
1732943261207
1732943261293
1732943261337
1732943261385
1732943261434
1732943261510
1732943261529
1732943261576
1732943261582
1732943261655
1732943261733
1732943261763
1732943261809
1732943261875
1732943261926
1732943261940
1732943261980
1732943262070
1732943262155
1732943262187
1732943262250
1732943262352
1732943262373
1732943262411
1732943262432
1732943262530
1732943262575
1732943262602
1732943262646
1732943262733
1732943262742
1732943262769
1732943262793
1732943262863
1732943262920
1732943262950
1732943262985
1732943263085
1732943263088
1732943263108
1732943263164
1732943263222
1732943263300
1732943263305
1732943263359
1732943263439
1732943263462
1732943263492
1732943263519
1732943263573
1732943263630
1732943263657
1732943263700
1732943263779
1732943263809
1732943263855
1732943263862
1732943263921
1732943263972
1732943264001
1732943264053
1732943264129
1732943264150
1732943264171
1732943264196
1732943264288
1732943264327
1732943264395
1732943264427
1732943264555
1732943264580
1732943264613
1732943264631
1732943264707
1732943264754
1732943264780
1732943264822
1732943264911
1732943264933
1732943264964
1732943264993
1732943265074
1732943265149
1732943265161
1732943265210
1732943265309
1732943265335
1732943265354
1732943265376
1732943265470
1732943265509
1732943265524
1732943265571
1732943265636
1732943265665
1732943265683
1732943265704
1732943265781
1732943265819
1732943265847
1732943265897
1732943265962
1732943265986
1732943266030
1732943266037
1732943266120
1732943266157
1732943266178
1732943266230
1732943266304
1732943266332
1732943266360
1732943266383
1732943266436
1732943266490
1732943266508
1732943266559
1732943266641
1732943266691
1732943266698
1732943266725
1732943266799
1732943266844
1732943266860
1732943266915
1732943266999
1732943267020
1732943267041
1732943267078
1732943267152
1732943267198
1732943267225
1732943267277
1732943267348
1732943267378
1732943267395
1732943267419
1732943267511
1732943267543
1732943267569
1732943267634
1732943267687
1732943267719
1732943267743
1732943267768
1732943267843
1732943267891
1732943267926
1732943267963
1732943268037
1732943268058
1732943268087
1732943268111
1732943268186
1732943268229
1732943268267
1732943268303
1732943268370
1732943268398
1732943268423
1732943268460
1732943268514
1732943268563
1732943268581
1732943268633
1732943268697
1732943268721
1732943268748
1732943268770
1732943268854
1732943268916
1732943268922
1732943268959
1732943269045
1732943269059
1732943269083
1732943269110
1732943269203
1732943269253
1732943269283
1732943269321
1732943269402
1732943269444
1732943269450
1732943269479
1732943269544
1732943269593
1732943269615
1732943269662
1732943269736
1732943269764
1732943269785
1732943269816
1732943269893
1732943269947
1732943269970
1732943270017
1732943270084
1732943270112
1732943270133
1732943270172
1732943270228
1732943270276
1732943270302
1732943270344
1732943270420
1732943270447
1732943270492
1732943270499
1732943270578
1732943270625
1732943270657
1732943270700
1732943270755
1732943270776
1732943270807
1732943270839
1732943270911
1732943270968
1732943270991
1732943271042
1732943271120
1732943271155
1732943271183
1732943271198
1732943271272
1732943271338
1732943271362
1732943271412
1732943271487
1732943271529
1732943271546
1732943271636
1732943271675
1732943271725
1732943271760
1732943271830
1732943271919
1732943271956
1732943271988
1732943272054
1732943272169
1732943272231
1732943272254
1732943272330
1732943272401
1732943272438
1732943272463
1732943272493
1732943272610
1732943272690
1732943272711
1732943272753
1732943272840
1732943272863
1732943272895
1732943272932
1732943272996
1732943273056
1732943273075
1732943273133
1732943273239
1732943273256
1732943273290
1732943273314
1732943273436
1732943273475
1732943273521
1732943273558
1732943273614
1732943273634
1732943273660
1732943273682
1732943273764
1732943273827
1732943273873
1732943273898
1732943274001
1732943274010
1732943274040
1732943274061
1732943274153
1732943274185
1732943274216
1732943274261
1732943274385
1732943274416
1732943274468
1732943274476
1732943274551
1732943274610
1732943274623
1732943274683
1732943274773
1732943274780
1732943274801
1732943274827
1732943274912
1732943274952
1732943274999
1732943275064
1732943275141
1732943275176
1732943275224
1732943275242
1732943275310
1732943275358
1732943275380
1732943275436
1732943275513
1732943275534
1732943275556
1732943275586
1732943275662
1732943275697
1732943275716
1732943275779
1732943275843
1732943275864
1732943275886
1732943275917
1732943275981
1732943276037
1732943276065
1732943276145
1732943276176
1732943276198
1732943276233
1732943276256
1732943276321
1732943276369
1732943276392
1732943276438
1732943276510
1732943276536
1732943276564
1732943276594
1732943276664
1732943276705
1732943276729
1732943276802
1732943276869
1732943276891
1732943276920
1732943276960
1732943277019
1732943277078
1732943277107
1732943277165
1732943277230
1732943277260
1732943277287
1732943277316
1732943277384
1732943277420
1732943277448
1732943277499
1732943277564
1732943277589
1732943277642
1732943277663
1732943277716
1732943277806
1732943277843
1732943277912
1732943277969
1732943277997
1732943278025
1732943278042
1732943278121
1732943278174
1732943278194
1732943278241
1732943278307
1732943278344
1732943278362
1732943278396
1732943278448
1732943278562
1732943278569
1732943278610
1732943278680
1732943278709
1732943278730
1732943278768
1732943278838
1732943278885
1732943278903
1732943278963
1732943279033
1732943279040
1732943279067
1732943279085
1732943279176
1732943279217
1732943279226
1732943279295
1732943279366
1732943279371
1732943279393
1732943279416
1732943279491
1732943279542
1732943279557
1732943279612
1732943279684
1732943279736
1732943279739
1732943279765
1732943279828
1732943279896
1732943279909
1732943279972
1732943280045
1732943280074
1732943280103
1732943280130
1732943280201
1732943280260
1732943280278
1732943280327
1732943280426
1732943280482
1732943280509
1732943280546
1732943280660
1732943280717
1732943280737
1732943280784
1732943280858
1732943280881
1732943280900
1732943280925
1732943281004
1732943281051
1732943281079
1732943281121
1732943281200
1732943281219
1732943281250
1732943281273
1732943281339
1732943281382
1732943281408
1732943281460
1732943281532
1732943281562
1732943281604
1732943281609
1732943281683
1732943281752
1732943281756
1732943281846
1732943281908
1732943281928
1732943281992
1732943282035
1732943282140
1732943282200
1732943282241
1732943282293
1732943282381
1732943282433
1732943282447
1732943282486
1732943282588
1732943282675
1732943282681
1732943282725
1732943282794
1732943282819
1732943282837
1732943282862
1732943282948
1732943283004
1732943283023
1732943283058
1732943283140
1732943283166
1732943283209
1732943283233
1732943283319
1732943283374
1732943283407
1732943283460
1732943283565
1732943283577
1732943283604
1732943283636
1732943283703
1732943283752
1732943283779
1732943283834
1732943283904
1732943283933
1732943283951
1732943283988
1732943284052
1732943284106
1732943284134
1732943284201
1732943284257
1732943284303
1732943284307
1732943284351
1732943284426
1732943284460
1732943284480
1732943284530
1732943284621
1732943284659
1732943284719
1732943284743
1732943284837
1732943284902
1732943284929
1732943284983
1732943285056
1732943285075
1732943285096
1732943285132
1732943285207
1732943285242
1732943285262
1732943285345
1732943285406
1732943285463
1732943285485
1732943285525
1732943285574
1732943285633
1732943285663
1732943285699
1732943285761
1732943285789
1732943285829
1732943285834
1732943285916
1732943285947
1732943285978
1732943286027
1732943286089
1732943286123
1732943286153
1732943286172
1732943286239
1732943286295
1732943286301
1732943286350
1732943286421
1732943286447
1732943286478
1732943286503
1732943286567
1732943286619
1732943286652
1732943286690
1732943286764
1732943286802
1732943286812
1732943286841
1732943286905
1732943286962
1732943286984
1732943287024
1732943287100
1732943287119
1732943287151
1732943287175
1732943287262
1732943287297
1732943287322
1732943287378
1732943287449
1732943287482
1732943287491
1732943287545
1732943287603
1732943287639
1732943287665
1732943287710
1732943287807
1732943287842
1732943287851
1732943287876
1732943287982
1732943288011
1732943288043
1732943288100
1732943288192
1732943288200
1732943288228
1732943288251
1732943288324
1732943288382
1732943288389
1732943288462
1732943288521
1732943288542
1732943288577
1732943288600
1732943288679
1732943288728
1732943288760
1732943288813
1732943288902
1732943288908
1732943288951
1732943288973
1732943289036
1732943289088
1732943289108
1732943289163
1732943289249
1732943289253
1732943289270
1732943289304
1732943289375
1732943289416
1732943289447
1732943289485
1732943289553
1732943289573
1732943289604
1732943289619
1732943289697
1732943289749
1732943289773
1732943289819
1732943289915
1732943289934
1732943289952
1732943289988
1732943290048
1732943290097
1732943290121
1732943290171
1732943290274
1732943290280
1732943290341
1732943290342
1732943290421
1732943290456
1732943290474
1732943290515
1732943290596
1732943290612
1732943290643
1732943290662
1732943290745
1732943290779
1732943290800
1732943290855
1732943290915
1732943290951
1732943290970
1732943290988
1732943291068
1732943291105
1732943291123
1732943291173
1732943291248
1732943291265
1732943291291
1732943291320
1732943291405
1732943291446
1732943291463
1732943291508
1732943291595
1732943291611
1732943291650
1732943291658
1732943291754
1732943291793
1732943291832
1732943291888
1732943291971
1732943292002
1732943292067
1732943292080
1732943292188
1732943292265
1732943292296
1732943292378
1732943292483
1732943292551
1732943292559
1732943292569
1732943292651
1732943292725
1732943292776
1732943292809
1732943292892
1732943292930
1732943292967
1732943292994
1732943293069
1732943293096
1732943293123
1732943293175
1732943293260
1732943293290
1732943293336
1732943293351
1732943293453
1732943293479
1732943293509
1732943293564
1732943293635
1732943293667
1732943293689
1732943293720
1732943293787
1732943293845
1732943293874
1732943293911
1732943293995
1732943294018
1732943294062
1732943294070
1732943294167
1732943294203
1732943294224
1732943294271
1732943294354
1732943294374
1732943294396
1732943294429
1732943294493
1732943294571
1732943294615
1732943294680
1732943294784
1732943294813
1732943294848
1732943294880
1732943294948
1732943294993
1732943295022
1732943295076
1732943295144
1732943295170
1732943295190
1732943295213
1732943295334
1732943295372
1732943295409
1732943295490
1732943295549
1732943295577
1732943295618
1732943295643
1732943295688
1732943295737
1732943295760
1732943295808
1732943295883
1732943295902
1732943295931
1732943295969
1732943296036
1732943296083
1732943296113
1732943296163
1732943296242
1732943296249
1732943296291
1732943296327
1732943296370
1732943296411
1732943296434
1732943296502
1732943296555
1732943296581
1732943296613
1732943296637
1732943296711
1732943296752
1732943296784
1732943296837
1732943296899
1732943296933
1732943296955
1732943296976
1732943297050
1732943297095
1732943297116
1732943297161
1732943297229
1732943297256
1732943297285
1732943297308
1732943297395
1732943297436
1732943297461
1732943297514
1732943297593
1732943297628
1732943297648
1732943297675
1732943297748
1732943297806
1732943297844
1732943297880
1732943297984
1732943297989
1732943298023
1732943298029
