1732909077065
1732909104472
1732909104555
1732909104622
1732909104629
1732909105307
1732909105320
1732909105538
1732909105585
1732909105776
1732909105890
1732909105945
1732909106055
1732909106171
1732909106265
1732909106281
1732909106341
1732909106497
1732909106595
1732909106639
1732909106747
1732909106882
1732909106912
1732909106972
1732909107024
1732909107193
1732909107247
1732909107304
1732909107388
1732909107492
1732909107541
1732909107577
1732909107603
1732909107718
1732909107815
1732909107833
1732909107911
1732909108079
1732909108115
1732909108155
1732909108201
1732909108320
1732909108396
1732909108431
1732909108511
1732909108617
1732909108659
1732909108700
1732909108736
1732909108855
1732909108951
1732909108983
1732909109249
1732909109302
1732909109303
1732909109328
1732909109335
1732909109404
1732909109440
1732909109473
1732909109555
1732909109662
1732909109698
1732909109730
1732909109790
1732909109886
1732909109934
1732909109978
1732909110052
1732909110145
1732909110184
1732909110250
1732909110307
1732909110399
1732909110478
1732909110533
1732909110586
1732909110741
1732909110758
1732909110765
1732909110813
1732909110894
1732909110957
1732909110991
1732909111065
1732909111136
1732909111193
1732909111206
1732909111232
1732909111326
1732909111385
1732909111416
1732909111505
1732909111582
1732909111622
1732909111658
1732909111702
1732909111816
1732909111908
1732909111948
1732909112021
1732909112151
1732909112176
1732909112206
1732909112241
1732909112373
1732909112464
1732909112498
1732909112568
1732909112673
1732909112708
1732909112755
1732909112787
1732909112914
1732909112998
1732909113026
1732909113106
1732909113223
1732909113278
1732909113352
1732909113425
1732909113598
1732909113752
1732909113814
1732909113911
1732909114040
1732909114110
1732909114125
1732909114173
1732909114315
1732909114375
1732909114405
1732909114496
1732909114589
1732909114622
1732909114679
1732909114708
1732909114792
1732909114873
1732909114978
1732909115004
1732909115155
1732909115158
1732909115192
1732909115221
1732909115319
1732909115378
1732909115408
1732909115465
1732909115575
1732909115586
1732909115621
1732909115665
1732909115750
1732909115826
1732909115881
1732909115928
1732909116023
1732909116074
1732909116082
1732909116118
1732909116322
1732909116351
1732909116389
1732909116434
1732909116573
1732909116611
1732909116658
1732909116680
1732909116768
1732909116834
1732909116888
1732909116931
1732909117017
1732909117043
1732909117081
1732909117099
1732909117208
1732909117276
1732909117318
1732909117393
1732909117587
1732909117620
1732909117659
1732909117714
1732909117838
1732909117920
1732909117970
1732909118071
1732909118232
1732909118259
1732909118278
1732909118315
1732909118570
1732909118603
1732909118623
1732909118741
1732909118901
1732909118938
1732909118984
1732909119022
1732909119156
1732909119188
1732909119231
1732909119306
1732909119418
1732909119450
1732909119485
1732909119538
1732909119660
1732909119730
1732909119756
1732909119819
1732909119916
1732909119946
1732909119982
1732909120034
1732909120138
1732909120175
1732909120229
1732909120264
1732909120366
1732909120401
1732909120450
1732909120462
1732909120622
1732909120757
1732909120808
1732909120913
1732909121072
1732909121095
1732909121122
1732909121156
1732909121273
1732909121360
1732909121408
1732909121467
1732909121628
1732909121662
1732909121714
1732909121743
1732909121830
1732909121963
1732909122038
1732909122182
1732909122293
1732909122327
1732909122428
1732909122435
1732909122558
1732909122622
1732909122638
1732909122764
1732909122896
1732909122913
1732909122967
1732909123013
1732909123104
1732909123183
1732909123242
1732909123335
1732909123443
1732909123485
1732909123519
1732909123567
1732909123716
1732909123813
1732909123858
1732909123947
1732909124097
1732909124131
1732909124178
1732909124232
1732909124382
1732909124456
1732909124499
1732909124597
1732909124732
1732909124804
1732909124905
1732909124941
1732909125120
1732909125217
1732909125319
1732909125357
1732909125638
1732909125643
1732909125689
1732909125725
1732909125939
1732909126116
1732909126233
1732909126320
1732909126557
1732909126624
1732909126643
1732909126709
1732909126841
1732909126896
1732909126958
1732909127049
1732909127122
1732909127159
1732909127195
1732909127260
1732909127360
1732909127458
1732909127488
1732909127572
1732909127772
1732909127787
1732909127798
1732909127833
1732909127916
1732909127997
1732909128053
1732909128109
1732909128244
1732909128294
1732909128322
1732909128354
1732909128445
1732909128543
1732909128585
1732909128636
1732909128730
1732909128764
1732909128801
1732909128833
1732909128927
1732909128994
1732909129027
1732909129094
1732909129208
1732909129235
1732909129263
1732909129299
1732909129420
1732909129520
1732909129574
1732909129661
1732909129785
1732909129838
1732909129882
1732909129902
1732909130004
1732909130080
1732909130111
1732909130184
1732909130324
1732909130356
1732909130374
1732909130418
1732909130512
1732909130578
1732909130630
1732909130696
1732909130797
1732909130815
1732909130852
1732909130882
1732909130991
1732909131058
1732909131093
1732909131160
1732909131258
1732909131299
1732909131335
1732909131379
1732909131487
1732909131575
1732909131590
1732909131647
1732909131770
1732909131808
1732909131816
1732909131847
1732909131958
1732909132022
1732909132058
1732909132140
1732909132236
1732909132266
1732909132293
1732909132324
1732909132433
1732909132494
1732909132549
1732909132600
1732909132691
1732909132721
1732909132753
1732909132791
1732909132900
1732909132977
1732909133001
1732909133091
1732909133207
1732909133216
1732909133251
1732909133305
1732909133432
1732909133491
1732909133532
1732909133618
1732909133758
1732909133812
1732909133889
1732909133908
1732909134021
1732909134102
1732909134191
1732909134238
1732909134351
1732909134425
1732909134454
1732909134491
1732909134677
1732909134753
1732909134873
1732909134894
1732909135023
1732909135068
1732909135077
1732909135115
1732909135217
1732909135278
1732909135318
1732909135369
1732909135484
1732909135527
1732909135543
1732909135579
1732909135695
1732909135779
1732909135814
1732909135887
1732909135994
1732909136041
1732909136094
1732909136178
1732909136366
1732909136506
1732909136558
1732909136636
1732909136805
1732909136853
1732909136890
1732909136896
1732909137007
1732909137116
1732909137128
1732909137203
1732909137344
1732909137377
1732909137416
1732909137445
1732909137620
1732909137703
1732909137751
1732909137830
1732909137957
1732909138012
1732909138057
1732909138179
1732909138358
1732909138445
1732909138499
1732909138649
1732909138830
1732909138860
1732909138905
1732909138934
1732909139059
1732909139147
1732909139216
1732909139265
1732909139408
1732909139443
1732909139483
1732909139521
1732909139641
1732909139721
1732909139767
1732909139836
1732909139971
1732909140022
1732909140065
1732909140131
1732909140294
1732909140388
1732909140474
1732909140625
1732909140898
1732909140984
1732909141048
1732909141101
1732909141314
1732909141426
1732909141475
1732909141610
1732909141855
1732909141925
1732909141986
1732909142036
1732909142206
1732909142329
1732909142418
1732909142569
1732909142739
1732909142807
1732909142868
1732909142936
1732909143081
1732909143227
1732909143271
1732909143443
1732909143682
1732909143754
1732909143801
1732909143860
1732909144024
1732909144156
1732909144227
1732909144335
1732909144430
1732909144486
1732909144503
1732909144541
1732909144658
1732909144739
1732909144780
1732909144850
1732909145006
1732909145063
1732909145072
1732909145121
1732909145264
1732909145355
1732909145392
1732909145483
1732909145597
1732909145638
1732909145665
1732909145713
1732909145831
1732909145906
1732909145951
1732909146022
1732909146122
1732909146163
1732909146205
1732909146247
1732909146353
1732909146457
1732909146506
1732909146641
1732909146833
1732909146840
1732909146879
1732909146919
1732909147024
1732909147108
1732909147147
1732909147207
1732909147405
1732909147433
1732909147479
1732909147533
1732909147644
1732909147717
1732909147771
1732909147874
1732909147987
1732909148036
1732909148086
1732909148125
1732909148246
1732909148329
1732909148395
1732909148468
1732909148570
1732909148610
1732909148650
1732909148712
1732909148805
1732909148875
1732909148924
1732909148999
1732909149111
1732909149148
1732909149194
1732909149235
1732909149350
1732909149439
1732909149465
1732909149523
1732909149634
1732909149673
1732909149712
1732909149760
1732909149857
1732909149931
1732909149995
1732909150058
1732909150151
1732909150186
1732909150221
1732909150274
1732909150386
1732909150446
1732909150479
1732909150556
1732909150675
1732909150714
1732909150772
1732909150820
1732909150923
1732909150990
1732909151021
1732909151106
1732909151215
1732909151255
1732909151285
1732909151327
1732909151427
1732909151548
1732909151584
1732909151681
1732909151781
1732909151811
1732909151847
1732909151894
1732909152003
1732909152085
1732909152114
1732909152206
1732909152298
1732909152353
1732909152382
1732909152399
1732909152500
1732909152579
1732909152610
1732909152712
1732909152852
1732909152887
1732909152924
1732909152972
1732909153097
1732909153162
1732909153215
1732909153286
1732909153424
1732909153462
1732909153513
1732909153558
1732909153692
1732909153816
1732909153875
1732909153963
1732909154103
1732909154156
1732909154195
1732909154245
1732909154404
1732909154473
1732909154516
1732909154580
1732909154701
1732909154739
1732909154789
1732909154856
1732909154958
1732909155088
1732909155098
1732909155171
1732909155286
1732909155330
1732909155374
1732909155391
1732909155509
1732909155593
1732909155708
1732909155735
1732909155860
1732909155928
1732909155994
1732909156032
1732909156202
1732909156321
1732909156377
1732909156477
1732909156597
1732909156625
1732909156657
1732909156731
1732909156815
1732909156902
1732909156944
1732909157028
1732909157165
1732909157201
1732909157273
1732909157301
1732909157439
1732909157531
1732909157586
1732909157677
1732909157807
1732909157884
1732909157906
1732909157936
1732909158108
1732909158169
1732909158224
1732909158276
1732909158381
1732909158408
1732909158447
1732909158492
1732909158631
1732909158701
1732909158743
1732909158828
1732909158918
1732909158956
1732909158996
1732909159031
1732909159140
1732909159220
1732909159250
1732909159332
1732909159465
1732909159535
1732909159567
1732909159625
1732909159783
1732909159869
1732909159902
1732909159985
1732909160101
1732909160130
1732909160165
1732909160204
1732909160326
1732909160384
1732909160428
1732909160503
1732909160623
1732909160666
1732909160702
1732909160733
1732909160840
1732909160923
1732909160979
1732909161029
1732909161164
1732909161195
1732909161245
1732909161281
1732909161395
1732909161461
1732909161503
1732909161580
1732909161716
1732909161754
1732909161794
1732909161836
1732909161946
1732909162029
1732909162067
1732909162135
1732909162244
1732909162316
1732909162326
1732909162349
1732909162497
1732909162574
1732909162615
1732909162724
1732909162839
1732909162885
1732909162927
1732909162998
1732909163116
1732909163192
1732909163256
1732909163374
1732909163480
1732909163545
1732909163601
1732909163699
1732909163866
1732909163986
1732909164100
1732909164216
1732909164344
1732909164413
1732909164482
1732909164523
1732909164680
1732909164766
1732909164828
1732909164901
1732909165065
1732909165122
1732909165206
1732909165236
1732909165365
1732909165473
1732909165548
1732909165614
1732909165774
1732909165827
1732909165876
1732909165945
1732909166117
1732909166184
1732909166346
1732909166387
1732909166581
1732909166627
1732909166664
1732909166733
1732909166947
1732909167063
1732909167135
1732909167230
1732909167399
1732909167426
1732909167461
1732909167523
1732909168836
1732909169294
1732909169846
1732909170730
1732909171858
1732909172144
1732909172534
1732909172584
1732909172730
1732909172767
1732909172802
1732909172860
1732909172922
1732909172928
1732909172945
1732909172946
1732909172971
1732909172972
1732909172972
1732909172972
1732909173026
1732909173038
1732909173044
1732909173051
1732909173064
1732909173075
1732909173084
1732909173142
1732909173298
1732909173341
1732909173394
1732909173449
1732909173650
1732909173843
1732909173891
1732909174011
1732909174217
1732909174263
1732909174359
1732909174451
1732909174716
1732909174798
1732909174823
1732909174914
1732909175037
1732909175153
1732909175164
1732909175229
1732909175400
1732909175474
1732909175544
1732909175635
1732909175823
1732909175863
1732909176009
1732909176058
1732909176261
1732909176387
1732909176420
1732909176530
1732909176687
1732909176758
1732909176823
1732909176854
1732909177012
1732909177085
1732909177218
1732909177280
1732909177389
1732909177456
1732909177505
1732909177549
1732909177708
1732909177808
1732909177835
1732909177950
1732909178073
1732909178129
1732909178162
1732909178264
1732909178415
1732909178675
1732909178777
1732909178866
1732909179033
1732909179086
1732909179146
1732909179194
1732909179380
1732909179565
1732909179627
1732909179668
1732909179858
1732909179901
1732909179948
1732909180013
1732909180290
1732909180392
1732909180531
1732909180883
1732909181479
1732909181695
1732909182001
1732909182134
1732909182507
1732909182893
1732909182978
1732909183251
1732909183523
1732909183679
1732909183888
1732909183941
1732909184101
1732909184244
1732909184331
1732909184436
1732909184677
1732909184718
1732909184796
1732909184866
1732909185077
1732909185189
1732909185210
1732909185328
1732909185496
1732909185571
1732909185600
1732909185645
1732909185802
1732909185965
1732909186031
1732909186094
1732909186283
1732909186341
1732909186421
1732909186456
1732909186625
1732909186749
1732909186789
1732909186875
1732909187022
1732909187099
1732909187158
1732909187212
1732909187369
1732909187457
1732909187496
1732909187613
1732909187749
1732909187796
1732909187844
1732909187895
1732909188045
1732909188139
1732909188199
1732909188279
1732909188443
1732909188519
1732909188558
1732909188713
1732909188780
1732909188889
1732909188977
1732909189081
1732909189221
1732909189324
1732909189332
1732909189396
1732909189615
1732909189755
1732909189832
1732909189980
1732909190147
1732909190167
1732909190240
1732909190274
1732909190405
1732909190517
1732909190549
1732909190666
1732909190829
1732909190889
1732909190924
1732909190972
1732909191113
1732909191212
1732909191317
1732909191457
1732909191557
1732909191601
1732909191654
1732909191700
1732909191849
1732909191945
1732909192001
1732909192100
1732909192234
1732909192302
1732909192339
1732909192411
1732909192555
1732909192681
1732909192738
1732909192827
1732909192974
1732909193041
1732909193126
1732909193178
1732909193378
1732909193486
1732909193528
1732909193689
1732909193798
1732909193844
1732909193916
1732909193965
1732909194084
1732909194179
1732909194271
1732909194353
1732909194519
1732909194584
1732909194688
1732909194761
1732909195086
1732909195292
1732909195367
1732909195571
1732909195842
1732909195954
1732909196091
1732909196140
1732909196381
1732909196470
1732909196545
1732909196674
1732909196851
1732909196908
1732909196940
1732909197009
1732909197147
1732909197259
1732909197308
1732909197433
1732909197560
1732909197606
1732909197668
1732909197708
1732909197861
1732909197930
1732909198016
1732909198096
1732909198250
1732909198300
1732909198349
1732909198396
1732909198509
1732909198604
1732909198656
1732909198758
1732909198898
1732909198977
1732909198995
1732909199055
1732909199202
1732909199313
1732909199381
1732909199480
1732909199649
1732909199682
1732909199709
1732909199773
1732909199895
1732909199992
1732909200038
1732909200163
1732909200303
1732909200353
1732909200403
1732909200460
1732909200625
1732909200720
1732909200784
1732909200877
1732909201053
1732909201100
1732909201172
1732909201226
1732909201412
1732909201503
1732909201538
1732909201645
1732909201778
1732909201809
1732909201852
1732909201944
1732909202061
1732909202148
1732909202180
1732909202289
1732909202433
1732909202470
1732909202501
1732909202559
1732909202703
1732909202823
1732909202889
1732909202963
1732909203121
1732909203184
1732909203236
1732909203263
1732909203436
1732909203518
1732909203565
1732909203673
1732909203832
1732909203880
1732909203905
1732909203947
1732909204084
1732909204201
1732909204228
1732909204329
1732909204473
1732909204538
1732909204590
1732909204611
1732909204729
1732909204804
1732909204858
1732909204941
1732909205069
1732909205116
1732909205168
1732909205218
1732909205351
1732909205449
1732909205492
1732909205554
1732909205703
1732909205739
1732909205810
1732909205853
1732909205962
1732909206054
1732909206087
1732909206205
1732909206332
1732909206398
1732909206458
1732909206528
1732909206648
1732909206738
1732909206780
1732909206870
1732909207000
1732909207043
1732909207088
1732909207126
1732909207322
1732909207403
1732909207465
1732909207628
1732909207743
1732909207836
1732909207868
1732909207914
1732909208075
1732909208166
1732909208210
1732909208305
1732909208445
1732909208484
1732909208527
1732909208566
1732909208699
1732909208791
1732909208837
1732909208927
1732909209063
1732909209097
1732909209155
1732909209178
1732909209320
1732909209408
1732909209449
1732909209549
1732909209678
1732909209733
1732909209763
1732909209816
1732909209956
1732909210039
1732909210113
1732909210176
1732909210310
1732909210351
1732909210412
1732909210441
1732909210591
1732909210678
1732909210711
1732909210801
1732909210924
1732909210974
1732909211008
1732909211055
1732909211179
1732909211270
1732909211323
1732909211419
1732909211548
1732909211580
1732909211638
1732909211669
1732909211818
1732909211923
1732909212024
1732909212116
1732909212214
1732909212257
1732909212394
1732909212428
1732909212510
1732909212591
1732909212628
1732909212742
1732909212863
1732909212897
1732909212944
1732909212975
1732909213118
1732909213211
1732909213268
1732909213332
1732909213471
1732909213505
1732909213536
1732909213585
1732909213744
1732909213788
1732909213854
1732909213918
1732909214065
1732909214097
1732909214127
1732909214182
1732909214292
1732909214369
1732909214429
1732909214503
1732909214611
1732909214645
1732909214678
1732909214736
1732909214853
1732909214923
1732909214959
1732909215113
1732909215189
1732909215231
1732909215280
1732909215326
1732909215428
1732909215518
1732909215544
1732909215629
1732909215763
1732909215797
1732909215855
1732909215887
1732909215997
1732909216094
1732909216119
1732909216209
1732909216305
1732909216348
1732909216422
1732909216463
1732909216661
1732909216726
1732909216772
1732909216861
1732909217024
1732909217075
1732909217128
1732909217175
1732909217299
1732909217381
1732909217451
1732909217633
1732909217766
1732909217840
1732909217877
1732909217925
1732909218028
1732909218104
1732909218146
1732909218237
1732909218344
1732909218413
1732909218420
1732909218458
1732909218583
1732909218658
1732909218699
1732909218795
1732909218892
1732909218929
1732909218990
1732909219029
1732909219125
1732909219203
1732909219245
1732909219350
1732909219517
1732909219615
1732909219651
1732909219730
1732909219893
1732909220003
1732909220065
1732909220185
1732909220337
1732909220393
1732909220447
1732909220490
1732909220649
1732909220759
1732909220806
1732909220912
1732909221091
1732909221116
1732909221157
1732909221222
1732909221360
1732909221445
1732909221516
1732909221616
1732909221771
1732909221814
1732909221867
1732909221914
1732909222074
1732909222165
1732909222200
1732909222342
1732909222489
1732909222532
1732909222565
1732909222623
1732909222758
1732909222853
1732909222887
1732909223015
1732909223148
1732909223190
1732909223255
1732909223290
1732909223424
1732909223504
1732909223562
1732909223629
1732909224630
1732909224653
1732909224658
1732909224702
1732909225034
1732909225036
1732909225036
1732909225037
1732909225070
1732909225070
1732909225089
1732909225127
1732909225156
1732909225156
1732909225188
1732909225190
1732909225190
1732909225229
1732909225296
1732909225298
1732909225409
1732909225454
1732909225474
1732909225522
1732909225549
1732909225557
1732909225599
1732909225633
1732909225758
1732909225828
1732909225869
1732909225951
1732909226103
1732909226134
1732909226165
1732909226205
1732909226372
1732909226491
1732909226539
1732909226609
1732909226735
1732909226785
1732909226826
1732909226857
1732909227005
1732909227067
1732909227095
1732909227169
1732909227301
1732909227343
1732909227375
1732909227413
1732909227541
1732909227608
1732909227653
1732909227748
1732909227857
1732909227892
1732909227935
1732909227970
1732909228112
1732909228196
1732909228256
1732909228328
1732909228437
1732909228494
1732909228528
1732909228629
1732909228754
1732909228854
1732909228884
1732909228967
1732909229096
1732909229154
1732909229186
1732909229221
1732909229347
1732909229421
1732909229463
1732909229555
1732909229651
1732909229719
1732909229765
1732909229824
1732909229984
1732909230077
1732909230111
1732909230202
1732909230326
1732909230358
1732909230405
1732909230447
1732909230763
1732909230943
1732909231042
1732909231295
1732909231628
1732909231727
1732909231791
1732909231871
1732909232035
1732909232129
1732909232191
1732909232287
1732909232494
1732909232557
1732909232637
1732909232716
1732909232867
1732909232979
1732909233043
1732909233118
1732909233308
1732909233394
1732909233432
1732909233534
1732909233630
1732909233712
1732909233779
1732909233872
1732909234047
1732909234089
1732909234140
1732909234196
1732909234459
1732909234593
1732909234634
1732909234732
1732909234903
1732909234952
1732909235046
1732909235078
1732909235227
1732909235335
1732909235414
1732909235528
1732909235682
1732909235730
1732909235791
1732909235842
1732909235998
1732909236099
1732909236142
1732909236242
1732909236432
1732909236486
1732909236527
1732909236610
1732909236738
1732909236906
1732909236941
1732909237037
1732909237283
1732909237324
1732909237404
1732909237455
1732909237634
1732909237734
1732909237779
1732909237900
1732909238046
1732909238082
1732909238195
1732909238236
1732909238364
1732909238471
1732909238509
1732909238604
1732909238795
1732909238830
1732909238895
1732909238937
1732909239184
1732909239287
1732909239329
1732909239498
1732909239734
1732909239789
1732909239854
1732909239891
1732909240061
1732909240134
1732909240165
1732909240235
1732909240374
1732909240407
1732909240469
1732909240484
1732909240624
1732909240696
1732909240736
1732909240809
1732909240926
1732909240957
1732909241006
1732909241039
1732909241157
1732909241220
1732909241260
1732909241339
1732909241538
1732909241586
1732909241598
1732909241625
1732909241769
1732909241892
1732909241955
1732909242088
1732909242186
1732909242234
1732909242278
1732909242335
1732909242469
1732909242525
1732909242566
1732909242639
1732909242766
1732909242814
1732909242856
1732909242904
1732909243060
1732909243113
1732909243155
1732909243268
1732909243375
1732909243407
1732909243441
1732909243474
1732909243591
1732909243691
1732909243731
1732909243811
1732909243932
1732909243968
1732909244014
1732909244046
1732909244170
1732909244249
1732909244278
1732909244365
1732909244459
1732909244525
1732909244556
1732909244587
1732909244725
1732909244784
1732909244829
1732909244913
1732909245023
1732909245058
1732909245113
1732909245159
1732909245286
1732909245377
1732909245411
1732909245492
1732909245634
1732909245664
1732909245701
1732909245749
1732909245883
1732909245974
1732909245995
1732909246083
1732909246202
1732909246257
1732909246287
1732909246345
1732909246470
1732909246537
1732909246606
1732909246670
1732909246754
1732909246791
1732909246831
1732909246888
1732909247020
1732909247090
1732909247137
1732909247214
1732909247347
1732909247392
1732909247428
1732909247458
1732909247616
1732909247705
1732909247738
1732909247847
1732909247933
1732909248013
1732909248062
1732909248093
1732909248212
1732909248287
1732909248320
1732909248405
1732909248522
1732909248581
1732909248634
1732909248654
1732909248801
1732909248881
1732909248912
1732909249030
1732909249115
1732909249150
1732909249188
1732909249241
1732909249383
1732909249446
1732909249506
1732909249626
1732909249800
1732909249868
1732909249894
1732909249930
1732909250052
1732909250176
1732909250201
1732909250286
1732909250418
1732909250449
1732909250482
1732909250535
1732909250656
1732909250721
1732909250778
1732909250869
1732909250959
1732909250991
1732909251031
1732909251077
1732909251197
1732909251271
1732909251310
1732909251392
1732909251498
1732909251541
1732909251603
1732909251613
1732909251723
1732909251838
1732909251888
1732909252028
1732909252154
1732909252163
1732909252195
1732909252234
1732909252351
1732909252427
1732909252469
1732909252564
1732909252692
1732909252713
1732909252745
1732909252824
1732909252926
1732909252994
1732909253034
1732909253135
1732909253229
1732909253281
1732909253311
1732909253371
1732909253469
1732909253577
1732909253599
1732909253696
1732909253815
1732909253851
1732909253914
1732909253924
1732909254039
1732909254131
1732909254161
1732909254233
1732909254399
1732909254405
1732909254431
1732909254480
1732909254594
1732909254685
1732909254764
1732909254875
1732909254960
1732909255006
1732909255037
1732909255092
1732909255183
1732909255272
1732909255315
1732909255387
1732909255508
1732909255536
1732909255569
1732909255619
1732909255742
1732909255820
1732909255867
1732909255940
1732909256063
1732909256101
1732909256142
1732909256188
1732909256326
1732909256411
1732909256430
1732909256510
1732909256636
1732909256666
1732909256698
1732909256741
1732909256915
1732909256964
1732909256995
1732909257088
1732909257193
1732909257238
1732909257277
1732909257334
1732909257456
1732909257534
1732909257566
1732909257657
1732909257769
1732909257798
1732909257848
1732909257932
1732909258042
1732909258102
1732909258141
1732909258244
1732909258339
1732909258371
1732909258425
1732909258459
1732909258577
1732909258664
1732909258720
1732909258789
1732909258911
1732909258954
1732909259002
1732909259054
1732909259157
1732909259233
1732909259289
1732909259385
1732909259477
1732909259517
1732909259555
1732909259599
1732909259715
1732909259795
1732909259838
1732909259908
1732909260054
1732909260098
1732909260156
1732909260193
1732909260301
1732909260366
1732909260401
1732909260481
1732909260599
1732909260643
1732909260681
1732909260720
1732909260845
1732909260946
1732909260980
1732909261057
1732909261160
1732909261203
1732909261246
1732909261317
1732909261461
1732909261533
1732909261598
1732909261693
1732909261837
1732909261878
1732909261913
1732909261951
1732909262088
1732909262214
1732909262264
1732909262324
1732909262473
1732909262510
1732909262621
1732909262630
1732909262749
1732909262834
1732909262865
1732909262954
1732909263071
1732909263120
1732909263151
1732909263224
1732909263346
1732909263414
1732909263447
1732909263522
1732909263633
1732909263665
1732909263703
1732909263741
1732909263869
1732909263947
1732909264015
1732909264078
1732909264246
1732909264311
1732909264368
1732909264417
1732909264560
1732909264643
1732909264664
1732909264744
1732909264862
1732909264904
1732909264951
1732909264991
1732909265102
1732909265197
1732909265241
1732909265308
1732909265434
1732909265467
1732909265500
1732909265565
1732909265674
1732909265735
1732909265782
1732909265854
1732909265987
1732909266016
1732909266048
1732909266114
1732909266235
1732909266323
1732909266357
1732909266459
1732909266546
1732909266594
1732909266639
1732909266687
1732909266814
1732909266881
1732909266944
1732909267016
1732909267134
1732909267167
1732909267216
1732909267249
1732909267352
1732909267436
1732909267469
1732909267549
1732909267685
1732909267724
1732909267747
1732909267788
1732909267926
1732909268009
1732909268029
1732909268133
1732909268245
1732909268265
1732909268344
1732909268373
1732909268468
1732909268596
1732909268652
1732909268853
1732909269115
1732909269167
1732909269224
1732909269317
1732909269520
1732909269633
1732909269684
1732909269756
1732909269894
1732909269926
1732909269991
1732909270019
1732909270146
1732909270222
1732909270269
1732909270372
1732909270471
1732909270525
1732909270574
1732909270662
1732909270897
1732909271054
1732909271145
1732909271272
1732909271448
1732909271502
1732909271541
1732909271606
1732909271757
1732909271876
1732909271905
1732909272036
1732909272158
1732909272189
1732909272281
1732909272319
1732909272485
1732909272579
1732909272627
1732909272785
1732909272911
1732909272974
1732909273068
1732909273111
1732909273301
1732909273367
1732909273423
1732909273529
1732909273659
1732909273697
1732909273732
1732909273817
1732909273941
1732909274033
1732909274097
1732909274170
1732909274350
1732909274393
1732909274428
1732909274492
1732909274644
1732909274745
1732909274800
1732909274947
1732909275134
1732909275156
1732909275247
1732909275265
1732909275408
1732909275503
1732909275557
1732909275670
1732909275863
1732909275915
1732909275929
1732909275973
1732909276125
1732909276235
1732909276264
1732909276391
1732909276515
1732909276553
1732909276609
1732909276656
1732909276798
1732909276923
1732909276963
1732909277044
1732909277214
1732909277249
1732909277311
1732909277346
1732909277499
1732909277666
1732909277709
1732909277819
1732909277979
1732909278032
1732909278072
1732909278130
1732909278292
1732909278398
1732909278481
1732909278552
1732909278695
1732909278734
1732909278783
1732909278832
1732909279044
1732909279096
1732909279181
1732909279266
1732909279437
1732909279485
1732909279553
1732909279646
1732909279854
1732909280056
1732909280078
1732909280217
1732909280355
1732909280465
1732909280484
1732909280563
1732909280803
1732909280854
1732909280884
1732909280997
1732909281102
1732909281175
1732909281191
1732909281261
1732909281384
1732909281525
1732909281589
1732909281665
1732909281804
1732909281846
1732909281900
1732909281935
1732909282068
1732909282215
1732909282237
1732909282339
1732909282507
1732909282573
1732909282598
1732909282663
1732909282778
1732909282905
1732909282920
1732909283098
1732909283270
1732909283333
1732909283393
1732909283445
1732909283574
1732909283737
1732909283748
1732909283914
1732909284049
1732909284079
1732909284108
1732909284139
1732909284268
1732909284366
1732909284398
1732909284520
1732909284661
1732909284707
1732909284736
1732909284759
1732909284900
1732909284989
1732909285037
1732909285137
1732909285256
1732909285303
1732909285351
1732909285410
1732909285524
1732909285616
1732909285655
1732909285750
1732909285888
1732909285932
1732909285999
1732909286009
1732909286134
1732909286224
1732909286268
1732909286353
1732909286521
1732909286583
1732909286615
1732909286665
1732909286825
1732909286924
1732909286974
1732909287045
1732909287189
1732909287224
1732909287269
1732909287323
1732909287471
1732909287615
1732909287650
1732909287747
1732909287824
1732909287876
1732909287923
1732909287973
1732909288133
1732909288187
1732909288242
1732909288341
1732909288458
1732909288492
1732909288546
1732909288589
1732909288696
1732909288769
1732909288801
1732909288860
1732909288962
1732909288988
1732909289026
1732909289059
1732909289183
1732909289219
1732909289257
1732909289362
1732909289488
1732909289543
1732909289585
1732909289631
1732909289749
1732909289830
1732909289856
1732909289932
1732909290037
1732909290069
1732909290100
1732909290130
1732909290252
1732909290319
1732909290372
1732909290436
1732909290511
1732909290541
1732909290571
1732909290601
1732909290704
1732909290767
1732909290794
1732909290880
1732909290964
1732909291004
1732909291023
1732909291075
1732909291189
1732909291257
1732909291288
1732909291356
1732909291474
1732909291506
1732909291563
1732909291597
1732909291809
1732909291904
1732909291964
1732909292028
1732909292183
1732909292212
1732909292304
1732909292374
1732909292454
1732909292512
1732909292554
1732909292614
1732909292746
1732909292756
1732909292822
1732909292830
1732909292952
1732909293020
1732909293058
1732909293126
1732909293236
1732909293267
1732909293300
1732909293365
1732909293454
1732909293509
1732909293571
1732909293645
1732909293779
1732909293830
1732909293856
1732909293903
1732909294044
1732909294121
1732909294171
1732909294233
1732909294326
1732909294365
1732909294395
1732909294433
1732909294515
1732909294576
1732909294606
1732909294674
1732909294760
1732909294796
1732909294831
1732909294880
1732909294969
1732909295043
1732909295057
1732909295132
1732909295207
1732909295251
1732909295276
1732909295318
1732909295461
1732909295526
1732909295546
1732909295594
1732909295657
1732909295692
1732909295735
1732909295768
1732909295889
1732909295964
1732909295990
1732909296057
1732909296172
1732909296207
1732909296235
1732909296267
1732909296348
1732909296407
1732909296437
1732909296497
1732909296591
1732909296626
1732909296652
1732909296691
1732909296832
1732909296935
1732909296957
1732909297034
1732909297119
1732909297157
1732909297203
1732909297243
1732909297348
1732909297433
1732909297470
1732909297541
1732909297657
1732909297684
1732909297720
1732909297759
1732909297862
1732909297932
1732909297983
1732909298028
1732909298138
1732909298182
1732909298219
1732909298246
1732909298349
1732909298426
1732909298469
1732909298580
1732909298689
1732909298712
1732909298769
1732909298794
1732909298924
1732909298995
1732909299032
1732909299098
1732909299220
1732909299259
1732909299290
1732909299368
1732909299454
1732909299543
1732909299571
1732909299656
1732909299766
1732909299808
1732909299856
1732909299918
1732909299998
1732909300064
1732909300106
1732909300188
1732909300304
1732909300327
1732909300362
1732909300401
1732909300541
1732909300590
1732909300642
1732909300726
1732909300848
1732909300902
1732909300932
1732909300971
1732909301284
1732909301397
1732909301495
1732909301643
1732909301839
1732909301856
1732909301899
1732909301975
1732909302108
1732909302335
1732909302344
1732909302391
1732909302559
1732909302589
1732909302689
1732909302698
1732909302807
1732909302926
1732909302977
1732909303057
1732909303213
1732909303264
1732909303277
1732909303317
1732909303439
1732909303524
1732909303562
1732909303643
1732909303774
1732909303819
1732909303886
1732909303943
1732909304110
1732909304207
1732909304248
1732909304310
1732909304552
1732909304684
1732909304776
1732909304842
1732909305153
1732909305178
1732909305262
1732909305446
1732909305627
1732909305681
1732909305736
1732909305805
1732909306003
1732909306072
1732909306112
1732909306212
1732909306365
1732909306429
1732909306468
1732909306523
1732909306663
1732909306799
1732909306877
1732909307038
1732909307177
1732909307235
1732909307314
1732909307358
1732909307532
1732909307647
1732909307698
1732909307870
1732909308084
1732909308090
1732909308143
1732909308187
1732909308349
1732909308447
1732909308484
1732909308620
1732909308801
1732909308828
1732909308860
1732909308901
1732909309043
1732909309128
1732909309168
1732909309264
1732909309384
1732909309411
1732909309447
1732909309561
1732909309685
1732909309784
1732909309885
1732909309996
1732909310163
1732909310204
1732909310253
1732909310283
1732909310412
1732909310463
1732909310560
1732909310718
1732909310934
1732909310975
1732909311030
1732909311089
1732909311313
1732909311605
1732909311698
1732909311898
1732909312176
1732909312202
1732909312303
1732909312340
1732909312597
1732909312737
1732909312810
1732909312938
1732909313102
1732909313134
1732909313193
1732909313262
1732909313416
1732909313526
1732909313665
1732909313805
1732909314053
1732909314055
1732909314055
1732909314157
1732909314247
1732909314360
1732909314415
1732909314547
1732909314753
1732909314779
1732909314844
1732909314893
1732909315091
1732909315191
1732909315222
1732909315366
1732909315552
1732909315619
1732909315625
1732909315687
1732909315819
1732909315911
1732909315962
1732909316057
1732909316274
1732909316302
1732909316351
1732909316386
1732909316532
1732909316634
1732909316676
1732909316800
1732909316967
1732909316976
1732909317068
1732909317077
1732909317241
1732909317308
1732909317351
1732909317447
1732909317588
1732909317628
1732909317693
1732909317752
1732909317919
1732909318004
1732909318045
1732909318162
1732909318310
1732909318358
1732909318401
1732909318447
1732909318623
1732909318728
1732909318775
1732909318840
1732909319073
1732909319078
1732909319102
1732909319141
1732909319307
1732909319426
1732909319461
1732909319567
1732909319709
1732909319749
1732909319796
1732909319851
1732909319992
1732909320121
1732909320162
1732909320282
1732909320417
1732909320461
1732909320527
1732909320558
1732909320729
1732909320838
1732909320917
1732909320997
1732909321141
1732909321221
1732909321252
1732909321302
1732909321425
1732909321536
1732909321574
1732909321686
1732909321883
1732909321921
1732909321964
1732909322006
1732909322159
1732909322385
1732909322426
1732909322489
1732909322656
1732909322710
1732909322741
1732909322797
1732909322947
1732909323033
1732909323086
